# Number of control cameras to place = 50 (includes 50 opportunistic sightings + 0 placed randomly)
185835, 9789446
190580, 9787480
182772, 9786091
182050, 9788633
179158, 9794795
187877, 9796933
188115, 9797853
179710, 9790448
185990, 9787456
182931, 9783651
183075, 9792651
186398, 9788566
189070, 9793620
180766, 9782559
181034, 9786264
187754, 9784695
189097, 9786802
186446, 9796829
186572, 9783420
180112, 9793970
190499, 9788041
189469, 9782208
182017, 9793443
189162, 9785433
187905, 9793612
186044, 9787081
187895, 9795567
181067, 9789928
188333, 9790318
183927, 9790566
178348, 9798176
183261, 9798267
182756, 9797323
181373, 9791440
182070, 9789272
186989, 9796819
185321, 9795894
189088, 9793220
178622, 9795256
187359, 9783682
188617, 9783541
182037, 9787549
185390, 9783197
178982, 9787935
180715, 9786445
183896, 9794822
189802, 9792254
181959, 9790897
189387, 9795418
180186, 9796970
