# Number of control cameras to place = 50 (includes 50 opportunistic sightings + 0 placed randomly)
188441, 9774779
185295, 9781096
185861, 9775116
178315, 9795742
182968, 9778574
190172, 9782157
180417, 9777636
188844, 9777709
188850, 9771919
183433, 9780738
183982, 9783643
190656, 9787375
178898, 9780194
186050, 9775267
178043, 9793389
179946, 9773873
182298, 9781485
186827, 9771738
188507, 9780370
180312, 9784689
188507, 9774580
180215, 9778371
181281, 9793307
183625, 9776682
180467, 9776211
181330, 9792325
188599, 9795304
184492, 9776662
183308, 9786482
189047, 9793115
186749, 9789793
181832, 9785578
179681, 9786213
177749, 9793792
186116, 9788668
178448, 9787037
187016, 9779487
181514, 9781535
180757, 9786299
181211, 9791226
184466, 9774726
186941, 9791348
188000, 9783433
185557, 9779392
188960, 9776034
182437, 9783077
189000, 9780103
181455, 9789042
179615, 9786121
189359, 9776404
