# Number of control cameras to place = 50 (includes 50 opportunistic sightings + 0 placed randomly)
186143, 9772897
179720, 9785721
188721, 9776895
179755, 9776520
180755, 9787064
190033, 9789642
180163, 9776303
187261, 9792413
187748, 9786261
184457, 9774790
190371, 9782951
181544, 9775893
181119, 9793987
179275, 9775332
179531, 9773761
184013, 9786136
189395, 9782083
177959, 9777931
188686, 9775151
183724, 9781662
188252, 9785238
190384, 9795935
181519, 9781594
178974, 9785090
185091, 9792472
185774, 9794251
178508, 9780655
189074, 9787153
185856, 9795000
179440, 9772018
181765, 9788092
177814, 9773251
189585, 9791504
181784, 9780086
184527, 9786583
178892, 9784411
178486, 9791624
185070, 9772580
178352, 9779567
187370, 9778596
187546, 9790556
179872, 9778914
179327, 9782166
190706, 9786276
183125, 9794463
185973, 9786287
188718, 9783095
178807, 9773774
183295, 9788702
182051, 9785816
