# Actual number of control cameras to place = 50
178007, 9782722
178007, 9783958
178007, 9785846
178007, 9787622
178007, 9789704
178007, 9792273
178007, 9792669
178007, 9794771
178007, 9797064
178007, 9798539
180609, 9782722
180609, 9783958
180609, 9785846
180609, 9787622
180609, 9789704
180609, 9792273
180609, 9792669
180609, 9794771
180609, 9797064
180609, 9798539
184306, 9782722
184306, 9783958
184306, 9785846
184306, 9787622
184306, 9789704
184306, 9792273
184306, 9792669
184306, 9794771
184306, 9797064
184306, 9798539
187675, 9782722
187675, 9783958
187675, 9785846
187675, 9787622
187675, 9789704
187675, 9792273
187675, 9792669
187675, 9794771
187675, 9797064
187675, 9798539
190120, 9782722
190120, 9783958
190120, 9785846
190120, 9787622
190120, 9789704
190120, 9792273
190120, 9792669
190120, 9794771
190120, 9797064
190120, 9798539
