# Actual number of control cameras to place = 50
177796, 9782334
177796, 9784548
177796, 9786418
177796, 9788273
177796, 9789682
177796, 9792048
177796, 9793405
177796, 9795164
177796, 9797042
177796, 9798323
181655, 9782334
181655, 9784548
181655, 9786418
181655, 9788273
181655, 9789682
181655, 9792048
181655, 9793405
181655, 9795164
181655, 9797042
181655, 9798323
184286, 9782334
184286, 9784548
184286, 9786418
184286, 9788273
184286, 9789682
184286, 9792048
184286, 9793405
184286, 9795164
184286, 9797042
184286, 9798323
187402, 9782334
187402, 9784548
187402, 9786418
187402, 9788273
187402, 9789682
187402, 9792048
187402, 9793405
187402, 9795164
187402, 9797042
187402, 9798323
189405, 9782334
189405, 9784548
189405, 9786418
189405, 9788273
189405, 9789682
189405, 9792048
189405, 9793405
189405, 9795164
189405, 9797042
189405, 9798323
