# Number of control cameras to place = 50 (includes 50 opportunistic sightings + 0 placed randomly)
178972, 9798019
181646, 9798487
179169, 9785627
178931, 9791213
181605, 9788758
185150, 9794727
181923, 9784907
178046, 9784483
189514, 9788568
185522, 9782392
178205, 9787986
179023, 9790124
184051, 9789293
190696, 9795030
183441, 9790380
187149, 9793119
183896, 9787468
186680, 9787021
186830, 9788742
180645, 9782429
178749, 9792680
186939, 9786331
185961, 9793049
183634, 9792307
185886, 9796464
181215, 9783438
183390, 9796815
184549, 9798951
186387, 9796425
186453, 9784884
182323, 9792070
189346, 9783360
182850, 9793664
188055, 9794298
183601, 9783670
178575, 9798734
184929, 9795181
189075, 9783390
182930, 9788000
190441, 9798124
183407, 9783022
179020, 9788317
186329, 9782221
189947, 9785896
188127, 9798385
184825, 9798879
182683, 9784259
181506, 9786661
187194, 9792412
189138, 9790390
