# Number of control cameras to place = 54 (includes 5 opportunistic sightings + 49 placed randomly)
185465, 9792314
180392, 9789000
185522, 9792533
183051, 9788621
182921, 9791182
184739, 9784626
189693, 9796941
180644, 9787184
178875, 9783195
189911, 9792280
188360, 9784458
187059, 9785225
186813, 9784837
183749, 9795519
187642, 9787313
181254, 9796104
183633, 9788459
189629, 9782598
186822, 9798120
178009, 9783896
183285, 9785330
187511, 9796691
178837, 9791110
186303, 9783515
188226, 9785746
187972, 9787207
177805, 9794641
184117, 9782923
186872, 9790026
187134, 9782184
185430, 9790371
178606, 9782952
183237, 9792332
182773, 9783516
180102, 9795629
180201, 9797538
190335, 9783372
189587, 9783862
189167, 9794154
178604, 9793737
190692, 9797040
178236, 9786038
184197, 9787218
185335, 9784123
185868, 9798726
190302, 9785057
182588, 9789749
190286, 9792025
178804, 9788780
188622, 9795194
184960, 9795736
185826, 9797783
186925, 9798031
185061, 9790846
