# Number of control cameras to place = 54 (includes 7 opportunistic sightings + 47 placed randomly)
185365, 9791678
185097, 9785025
185665, 9785386
182795, 9791430
185367, 9791679
185366, 9791680
185785, 9788997
178407, 9783555
180978, 9787530
180940, 9785249
186189, 9785084
185142, 9789880
189587, 9788112
188454, 9783667
185826, 9787855
178959, 9796875
189953, 9790894
180562, 9785870
178964, 9791168
189556, 9784755
179525, 9789231
180216, 9793557
190665, 9791801
181694, 9796476
190710, 9796595
184047, 9783609
181072, 9794447
178309, 9791429
180190, 9787607
182876, 9786571
183802, 9788963
179871, 9784797
179938, 9797169
187778, 9791256
185908, 9786714
184112, 9789437
184345, 9791834
181340, 9786940
178082, 9796585
189412, 9789320
186863, 9785232
180516, 9796387
189957, 9794917
185548, 9782559
183838, 9791676
190262, 9788441
183080, 9784586
189512, 9788418
189259, 9783205
179717, 9787181
181408, 9785260
187837, 9791871
182115, 9792542
186188, 9796526
