# Number of control cameras to place = 54 (includes 54 opportunistic sightings + 0 placed randomly)
179908, 9789311
174658, 9778723
177200, 9784034
176061, 9781336
175825, 9775430
177623, 9781763
179062, 9780502
174119, 9779835
179165, 9779125
178174, 9782926
179334, 9776670
177882, 9789379
180014, 9789355
175096, 9781653
178975, 9780321
180031, 9782960
177731, 9784680
175057, 9775340
179657, 9776590
175858, 9782891
177419, 9781709
177314, 9783473
175797, 9777281
177229, 9778703
174590, 9785151
177786, 9782678
174770, 9788653
179905, 9788317
176819, 9776330
174171, 9775157
177534, 9780786
179232, 9783526
176310, 9776124
177521, 9775352
180060, 9790417
177619, 9783410
178706, 9776408
178337, 9783644
177802, 9786715
178456, 9789918
175509, 9782608
174835, 9781602
174271, 9789732
178440, 9782742
176991, 9776115
178472, 9790371
175937, 9780146
173948, 9787735
176223, 9781996
179428, 9779439
180052, 9774462
177100, 9779309
179578, 9780226
180023, 9775904
