# Actual number of control cameras to place = 50
177909, 9783557
177909, 9784416
177909, 9786605
177909, 9788716
177909, 9790106
177909, 9792282
177909, 9793925
177909, 9795306
177909, 9796630
177909, 9798887
180761, 9783557
180761, 9784416
180761, 9786605
180761, 9788716
180761, 9790106
180761, 9792282
180761, 9793925
180761, 9795306
180761, 9796630
180761, 9798887
184403, 9783557
184403, 9784416
184403, 9786605
184403, 9788716
184403, 9790106
184403, 9792282
184403, 9793925
184403, 9795306
184403, 9796630
184403, 9798887
186320, 9783557
186320, 9784416
186320, 9786605
186320, 9788716
186320, 9790106
186320, 9792282
186320, 9793925
186320, 9795306
186320, 9796630
186320, 9798887
188829, 9783557
188829, 9784416
188829, 9786605
188829, 9788716
188829, 9790106
188829, 9792282
188829, 9793925
188829, 9795306
188829, 9796630
188829, 9798887
