# Actual number of control cameras to place = 50
179802, 9783172
179802, 9784829
179802, 9786034
179802, 9788099
179802, 9789491
179802, 9791398
179802, 9793030
179802, 9795432
179802, 9796173
179802, 9798681
180437, 9783172
180437, 9784829
180437, 9786034
180437, 9788099
180437, 9789491
180437, 9791398
180437, 9793030
180437, 9795432
180437, 9796173
180437, 9798681
184981, 9783172
184981, 9784829
184981, 9786034
184981, 9788099
184981, 9789491
184981, 9791398
184981, 9793030
184981, 9795432
184981, 9796173
184981, 9798681
186731, 9783172
186731, 9784829
186731, 9786034
186731, 9788099
186731, 9789491
186731, 9791398
186731, 9793030
186731, 9795432
186731, 9796173
186731, 9798681
190559, 9783172
190559, 9784829
190559, 9786034
190559, 9788099
190559, 9789491
190559, 9791398
190559, 9793030
190559, 9795432
190559, 9796173
190559, 9798681
