# Number of control cameras to place = 54 (includes 54 opportunistic sightings + 0 placed randomly)
176969, 9784331
176378, 9781355
174354, 9782833
176050, 9778036
174476, 9783581
177463, 9784628
177262, 9787698
171273, 9780708
171339, 9778488
171837, 9778964
172019, 9786862
173010, 9782066
176246, 9785750
175533, 9780654
171709, 9788143
176559, 9779800
174554, 9787831
171755, 9781844
174550, 9780373
177547, 9780111
171565, 9784716
177504, 9780941
176746, 9788447
175211, 9784239
174475, 9785436
172160, 9777166
174151, 9778698
175507, 9782076
171346, 9780164
170996, 9779959
175779, 9777947
171617, 9786227
174137, 9779419
176625, 9777744
171694, 9777118
174454, 9779108
176908, 9784843
174754, 9783497
175811, 9780863
174375, 9787834
173809, 9779031
171593, 9778115
173890, 9783986
176243, 9781494
177425, 9779126
176680, 9780952
174080, 9781924
171221, 9786539
177032, 9779936
174565, 9787987
172144, 9782689
171079, 9788372
173194, 9783438
174753, 9777646
