# Number of control cameras to place = 54 (includes 54 opportunistic sightings + 0 placed randomly)
175468, 9785503
173084, 9785093
177065, 9782939
172565, 9787209
174230, 9779711
171259, 9777558
175403, 9779126
172180, 9787205
171090, 9780465
174830, 9776804
176582, 9785897
176152, 9785778
177341, 9777529
175999, 9786633
175579, 9785516
175395, 9784872
172595, 9787805
173690, 9784447
173378, 9780236
176772, 9786223
176842, 9776984
176419, 9781937
173324, 9784239
176494, 9787637
176356, 9784633
174396, 9781068
171655, 9784582
176952, 9779757
173576, 9777998
172836, 9787252
176143, 9776892
175052, 9786274
174519, 9781118
170859, 9782144
177364, 9788487
174486, 9778607
173779, 9781848
177372, 9783373
177018, 9781632
174982, 9777583
176118, 9786863
175677, 9785629
171342, 9776939
177338, 9779808
171695, 9779532
175017, 9785626
171756, 9782166
173124, 9788551
176065, 9788208
175330, 9779989
175183, 9782298
173825, 9784413
171239, 9787000
171230, 9777078
