# Number of control cameras to place = 50 (includes 0 opportunistic sightings + 50 placed randomly)
186096, 9787009
182449, 9784283
185876, 9791775
184555, 9796504
184933, 9797887
182567, 9796902
183653, 9794466
179999, 9792519
188178, 9791311
187645, 9794973
188957, 9795476
188958, 9795155
187235, 9789830
186765, 9786421
184681, 9783199
187958, 9793431
181315, 9799163
186480, 9787899
178639, 9790192
180782, 9797977
178364, 9796587
180541, 9784340
188548, 9784599
180360, 9793722
187321, 9799015
183185, 9782374
184752, 9782155
178839, 9797939
187925, 9794479
186829, 9798639
185767, 9788532
179052, 9790479
182364, 9794291
182317, 9787905
189214, 9793836
177912, 9788848
180385, 9794792
187175, 9782404
178397, 9793207
184892, 9791137
179790, 9792098
190231, 9789749
178535, 9790585
180621, 9786421
180578, 9782774
187568, 9786870
180378, 9786017
181455, 9792900
190660, 9792633
189299, 9796988
