# Number of control cameras to place = 50 (includes 1 opportunistic sightings + 49 placed randomly)
177811, 9785074
190020, 9797242
178145, 9796035
179264, 9793170
184442, 9792892
181588, 9783599
183282, 9795388
178869, 9792135
177846, 9783196
184260, 9792065
182089, 9794507
179999, 9783767
183667, 9786048
178890, 9788069
180470, 9784843
180157, 9790760
185498, 9792486
188951, 9790649
180623, 9787388
180407, 9795278
178716, 9797093
187066, 9785593
182678, 9787612
187642, 9798438
180746, 9784438
185593, 9797545
186475, 9792995
190319, 9789302
185084, 9792695
189614, 9798755
184964, 9798249
182220, 9788288
183324, 9784659
182354, 9791198
189262, 9782130
189655, 9783042
185767, 9784288
178837, 9785698
181246, 9788074
187229, 9788948
187916, 9784715
182914, 9798502
188761, 9783746
183262, 9791193
187072, 9787929
185602, 9792418
186251, 9782522
178516, 9785529
186316, 9782773
187620, 9788116
