# Number of control cameras to place = 54 (includes 0 opportunistic sightings + 54 placed randomly)
176077, 9782689
174966, 9782699
176363, 9778895
171107, 9781224
171589, 9781958
175109, 9782389
174077, 9785868
176655, 9785737
174654, 9779128
173921, 9781656
176676, 9783795
171794, 9783855
173305, 9788314
177230, 9783208
176078, 9781625
174042, 9784714
173158, 9776862
174817, 9787062
172631, 9780523
172342, 9778160
171603, 9786024
171609, 9788236
174354, 9785801
174887, 9788167
172660, 9782542
176985, 9777172
177006, 9781607
176348, 9782614
173833, 9788268
174991, 9784758
176420, 9777846
174442, 9785119
170850, 9782975
172596, 9786072
171243, 9780047
173894, 9785652
171597, 9784835
172983, 9783585
171394, 9784161
177599, 9782516
174390, 9780619
177574, 9776921
177072, 9781061
177003, 9783875
174732, 9779602
177635, 9787070
174449, 9786855
171066, 9781051
173053, 9777191
174888, 9788634
171881, 9781553
176861, 9783226
173852, 9779836
173747, 9780996
