# Actual number of control cameras to place = 50
178297, 9782893
178297, 9784700
178297, 9786622
178297, 9787635
178297, 9790309
178297, 9791239
178297, 9793853
178297, 9794487
178297, 9796904
178297, 9798775
181278, 9782893
181278, 9784700
181278, 9786622
181278, 9787635
181278, 9790309
181278, 9791239
181278, 9793853
181278, 9794487
181278, 9796904
181278, 9798775
183337, 9782893
183337, 9784700
183337, 9786622
183337, 9787635
183337, 9790309
183337, 9791239
183337, 9793853
183337, 9794487
183337, 9796904
183337, 9798775
185823, 9782893
185823, 9784700
185823, 9786622
185823, 9787635
185823, 9790309
185823, 9791239
185823, 9793853
185823, 9794487
185823, 9796904
185823, 9798775
189390, 9782893
189390, 9784700
189390, 9786622
189390, 9787635
189390, 9790309
189390, 9791239
189390, 9793853
189390, 9794487
189390, 9796904
189390, 9798775
