# Number of control cameras to place = 50 (includes 50 opportunistic sightings + 0 placed randomly)
183821, 9788162
187952, 9787876
189157, 9782732
179538, 9794375
185741, 9795952
182526, 9790442
180416, 9789157
189029, 9795796
181800, 9790063
178530, 9791890
185449, 9788581
184108, 9789341
182594, 9788370
178339, 9791112
182724, 9796322
182104, 9794466
187477, 9788884
177959, 9798070
182610, 9797177
177875, 9788508
182536, 9794304
185916, 9786854
181472, 9796329
184330, 9796126
185773, 9787544
182985, 9787207
177760, 9791012
185443, 9791122
178429, 9789605
188383, 9797206
181085, 9793843
181741, 9790737
189850, 9783636
189457, 9787702
183632, 9790939
190030, 9782121
183069, 9796388
185007, 9782545
182678, 9789057
178074, 9793007
182230, 9782921
187570, 9788560
189109, 9798628
187095, 9785899
184638, 9795937
187095, 9782599
190313, 9787894
182565, 9795093
181117, 9795799
183815, 9795933
