# Number of control cameras to place = 50 (includes 50 opportunistic sightings + 0 placed randomly)
185219, 9782452
186213, 9796011
179805, 9795602
190419, 9795405
189254, 9784973
183741, 9798688
186002, 9793941
182880, 9784136
185550, 9787407
187675, 9785122
179713, 9784549
183630, 9798313
184429, 9794540
190492, 9782830
185726, 9788589
185886, 9794723
183633, 9796474
183382, 9786661
189958, 9793008
190076, 9790498
183857, 9797346
181087, 9789165
181666, 9787885
178950, 9793949
182394, 9790001
179063, 9786717
182665, 9788835
182256, 9787666
183132, 9785079
178062, 9798309
184627, 9785189
186108, 9792275
184320, 9799007
186789, 9787658
183885, 9784955
180197, 9793426
185115, 9797469
177854, 9785232
187059, 9796264
182605, 9784856
183307, 9784956
184540, 9784857
188751, 9783274
185167, 9788087
187799, 9787030
186106, 9784230
183263, 9793725
188481, 9784268
183849, 9783007
181694, 9789033
