# Number of control cameras to place = 50 (includes 50 opportunistic sightings + 0 placed randomly)
188940, 9795155
187065, 9792163
188403, 9784778
188325, 9787072
186006, 9793194
183639, 9795296
181095, 9796736
182150, 9790390
182031, 9790860
184702, 9792827
188253, 9798311
181097, 9789434
185135, 9783401
186760, 9785559
187006, 9797532
182242, 9786232
184631, 9797838
184039, 9793265
188084, 9786084
182983, 9792665
178589, 9782586
188882, 9783861
181238, 9783247
185838, 9794803
182232, 9782612
188575, 9784525
178676, 9782760
185164, 9786532
183274, 9793981
183480, 9796732
184102, 9794188
180582, 9782170
187002, 9795333
184108, 9792386
183378, 9784469
182902, 9796111
178916, 9793154
183332, 9786003
188719, 9797116
180006, 9784272
189819, 9793179
187160, 9799022
182520, 9798909
177735, 9783049
178669, 9796628
189816, 9783205
183981, 9792005
177968, 9790186
183824, 9788008
181777, 9782217
