# Number of control cameras to place = 50 (includes 50 opportunistic sightings + 0 placed randomly)
186060, 9796126
184728, 9782530
184874, 9793922
181672, 9785297
179912, 9791002
179339, 9791591
177784, 9791698
185127, 9784451
181757, 9790788
180010, 9792145
181622, 9791692
185206, 9790483
181619, 9784227
186717, 9790708
178923, 9797715
189186, 9785909
178734, 9789357
188383, 9798843
186993, 9795900
188387, 9787566
187728, 9792848
186767, 9783404
179155, 9793202
184588, 9787468
189760, 9786770
180149, 9790217
178282, 9785644
187683, 9782885
180570, 9782449
185557, 9794208
181386, 9787200
187552, 9786507
182540, 9788313
182057, 9792717
184315, 9795775
189250, 9788005
189299, 9787317
188603, 9782121
182496, 9786502
189286, 9789585
178247, 9790708
178147, 9787506
183578, 9789747
185248, 9786719
182776, 9793999
183903, 9798403
187966, 9787459
183863, 9785405
190132, 9797149
186372, 9795025
