# Number of control cameras to place = 50 (includes 50 opportunistic sightings + 0 placed randomly)
184707, 9792104
180665, 9784733
182648, 9795554
180167, 9786007
184689, 9794063
189213, 9790543
189268, 9785567
180163, 9796241
183780, 9787686
188457, 9794989
186681, 9794043
185104, 9793807
186485, 9787096
187386, 9787209
179319, 9786142
188093, 9797449
187284, 9790443
181985, 9786077
185188, 9797777
181799, 9797716
179443, 9787321
178706, 9791689
183020, 9786415
181767, 9796642
179986, 9793776
182566, 9790803
180594, 9789639
177857, 9798363
179119, 9788903
187378, 9789319
186603, 9793904
178784, 9785395
184595, 9793577
189067, 9796851
181860, 9794443
177967, 9786672
184894, 9796043
189690, 9793501
181403, 9796944
180327, 9797943
182898, 9794517
188734, 9784673
179262, 9799285
188554, 9787877
183679, 9788980
177986, 9795263
181827, 9794304
180304, 9789783
183456, 9785481
189404, 9791050
