# Actual number of control cameras to place = 45
178644, 9783342
178644, 9785630
178644, 9786658
178644, 9788850
178644, 9789980
178644, 9792219
178644, 9793901
178644, 9796261
178644, 9799114
182705, 9783342
182705, 9785630
182705, 9786658
182705, 9788850
182705, 9789980
182705, 9792219
182705, 9793901
182705, 9796261
182705, 9799114
183374, 9783342
183374, 9785630
183374, 9786658
183374, 9788850
183374, 9789980
183374, 9792219
183374, 9793901
183374, 9796261
183374, 9799114
186837, 9783342
186837, 9785630
186837, 9786658
186837, 9788850
186837, 9789980
186837, 9792219
186837, 9793901
186837, 9796261
186837, 9799114
189662, 9783342
189662, 9785630
189662, 9786658
189662, 9788850
189662, 9789980
189662, 9792219
189662, 9793901
189662, 9796261
189662, 9799114
