# Actual number of control cameras to place = 50
178311, 9782223
178311, 9784567
178311, 9787072
178311, 9788497
178311, 9789913
178311, 9792012
178311, 9792703
178311, 9794935
178311, 9797064
178311, 9798302
181318, 9782223
181318, 9784567
181318, 9787072
181318, 9788497
181318, 9789913
181318, 9792012
181318, 9792703
181318, 9794935
181318, 9797064
181318, 9798302
183214, 9782223
183214, 9784567
183214, 9787072
183214, 9788497
183214, 9789913
183214, 9792012
183214, 9792703
183214, 9794935
183214, 9797064
183214, 9798302
187284, 9782223
187284, 9784567
187284, 9787072
187284, 9788497
187284, 9789913
187284, 9792012
187284, 9792703
187284, 9794935
187284, 9797064
187284, 9798302
190338, 9782223
190338, 9784567
190338, 9787072
190338, 9788497
190338, 9789913
190338, 9792012
190338, 9792703
190338, 9794935
190338, 9797064
190338, 9798302
