# Actual number of control cameras to place = 50
177952, 9782346
177952, 9784801
177952, 9785759
177952, 9788147
177952, 9789131
177952, 9791233
177952, 9792694
177952, 9794887
177952, 9796851
177952, 9798017
180893, 9782346
180893, 9784801
180893, 9785759
180893, 9788147
180893, 9789131
180893, 9791233
180893, 9792694
180893, 9794887
180893, 9796851
180893, 9798017
183145, 9782346
183145, 9784801
183145, 9785759
183145, 9788147
183145, 9789131
183145, 9791233
183145, 9792694
183145, 9794887
183145, 9796851
183145, 9798017
186847, 9782346
186847, 9784801
186847, 9785759
186847, 9788147
186847, 9789131
186847, 9791233
186847, 9792694
186847, 9794887
186847, 9796851
186847, 9798017
188674, 9782346
188674, 9784801
188674, 9785759
188674, 9788147
188674, 9789131
188674, 9791233
188674, 9792694
188674, 9794887
188674, 9796851
188674, 9798017
