# Number of control cameras to place = 54 (includes 3 opportunistic sightings + 51 placed randomly)
185606, 9790591
178603, 9790850
184192, 9791250
185097, 9785726
186302, 9788344
187929, 9784048
185351, 9794690
183033, 9784297
186861, 9784132
180906, 9782630
180640, 9785953
181564, 9783029
178845, 9788304
189426, 9794428
189167, 9794972
187026, 9785576
179124, 9792630
184722, 9790702
189797, 9791953
184372, 9796181
186760, 9794657
186830, 9797626
184957, 9786588
187564, 9790225
190649, 9790735
185998, 9796176
186745, 9796946
179042, 9786133
189975, 9795316
180566, 9792785
188735, 9794792
186680, 9789332
182099, 9795733
182809, 9785466
188082, 9788994
189919, 9787580
186773, 9798273
189978, 9791629
177944, 9785292
182843, 9784305
189574, 9792306
182912, 9791348
185925, 9793413
179167, 9784530
187761, 9789253
184806, 9782384
188465, 9787356
180147, 9789862
186079, 9794035
188560, 9795809
179785, 9796125
177976, 9793196
184454, 9791485
188958, 9797255
