# Number of control cameras to place = 54 (includes 19 opportunistic sightings + 35 placed randomly)
185383, 9791763
185168, 9792026
184127, 9790589
184167, 9795381
180380, 9792603
185369, 9791761
182358, 9794366
184138, 9789305
185389, 9791762
185382, 9791752
185371, 9791762
184148, 9789983
182894, 9791469
184165, 9790027
185633, 9787460
184484, 9791666
185380, 9791636
185373, 9791756
185377, 9791762
178685, 9789485
190227, 9782798
185679, 9785399
188196, 9783032
180530, 9792685
186745, 9785226
188745, 9789015
178566, 9792956
189644, 9787138
189593, 9795075
177972, 9794482
188803, 9789464
181212, 9784553
177823, 9787029
178525, 9785101
189828, 9797769
188808, 9792715
181564, 9785534
185955, 9799126
181597, 9797354
180180, 9795657
185173, 9785947
184895, 9784173
186943, 9796634
180246, 9785616
184317, 9797253
180641, 9788546
183451, 9789976
190250, 9798400
178644, 9794303
184960, 9797557
179608, 9786341
182953, 9782841
184170, 9791196
184507, 9795723
