# Actual number of control cameras to place = 52
171880, 9776324
171880, 9777060
171880, 9778951
171880, 9780377
171880, 9781450
171880, 9782721
171880, 9783661
171880, 9785839
171880, 9786712
171880, 9788522
171880, 9789623
171880, 9790629
171880, 9792370
175098, 9776324
175098, 9777060
175098, 9778951
175098, 9780377
175098, 9781450
175098, 9782721
175098, 9783661
175098, 9785839
175098, 9786712
175098, 9788522
175098, 9789623
175098, 9790629
175098, 9792370
176103, 9776324
176103, 9777060
176103, 9778951
176103, 9780377
176103, 9781450
176103, 9782721
176103, 9783661
176103, 9785839
176103, 9786712
176103, 9788522
176103, 9789623
176103, 9790629
176103, 9792370
180125, 9776324
180125, 9777060
180125, 9778951
180125, 9780377
180125, 9781450
180125, 9782721
180125, 9783661
180125, 9785839
180125, 9786712
180125, 9788522
180125, 9789623
180125, 9790629
180125, 9792370
