# Actual number of control cameras to place = 50
179613, 9783147
179613, 9783857
179613, 9786827
179613, 9788666
179613, 9789486
179613, 9790910
179613, 9793982
179613, 9794405
179613, 9797221
179613, 9797948
180559, 9783147
180559, 9783857
180559, 9786827
180559, 9788666
180559, 9789486
180559, 9790910
180559, 9793982
180559, 9794405
180559, 9797221
180559, 9797948
183411, 9783147
183411, 9783857
183411, 9786827
183411, 9788666
183411, 9789486
183411, 9790910
183411, 9793982
183411, 9794405
183411, 9797221
183411, 9797948
186607, 9783147
186607, 9783857
186607, 9786827
186607, 9788666
186607, 9789486
186607, 9790910
186607, 9793982
186607, 9794405
186607, 9797221
186607, 9797948
189815, 9783147
189815, 9783857
189815, 9786827
189815, 9788666
189815, 9789486
189815, 9790910
189815, 9793982
189815, 9794405
189815, 9797221
189815, 9797948
