# Actual number of control cameras to place = 50
179844, 9783038
179844, 9785078
179844, 9785896
179844, 9788735
179844, 9789114
179844, 9791893
179844, 9792938
179844, 9794342
179844, 9797038
179844, 9798807
180577, 9783038
180577, 9785078
180577, 9785896
180577, 9788735
180577, 9789114
180577, 9791893
180577, 9792938
180577, 9794342
180577, 9797038
180577, 9798807
184506, 9783038
184506, 9785078
184506, 9785896
184506, 9788735
184506, 9789114
184506, 9791893
184506, 9792938
184506, 9794342
184506, 9797038
184506, 9798807
187851, 9783038
187851, 9785078
187851, 9785896
187851, 9788735
187851, 9789114
187851, 9791893
187851, 9792938
187851, 9794342
187851, 9797038
187851, 9798807
189281, 9783038
189281, 9785078
189281, 9785896
189281, 9788735
189281, 9789114
189281, 9791893
189281, 9792938
189281, 9794342
189281, 9797038
189281, 9798807
