# Number of control cameras to place = 54 (includes 54 opportunistic sightings + 0 placed randomly)
179877, 9787768
180427, 9775478
177015, 9786617
172342, 9779124
171597, 9775962
175317, 9784211
173585, 9779664
171124, 9783825
178514, 9789416
173956, 9787612
172619, 9780567
178516, 9787387
177198, 9779179
179648, 9789952
175339, 9785693
175645, 9777506
173874, 9776038
179814, 9780429
177154, 9782146
178928, 9792901
178495, 9786853
174437, 9784221
177394, 9781272
179512, 9787721
175298, 9789281
179796, 9783776
177993, 9788524
179583, 9787396
177237, 9783553
171256, 9778554
177772, 9788565
171972, 9790087
172087, 9776431
173381, 9787048
179713, 9777074
180155, 9788576
178272, 9788739
175071, 9779039
174224, 9782536
172702, 9784693
171472, 9788301
179720, 9784006
173104, 9787290
172246, 9789691
177817, 9782029
177143, 9788821
179844, 9792384
179674, 9781235
176025, 9789885
176536, 9792586
180301, 9782597
171539, 9781777
172035, 9792523
177620, 9775971
