# Number of control cameras to place = 54 (includes 54 opportunistic sightings + 0 placed randomly)
170865, 9792170
176049, 9775820
172063, 9788429
176943, 9788563
171962, 9785986
178200, 9782039
177528, 9775941
175941, 9782483
176122, 9781466
174554, 9787387
171618, 9791196
180439, 9779339
174276, 9783193
176476, 9792981
172218, 9778866
172426, 9782787
172963, 9777836
175111, 9785427
175121, 9788644
172178, 9781005
175069, 9779572
175130, 9779822
179689, 9787041
180271, 9785370
179994, 9781906
175968, 9791980
179357, 9781404
171519, 9779238
173979, 9781295
173492, 9781380
172700, 9775580
175324, 9783795
176807, 9784286
175763, 9785352
174126, 9791575
174651, 9777802
171800, 9787643
175246, 9786694
176595, 9783474
179983, 9787562
171785, 9780289
172054, 9786139
175701, 9780113
179650, 9783511
178044, 9776898
171877, 9789726
173720, 9784017
171824, 9779657
176231, 9787281
171016, 9781109
174005, 9781130
172931, 9775762
171775, 9780439
178196, 9783909
