# Number of control cameras to place = 50 (includes 50 opportunistic sightings + 0 placed randomly)
188919, 9798905
179305, 9783305
179745, 9798684
185936, 9787419
178558, 9797567
180878, 9793839
183461, 9799164
189038, 9795135
188886, 9787036
188400, 9791401
185958, 9787316
181744, 9793376
190236, 9791422
189196, 9793706
185193, 9782433
182807, 9782698
182901, 9796991
187325, 9793724
180925, 9789435
183119, 9790979
189158, 9782177
186441, 9786592
177784, 9794771
179928, 9783927
186036, 9791984
180436, 9790910
186496, 9799238
179647, 9790927
188571, 9794235
182564, 9784538
181757, 9797277
179765, 9784812
189744, 9785304
190482, 9793707
181497, 9785694
185445, 9787405
182429, 9789462
180151, 9788905
189223, 9789565
181571, 9792074
181676, 9788661
179121, 9795471
180200, 9797802
179989, 9795157
180769, 9798365
183148, 9790629
178716, 9787131
188442, 9789374
178021, 9797634
185417, 9794762
