# Number of control cameras to place = 50 (includes 50 opportunistic sightings + 0 placed randomly)
182699, 9783969
185753, 9797280
178498, 9797107
186685, 9782664
183458, 9782349
188043, 9795361
182928, 9786693
185492, 9791746
188638, 9782650
189603, 9798544
183306, 9785718
181357, 9784099
185398, 9782454
189580, 9799193
181792, 9787258
182775, 9785011
189656, 9789907
189173, 9787208
186343, 9786510
179550, 9786679
188941, 9790390
179859, 9784884
181296, 9784791
187016, 9782810
185545, 9792376
189629, 9793546
181295, 9782667
181518, 9790641
181491, 9794701
182716, 9784345
178344, 9785007
184412, 9785238
179416, 9788695
179501, 9782958
181914, 9788086
183770, 9798735
189088, 9786326
188370, 9794716
188032, 9785139
178297, 9798853
186434, 9799118
187689, 9796542
188366, 9783903
190377, 9782209
190304, 9787960
189041, 9784846
184888, 9785639
185547, 9794262
185964, 9785024
188718, 9790607
