# Number of control cameras to place = 50 (includes 11 opportunistic sightings + 39 placed randomly)
177367, 9780281
177367, 9780281
177020, 9783688
177240, 9789162
171106, 9782218
177371, 9780536
177367, 9780281
177367, 9780281
177367, 9780281
177057, 9788920
172136, 9785200
179539, 9786229
177270, 9790814
176092, 9784383
179787, 9780256
171519, 9790005
177316, 9785478
176499, 9784290
178008, 9789032
172882, 9788301
178359, 9775740
173806, 9784945
171008, 9792877
177815, 9783918
171589, 9780855
178053, 9789448
176038, 9791941
176764, 9776044
179014, 9783949
173628, 9782220
172205, 9776981
180298, 9782751
171473, 9788837
173090, 9784865
174487, 9783801
179587, 9782102
174215, 9781126
174984, 9784736
179948, 9784635
177550, 9792564
176042, 9780232
179722, 9791296
177347, 9777133
177637, 9790830
173642, 9790545
173530, 9783282
175586, 9790157
173537, 9792582
171077, 9791563
170959, 9791793
