# Number of control cameras to place = 54 (includes 13 opportunistic sightings + 41 placed randomly)
174503, 9786485
175988, 9783306
175988, 9783306
177221, 9786861
177221, 9786861
177221, 9786861
175988, 9783306
175988, 9783306
176495, 9784480
176427, 9784439
176427, 9784439
178993, 9781423
176427, 9784439
172437, 9786990
177296, 9781680
174152, 9792255
175297, 9775533
176944, 9786296
170867, 9791291
177442, 9779962
179529, 9789995
175925, 9782159
180474, 9783052
177704, 9790064
177272, 9780186
174507, 9775960
176886, 9790093
171745, 9786666
178881, 9775958
172868, 9791207
175581, 9782300
176454, 9783739
178060, 9776976
177477, 9788910
178293, 9791901
180021, 9788101
172852, 9777640
178355, 9776096
179238, 9782575
179077, 9789781
172521, 9779429
172175, 9781938
174091, 9781491
180238, 9786290
178417, 9787791
173664, 9789040
179300, 9780230
171282, 9778331
176747, 9777341
173217, 9775894
171797, 9780721
173189, 9782077
174041, 9792462
171449, 9788966
