# Number of control cameras to place = 50 (includes 11 opportunistic sightings + 39 placed randomly)
176420, 9781139
174653, 9782635
178434, 9780824
176152, 9784403
171106, 9782218
177047, 9788912
176019, 9783347
176420, 9781139
175809, 9781385
174700, 9782412
176152, 9784403
173075, 9786511
179824, 9792290
177501, 9786448
172240, 9790683
173926, 9777753
175157, 9780796
174064, 9786023
179169, 9779495
171975, 9781666
172360, 9784245
173058, 9790470
171644, 9781701
179282, 9790126
178314, 9792465
174877, 9779524
175701, 9782765
178016, 9786132
178001, 9779488
175212, 9787278
174368, 9789919
174212, 9791240
179468, 9783650
178702, 9789079
176613, 9776987
176643, 9788337
179943, 9789957
179898, 9785034
179133, 9782158
174890, 9776262
171843, 9785273
180361, 9776748
174239, 9790075
177793, 9785962
177040, 9787357
173857, 9792480
173565, 9782402
179390, 9790784
171712, 9779238
178989, 9784176
