# Actual number of control cameras to place = 50
177977, 9782581
177977, 9784039
177977, 9785798
177977, 9788791
177977, 9790478
177977, 9791252
177977, 9793027
177977, 9795237
177977, 9796854
177977, 9799273
182802, 9782581
182802, 9784039
182802, 9785798
182802, 9788791
182802, 9790478
182802, 9791252
182802, 9793027
182802, 9795237
182802, 9796854
182802, 9799273
183869, 9782581
183869, 9784039
183869, 9785798
183869, 9788791
183869, 9790478
183869, 9791252
183869, 9793027
183869, 9795237
183869, 9796854
183869, 9799273
187112, 9782581
187112, 9784039
187112, 9785798
187112, 9788791
187112, 9790478
187112, 9791252
187112, 9793027
187112, 9795237
187112, 9796854
187112, 9799273
190158, 9782581
190158, 9784039
190158, 9785798
190158, 9788791
190158, 9790478
190158, 9791252
190158, 9793027
190158, 9795237
190158, 9796854
190158, 9799273
