# Actual number of control cameras to place = 45
178418, 9783652
178418, 9784428
178418, 9786799
178418, 9789488
178418, 9791279
178418, 9793442
178418, 9795371
178418, 9796621
178418, 9797681
182062, 9783652
182062, 9784428
182062, 9786799
182062, 9789488
182062, 9791279
182062, 9793442
182062, 9795371
182062, 9796621
182062, 9797681
184775, 9783652
184775, 9784428
184775, 9786799
184775, 9789488
184775, 9791279
184775, 9793442
184775, 9795371
184775, 9796621
184775, 9797681
185737, 9783652
185737, 9784428
185737, 9786799
185737, 9789488
185737, 9791279
185737, 9793442
185737, 9795371
185737, 9796621
185737, 9797681
188531, 9783652
188531, 9784428
188531, 9786799
188531, 9789488
188531, 9791279
188531, 9793442
188531, 9795371
188531, 9796621
188531, 9797681
