# Number of control cameras to place = 50 (includes 50 opportunistic sightings + 0 placed randomly)
180812, 9783016
183173, 9784700
184723, 9799065
178244, 9799026
190097, 9789371
185673, 9791762
180809, 9787881
190508, 9790253
186461, 9796462
184073, 9790245
180815, 9793400
184249, 9794091
187178, 9797653
184680, 9797372
184401, 9789215
186076, 9796291
184201, 9798492
188944, 9788818
183140, 9782634
186484, 9788610
183906, 9793324
182652, 9790049
190623, 9796970
187384, 9787952
188863, 9791619
188588, 9785368
178251, 9794321
188014, 9787681
184260, 9797956
188063, 9784795
184713, 9794436
184076, 9784677
187448, 9793609
179628, 9795974
183015, 9789060
187656, 9795917
185334, 9788512
181086, 9783771
188177, 9799158
182898, 9795968
179724, 9796380
188757, 9782410
180156, 9786414
183304, 9789129
186674, 9787718
184064, 9785184
186111, 9791423
185713, 9787749
185345, 9789346
190299, 9798860
