# Number of control cameras to place = 50 (includes 50 opportunistic sightings + 0 placed randomly)
185159, 9798435
187425, 9792792
184288, 9795589
189686, 9798814
182911, 9798373
187300, 9784392
183548, 9799007
184306, 9793036
187050, 9790496
188788, 9786401
187322, 9797038
185257, 9789532
177810, 9785690
178568, 9796653
178309, 9784644
178898, 9787521
190180, 9787743
184746, 9788669
179692, 9790018
183621, 9785472
183984, 9793912
182806, 9792549
190092, 9787293
179383, 9784157
181960, 9798992
190715, 9796324
187718, 9789110
180530, 9796821
183355, 9792742
181488, 9791102
186465, 9783629
186667, 9795689
189540, 9792433
180469, 9785157
187370, 9796789
188295, 9789841
184388, 9787233
179504, 9789435
179151, 9785225
179408, 9787058
186861, 9795819
179769, 9788281
180726, 9788653
185462, 9798924
178149, 9794738
187294, 9787627
187982, 9797986
178238, 9792758
185424, 9796170
189208, 9794704
