# Number of control cameras to place = 50 (includes 18 opportunistic sightings + 32 placed randomly)
180529, 9789378
187482, 9790346
185073, 9785146
185387, 9791762
184910, 9785437
184039, 9788945
185360, 9791474
185708, 9785418
184409, 9790059
184414, 9790057
184035, 9788943
185183, 9789925
185865, 9785671
182335, 9789681
185139, 9787436
183505, 9792531
182950, 9789037
182490, 9785772
189054, 9796814
187646, 9782665
179011, 9785289
178106, 9784456
182801, 9782185
184192, 9790843
186590, 9795694
185122, 9790218
188425, 9789680
179184, 9787316
188002, 9798504
184441, 9786721
185004, 9789462
183654, 9794619
186134, 9797986
188539, 9790085
187255, 9792891
181676, 9796615
183142, 9797508
186359, 9789791
182582, 9793186
188178, 9791289
185940, 9791720
181260, 9792051
180539, 9794599
178599, 9790669
189995, 9783137
190603, 9783251
190691, 9792445
188571, 9791023
180862, 9789396
190186, 9783686
