# Actual number of control cameras to place = 60
174922, 9781934
174922, 9782842
174922, 9783866
174922, 9785035
174922, 9785978
174922, 9786530
174922, 9787861
174922, 9788683
174922, 9790047
174922, 9790703
174922, 9791560
174922, 9792820
175609, 9781934
175609, 9782842
175609, 9783866
175609, 9785035
175609, 9785978
175609, 9786530
175609, 9787861
175609, 9788683
175609, 9790047
175609, 9790703
175609, 9791560
175609, 9792820
177357, 9781934
177357, 9782842
177357, 9783866
177357, 9785035
177357, 9785978
177357, 9786530
177357, 9787861
177357, 9788683
177357, 9790047
177357, 9790703
177357, 9791560
177357, 9792820
178952, 9781934
178952, 9782842
178952, 9783866
178952, 9785035
178952, 9785978
178952, 9786530
178952, 9787861
178952, 9788683
178952, 9790047
178952, 9790703
178952, 9791560
178952, 9792820
179638, 9781934
179638, 9782842
179638, 9783866
179638, 9785035
179638, 9785978
179638, 9786530
179638, 9787861
179638, 9788683
179638, 9790047
179638, 9790703
179638, 9791560
179638, 9792820
