# Actual number of control cameras to place = 60
174069, 9781639
174069, 9783275
174069, 9784011
174069, 9785062
174069, 9785661
174069, 9787028
174069, 9787569
174069, 9788386
174069, 9789735
174069, 9790957
174069, 9791890
174069, 9792942
176475, 9781639
176475, 9783275
176475, 9784011
176475, 9785062
176475, 9785661
176475, 9787028
176475, 9787569
176475, 9788386
176475, 9789735
176475, 9790957
176475, 9791890
176475, 9792942
176809, 9781639
176809, 9783275
176809, 9784011
176809, 9785062
176809, 9785661
176809, 9787028
176809, 9787569
176809, 9788386
176809, 9789735
176809, 9790957
176809, 9791890
176809, 9792942
178357, 9781639
178357, 9783275
178357, 9784011
178357, 9785062
178357, 9785661
178357, 9787028
178357, 9787569
178357, 9788386
178357, 9789735
178357, 9790957
178357, 9791890
178357, 9792942
180452, 9781639
180452, 9783275
180452, 9784011
180452, 9785062
180452, 9785661
180452, 9787028
180452, 9787569
180452, 9788386
180452, 9789735
180452, 9790957
180452, 9791890
180452, 9792942
