# Actual number of control cameras to place = 48
174119, 9781719
174119, 9782661
174119, 9784164
174119, 9784947
174119, 9785643
174119, 9786992
174119, 9787889
174119, 9788823
174119, 9789474
174119, 9790552
174119, 9792025
174119, 9792921
176849, 9781719
176849, 9782661
176849, 9784164
176849, 9784947
176849, 9785643
176849, 9786992
176849, 9787889
176849, 9788823
176849, 9789474
176849, 9790552
176849, 9792025
176849, 9792921
178595, 9781719
178595, 9782661
178595, 9784164
178595, 9784947
178595, 9785643
178595, 9786992
178595, 9787889
178595, 9788823
178595, 9789474
178595, 9790552
178595, 9792025
178595, 9792921
180465, 9781719
180465, 9782661
180465, 9784164
180465, 9784947
180465, 9785643
180465, 9786992
180465, 9787889
180465, 9788823
180465, 9789474
180465, 9790552
180465, 9792025
180465, 9792921
