# Actual number of control cameras to place = 60
174818, 9781770
174818, 9783042
174818, 9784134
174818, 9785061
174818, 9785645
174818, 9787071
174818, 9788011
174818, 9789119
174818, 9789773
174818, 9790503
174818, 9791845
174818, 9792670
175648, 9781770
175648, 9783042
175648, 9784134
175648, 9785061
175648, 9785645
175648, 9787071
175648, 9788011
175648, 9789119
175648, 9789773
175648, 9790503
175648, 9791845
175648, 9792670
177276, 9781770
177276, 9783042
177276, 9784134
177276, 9785061
177276, 9785645
177276, 9787071
177276, 9788011
177276, 9789119
177276, 9789773
177276, 9790503
177276, 9791845
177276, 9792670
178231, 9781770
178231, 9783042
178231, 9784134
178231, 9785061
178231, 9785645
178231, 9787071
178231, 9788011
178231, 9789119
178231, 9789773
178231, 9790503
178231, 9791845
178231, 9792670
180492, 9781770
180492, 9783042
180492, 9784134
180492, 9785061
180492, 9785645
180492, 9787071
180492, 9788011
180492, 9789119
180492, 9789773
180492, 9790503
180492, 9791845
180492, 9792670
