# Number of control cameras to place = 50 (includes 50 opportunistic sightings + 0 placed randomly)
178523, 9787044
179593, 9783231
176223, 9784637
175511, 9789648
176443, 9787727
174546, 9785157
180014, 9781598
179832, 9782189
175618, 9787403
176866, 9791708
174495, 9788756
180462, 9788105
176345, 9784025
178257, 9792497
180388, 9787089
177053, 9790988
176718, 9792464
179972, 9783298
178575, 9783257
176048, 9787700
178624, 9782315
179121, 9790221
180226, 9786570
175498, 9784556
178146, 9786721
174298, 9791741
179728, 9786636
176765, 9782114
175223, 9789055
175805, 9784839
176401, 9782429
178375, 9791780
175560, 9783530
178272, 9783937
178944, 9788091
180401, 9783577
174354, 9782606
179807, 9784870
174206, 9783171
176398, 9787528
175250, 9792835
177405, 9785424
179383, 9783932
176745, 9786050
177092, 9783999
178118, 9789784
174532, 9787022
178843, 9788352
176173, 9788426
177092, 9792980
