# Number of control cameras to place = 54 (includes 54 opportunistic sightings + 0 placed randomly)
178298, 9789240
176537, 9787638
179864, 9789459
177219, 9783148
175293, 9788156
175437, 9791544
177280, 9790419
174439, 9787112
175464, 9789191
179497, 9787192
177295, 9788521
176518, 9789922
178142, 9783100
178093, 9784943
175177, 9792000
178774, 9782837
180193, 9788453
179922, 9792306
175698, 9789023
176472, 9791487
178526, 9789640
175575, 9790600
175282, 9789695
179540, 9790486
178265, 9790082
179614, 9781923
176319, 9786757
174287, 9788133
174185, 9789735
180116, 9784103
176834, 9782248
178504, 9790969
174516, 9786701
176083, 9785438
180252, 9785833
178430, 9788527
174998, 9783964
174488, 9786978
179975, 9781969
179509, 9792350
180339, 9785031
175804, 9782271
180343, 9781998
176210, 9786851
178748, 9784404
176315, 9791676
178475, 9782986
176898, 9791968
176880, 9783027
177808, 9783251
175825, 9783252
175039, 9788851
177862, 9788781
178123, 9783548
