# Number of control cameras to place = 54 (includes 54 opportunistic sightings + 0 placed randomly)
179226, 9784784
175457, 9789965
175669, 9790687
178334, 9782907
175795, 9785585
175644, 9787220
175602, 9792197
176288, 9785041
177940, 9786690
175927, 9782689
178015, 9790371
178417, 9785485
175285, 9783060
174689, 9789305
179857, 9784081
176353, 9786827
177781, 9788169
175760, 9790578
175159, 9790526
177299, 9782445
176293, 9792967
175371, 9791677
178350, 9782768
180211, 9788528
178819, 9789513
176293, 9786739
180463, 9782192
174181, 9787221
179879, 9789740
177575, 9784973
176838, 9787869
175978, 9786741
179254, 9787008
180376, 9787588
177537, 9792884
177034, 9789842
176336, 9788966
174725, 9790666
177763, 9789347
179139, 9790962
177887, 9784976
179659, 9787571
177559, 9786331
175202, 9782916
176595, 9787637
176555, 9792464
180271, 9782008
179704, 9789320
180368, 9792929
176027, 9789919
179922, 9788478
179678, 9787311
176951, 9787187
175543, 9784371
