# Number of control cameras to place = 54 (includes 54 opportunistic sightings + 0 placed randomly)
175455, 9787559
179649, 9791776
177704, 9785232
179291, 9786158
180264, 9792517
177151, 9790492
175302, 9789063
178283, 9787708
174317, 9790857
174836, 9785261
178747, 9792856
179965, 9791850
178514, 9788767
179891, 9783829
175617, 9792775
174244, 9784236
174248, 9783031
180480, 9792457
174838, 9790612
174089, 9785161
176992, 9788553
176866, 9790304
177507, 9783411
178611, 9785700
179176, 9790608
179524, 9787094
175407, 9792789
175814, 9790281
177210, 9784401
175115, 9785697
178117, 9792678
176807, 9786600
176233, 9787400
174390, 9782314
177498, 9788731
174925, 9782871
179484, 9789976
179737, 9781779
178440, 9787541
178235, 9784215
175051, 9782382
174763, 9792101
174912, 9784193
178223, 9785567
177009, 9784493
179584, 9782427
177191, 9785691
179774, 9784287
175360, 9784170
177538, 9792826
174348, 9792876
175984, 9783236
174750, 9785777
176025, 9784098
