# Number of control cameras to place = 50 (includes 50 opportunistic sightings + 0 placed randomly)
178274, 9792450
175584, 9792285
175912, 9781716
177433, 9786935
180008, 9785054
180266, 9784200
176300, 9791068
177992, 9781776
176139, 9785483
178323, 9781724
174361, 9785944
174197, 9789728
177697, 9781886
174930, 9790215
178036, 9787545
175981, 9786972
176102, 9786707
175600, 9792514
175092, 9789552
176734, 9788808
175476, 9788153
180137, 9785878
177916, 9787290
177346, 9784141
174857, 9791234
178086, 9791419
178038, 9786301
179313, 9782329
176082, 9783164
177099, 9781969
180290, 9782890
178123, 9789984
174144, 9788313
178250, 9783934
178501, 9784252
175365, 9792053
176869, 9783197
180163, 9786145
179518, 9790954
177713, 9784179
174586, 9783505
177828, 9784100
178041, 9788199
174441, 9782772
178388, 9782778
180227, 9788342
177517, 9790785
178881, 9784441
175956, 9781623
178874, 9782012
