# Number of control cameras to place = 50 (includes 50 opportunistic sightings + 0 placed randomly)
175192, 9786687
174094, 9786283
179069, 9785778
175403, 9786926
177393, 9782678
177432, 9788446
176444, 9782168
177694, 9782309
180046, 9790266
174405, 9784861
178148, 9787813
179134, 9790583
179360, 9783675
175180, 9783356
178011, 9783323
174715, 9784771
176107, 9784768
174896, 9789657
174746, 9785246
179811, 9788179
176232, 9788290
178041, 9784337
175123, 9784092
177832, 9785683
179102, 9785518
176899, 9790873
174428, 9790550
177938, 9788342
180119, 9792277
178253, 9783298
174795, 9782763
178780, 9786264
179853, 9789314
177424, 9781786
176436, 9789052
179108, 9783909
178340, 9785396
175570, 9787718
174124, 9782161
178065, 9789898
180380, 9791102
174816, 9783730
174073, 9791006
178621, 9782774
178763, 9781633
178465, 9792631
176962, 9792155
177011, 9790275
175151, 9781620
178047, 9790087
