# Number of control cameras to place = 50 (includes 50 opportunistic sightings + 0 placed randomly)
175692, 9783469
175918, 9785178
177950, 9791303
177490, 9792221
180489, 9782408
175950, 9787972
178818, 9791581
174482, 9791411
176841, 9789622
177192, 9792442
174223, 9791071
174372, 9790736
175846, 9787005
179990, 9790101
180458, 9784136
179931, 9783454
176488, 9783903
179718, 9785498
174376, 9782999
175765, 9788718
176258, 9791318
174313, 9790206
177851, 9785474
174133, 9790104
174948, 9783099
179847, 9784695
177866, 9791760
180474, 9790096
174526, 9785011
179506, 9784772
176903, 9787221
177686, 9786203
175286, 9785585
179022, 9791123
175614, 9791409
178018, 9781829
175689, 9788088
177589, 9789112
174496, 9787803
177650, 9792294
174442, 9782767
176436, 9791734
177934, 9789064
178772, 9789250
180354, 9783429
177627, 9783108
179897, 9791113
178219, 9790472
178166, 9791760
180475, 9789349
