# Number of control cameras to place = 50 (includes 0 opportunistic sightings + 50 placed randomly)
183521, 9791880
179941, 9786138
179666, 9790265
189069, 9798229
186240, 9786926
185193, 9786582
178275, 9798715
183278, 9783509
180062, 9786531
190011, 9794370
182153, 9794532
187808, 9784483
178561, 9792699
177785, 9783780
180234, 9792401
182163, 9796686
188789, 9784496
184897, 9792211
182007, 9789268
186679, 9791554
185405, 9789715
180373, 9782445
179245, 9785622
186474, 9796204
180039, 9796129
183803, 9790448
186507, 9792499
182097, 9791011
182001, 9788252
188590, 9786961
184883, 9782629
185031, 9791432
183422, 9789110
178225, 9786765
180903, 9784186
180368, 9793788
186472, 9792995
189192, 9783501
186772, 9785582
180225, 9786055
181303, 9793652
188215, 9791661
188637, 9786708
182652, 9786207
183298, 9797726
178988, 9791048
185340, 9794299
179235, 9786565
184141, 9782880
190392, 9789715
