# Number of control cameras to place = 50 (includes 11 opportunistic sightings + 39 placed randomly)
177816, 9786807
178282, 9786250
178368, 9786257
177908, 9786105
178725, 9786686
178368, 9786257
178368, 9786257
178398, 9786647
177777, 9786462
178725, 9786686
178368, 9786257
177980, 9798286
181537, 9790972
182123, 9793663
183968, 9788487
188749, 9798272
187032, 9785005
180153, 9788694
185249, 9785501
188567, 9791843
178676, 9798321
183428, 9785324
186559, 9787175
179140, 9793624
189714, 9792994
187992, 9791107
182942, 9786485
182656, 9791947
190115, 9790218
183416, 9795640
182685, 9797887
182256, 9782706
188677, 9793805
189918, 9796172
183608, 9790449
183563, 9783292
188132, 9785800
182900, 9797286
181931, 9783044
179639, 9782109
186812, 9798720
190433, 9789081
181235, 9794110
189598, 9796983
185438, 9796012
189485, 9783263
184293, 9786930
177893, 9798080
182321, 9786011
182434, 9786883
