# Number of control cameras to place = 54 (includes 13 opportunistic sightings + 41 placed randomly)
178615, 9787438
176726, 9788053
175376, 9787323
177861, 9783100
179057, 9787026
178949, 9787194
179816, 9784247
176918, 9784923
177106, 9784843
174831, 9785936
177184, 9783649
177900, 9783039
178133, 9782790
179842, 9791249
179654, 9792495
180201, 9783047
177051, 9790522
175705, 9790531
174993, 9786665
180271, 9790367
174450, 9791986
179621, 9785469
176333, 9790877
178737, 9782952
178311, 9783170
178334, 9784528
176872, 9792914
174054, 9788710
175946, 9785324
175505, 9786024
178416, 9789648
179292, 9784580
174983, 9783121
175123, 9791237
179785, 9787859
180336, 9788147
179891, 9782324
177280, 9789719
174862, 9783422
175422, 9782466
179735, 9782619
179424, 9784010
175847, 9785104
178824, 9787311
174583, 9792133
177983, 9784851
176525, 9782925
176297, 9782389
174518, 9791301
178809, 9789238
174127, 9786522
174493, 9784378
180185, 9786267
175545, 9791308
