# Number of control cameras to place = 50 (includes 6 opportunistic sightings + 44 placed randomly)
180120, 9784825
180144, 9784977
178207, 9792443
180152, 9784989
179329, 9784521
176372, 9786203
179994, 9782597
177986, 9783630
174444, 9786117
175468, 9784284
175407, 9787314
178571, 9789186
175080, 9784217
176684, 9782714
175035, 9785721
175489, 9782069
178232, 9789674
174706, 9783539
175492, 9784667
179415, 9791743
175905, 9789957
174512, 9788237
174814, 9788284
180383, 9791306
176943, 9787777
178437, 9789085
179741, 9788235
175061, 9788072
179510, 9786990
174822, 9787481
175749, 9790995
178025, 9786070
177290, 9788265
175635, 9789069
174193, 9787986
175775, 9790067
177403, 9784036
177523, 9783783
175993, 9785404
178667, 9782566
180067, 9791969
175959, 9786890
180339, 9791771
178533, 9782710
178788, 9792404
178775, 9785764
175654, 9784815
178225, 9788808
178634, 9789881
179441, 9783682
