# Number of control cameras to place = 54 (includes 0 opportunistic sightings + 54 placed randomly)
175324, 9785715
176655, 9792534
174321, 9792559
178604, 9788629
174360, 9782182
179095, 9783567
175735, 9786365
175195, 9788504
178974, 9789082
178163, 9789362
174274, 9786058
176915, 9789346
179406, 9790288
174585, 9783182
178841, 9783516
178817, 9788070
178396, 9783791
175877, 9783680
175569, 9787074
176560, 9783571
175421, 9789922
176446, 9792039
178808, 9783622
175481, 9783303
179146, 9789314
179658, 9783040
174981, 9788162
178997, 9786286
179624, 9790146
179856, 9792169
179242, 9791955
176401, 9790487
174850, 9786180
176679, 9782186
174615, 9790201
177335, 9785929
177830, 9786733
175920, 9792711
176780, 9788502
176230, 9792116
174531, 9791155
175789, 9783181
179565, 9785036
175045, 9782624
179235, 9792701
178035, 9791516
176369, 9781644
176690, 9789972
176584, 9791592
176922, 9785199
177361, 9788279
177515, 9783136
175526, 9790763
179696, 9786319
