# Number of control cameras to place = 50 (includes 11 opportunistic sightings + 39 placed randomly)
178475, 9783442
178698, 9782507
178402, 9785027
178320, 9782852
179468, 9784578
178477, 9783384
178475, 9783442
178475, 9783442
178475, 9783442
179248, 9782654
178475, 9783442
189722, 9794755
189090, 9796781
189407, 9784166
187257, 9790690
180658, 9785255
184065, 9790160
189432, 9794792
181763, 9792415
184629, 9792743
190079, 9798931
182925, 9783167
178591, 9791544
181131, 9783256
179816, 9798525
189138, 9784835
187648, 9785132
183727, 9782178
188375, 9795605
183595, 9795563
181943, 9794574
181174, 9798654
178358, 9798817
184472, 9792470
187530, 9784396
181809, 9782145
190393, 9796169
183814, 9793712
179465, 9791785
180701, 9787551
183501, 9786592
180020, 9798226
180730, 9791025
187212, 9786553
178321, 9787779
189300, 9795812
180099, 9795571
183195, 9799183
179866, 9798954
180934, 9797909
