# Actual number of control cameras to place = 36
173915, 9774247
173915, 9775714
173915, 9776637
173915, 9777020
173915, 9778409
173915, 9779574
173915, 9780329
173915, 9781260
173915, 9781724
173915, 9782937
173915, 9783762
173915, 9784538
173915, 9786163
173915, 9787066
173915, 9788050
173915, 9788651
173915, 9789505
173915, 9790263
178367, 9774247
178367, 9775714
178367, 9776637
178367, 9777020
178367, 9778409
178367, 9779574
178367, 9780329
178367, 9781260
178367, 9781724
178367, 9782937
178367, 9783762
178367, 9784538
178367, 9786163
178367, 9787066
178367, 9788050
178367, 9788651
178367, 9789505
178367, 9790263
