# Actual number of control cameras to place = 39
181802, 9772560
181802, 9775105
181802, 9775745
181802, 9777615
181802, 9780581
181802, 9782617
181802, 9784702
181802, 9785212
181802, 9787141
181802, 9790195
181802, 9791495
181802, 9794098
181802, 9795897
183618, 9772560
183618, 9775105
183618, 9775745
183618, 9777615
183618, 9780581
183618, 9782617
183618, 9784702
183618, 9785212
183618, 9787141
183618, 9790195
183618, 9791495
183618, 9794098
183618, 9795897
187186, 9772560
187186, 9775105
187186, 9775745
187186, 9777615
187186, 9780581
187186, 9782617
187186, 9784702
187186, 9785212
187186, 9787141
187186, 9790195
187186, 9791495
187186, 9794098
187186, 9795897
