# Actual number of control cameras to place = 50
178744, 9783373
178744, 9783872
178744, 9786484
178744, 9788758
178744, 9790419
178744, 9791183
178744, 9792588
178744, 9794828
178744, 9796682
178744, 9797910
181126, 9783373
181126, 9783872
181126, 9786484
181126, 9788758
181126, 9790419
181126, 9791183
181126, 9792588
181126, 9794828
181126, 9796682
181126, 9797910
183013, 9783373
183013, 9783872
183013, 9786484
183013, 9788758
183013, 9790419
183013, 9791183
183013, 9792588
183013, 9794828
183013, 9796682
183013, 9797910
186792, 9783373
186792, 9783872
186792, 9786484
186792, 9788758
186792, 9790419
186792, 9791183
186792, 9792588
186792, 9794828
186792, 9796682
186792, 9797910
190011, 9783373
190011, 9783872
190011, 9786484
190011, 9788758
190011, 9790419
190011, 9791183
190011, 9792588
190011, 9794828
190011, 9796682
190011, 9797910
