# Actual number of control cameras to place = 50
178654, 9783335
178654, 9783899
178654, 9786107
178654, 9788754
178654, 9789333
178654, 9791160
178654, 9793659
178654, 9795378
178654, 9796269
178654, 9798855
180389, 9783335
180389, 9783899
180389, 9786107
180389, 9788754
180389, 9789333
180389, 9791160
180389, 9793659
180389, 9795378
180389, 9796269
180389, 9798855
184522, 9783335
184522, 9783899
184522, 9786107
184522, 9788754
184522, 9789333
184522, 9791160
184522, 9793659
184522, 9795378
184522, 9796269
184522, 9798855
186355, 9783335
186355, 9783899
186355, 9786107
186355, 9788754
186355, 9789333
186355, 9791160
186355, 9793659
186355, 9795378
186355, 9796269
186355, 9798855
190229, 9783335
190229, 9783899
190229, 9786107
190229, 9788754
190229, 9789333
190229, 9791160
190229, 9793659
190229, 9795378
190229, 9796269
190229, 9798855
