# Number of control cameras to place = 50 (includes 50 opportunistic sightings + 0 placed randomly)
185770, 9788158
183544, 9796115
182251, 9798864
190072, 9782976
184005, 9789070
178665, 9796448
187506, 9791192
186943, 9795560
180761, 9783979
188406, 9791832
180046, 9791034
188151, 9784887
178988, 9784021
177852, 9785430
186086, 9791768
189996, 9794404
184383, 9792831
185028, 9787037
190250, 9796615
187615, 9786364
189355, 9795515
178164, 9791246
182755, 9786780
180933, 9793473
181840, 9793722
183806, 9794362
185050, 9785717
183025, 9790184
184611, 9795106
181948, 9782106
184983, 9785195
182771, 9794629
187841, 9793317
186659, 9789472
185658, 9798937
182279, 9783822
180179, 9785437
182080, 9788136
185781, 9798124
182165, 9795068
181095, 9788668
186770, 9791373
190180, 9792817
185142, 9794296
181346, 9786907
182851, 9794786
188114, 9785600
188778, 9788418
178773, 9792508
178526, 9785876
