# Number of control cameras to place = 54 (includes 54 opportunistic sightings + 0 placed randomly)
185451, 9783636
179935, 9786895
183228, 9795282
186915, 9783151
188707, 9783367
186577, 9796990
184652, 9786248
184646, 9786937
183478, 9797565
187054, 9783461
189957, 9785887
180775, 9783261
187438, 9791638
183300, 9797929
184280, 9793337
188454, 9795728
183746, 9787891
187857, 9785158
188802, 9799012
184318, 9798372
185893, 9793670
189824, 9788237
187752, 9787855
180250, 9791406
178518, 9795394
183689, 9793487
178125, 9798601
182079, 9789175
179685, 9790520
185643, 9795422
178094, 9789563
184931, 9784092
188876, 9792693
181197, 9785715
185004, 9794033
180471, 9797494
187682, 9783339
181601, 9790716
180139, 9786723
182332, 9798226
183666, 9786179
181159, 9791009
185955, 9784983
178850, 9789771
178348, 9791068
179401, 9782908
182619, 9795558
180033, 9785888
189286, 9792248
186380, 9783179
188557, 9782614
179807, 9798250
189562, 9790896
189682, 9788850
