# Number of control cameras to place = 54 (includes 54 opportunistic sightings + 0 placed randomly)
180428, 9786824
189132, 9786325
178476, 9792175
180565, 9782876
185982, 9788634
189568, 9797583
183626, 9788527
183604, 9790289
180770, 9796450
190631, 9787518
182993, 9792005
187895, 9788196
180741, 9795692
188125, 9794886
178345, 9793586
186315, 9791710
189618, 9787036
190684, 9787287
180148, 9794039
183449, 9797288
186126, 9784055
189020, 9782789
179964, 9786841
188367, 9794723
183501, 9795281
184261, 9785514
186719, 9786308
184392, 9792935
188327, 9790364
188721, 9788787
183345, 9796855
190546, 9796714
179196, 9797411
187999, 9791550
187376, 9790075
190180, 9786460
185796, 9792891
184500, 9791701
188182, 9783701
189392, 9796808
179810, 9788028
187837, 9788829
189873, 9793997
179850, 9795420
179556, 9783155
189437, 9792479
182566, 9798288
184406, 9799283
188032, 9790343
186548, 9792495
181051, 9787152
190579, 9794520
184063, 9789836
188108, 9786149
