# Number of control cameras to place = 50 (includes 4 opportunistic sightings + 46 placed randomly)
185326, 9791001
185470, 9792319
185334, 9790999
185456, 9792321
189134, 9790668
183146, 9797853
179745, 9789241
184145, 9792065
190067, 9782288
180036, 9789535
184587, 9798225
182880, 9795697
186180, 9795033
188065, 9792585
178677, 9784083
178226, 9784105
183493, 9796740
179655, 9789566
184414, 9797038
188946, 9785967
179289, 9791528
187422, 9794873
185838, 9792864
178871, 9795410
181082, 9788836
189277, 9786273
181767, 9784726
181673, 9786178
183040, 9785730
179390, 9791000
182775, 9799086
180050, 9798383
179591, 9798946
185449, 9790468
178453, 9782214
182144, 9784527
178852, 9786522
179352, 9789758
190633, 9784084
178940, 9787562
189777, 9788266
188631, 9782424
189666, 9796444
182807, 9798552
189903, 9793003
181829, 9796141
178778, 9789172
185447, 9784430
178256, 9790154
185513, 9786092
