# Number of control cameras to place = 54 (includes 5 opportunistic sightings + 49 placed randomly)
185330, 9791206
180427, 9792438
185352, 9791332
185353, 9791339
180203, 9790067
187186, 9789182
189243, 9798118
187813, 9792241
181657, 9783091
178065, 9797009
185420, 9786798
178045, 9784956
181380, 9791798
183355, 9794778
181050, 9787108
177883, 9792487
181099, 9786036
185534, 9796439
187353, 9797274
180259, 9786806
178516, 9795211
177947, 9798682
181847, 9791492
178769, 9797249
183509, 9792320
182060, 9788100
185042, 9798577
185021, 9795735
184712, 9795420
184610, 9790809
184193, 9786298
178344, 9798728
182986, 9799262
180172, 9792018
183312, 9797985
188259, 9790927
184341, 9791131
188547, 9784037
183491, 9784524
180532, 9787813
182491, 9798857
187851, 9785746
189849, 9791762
180792, 9795837
183527, 9785755
189964, 9786259
182075, 9791931
190171, 9786058
188839, 9790797
181454, 9786996
185522, 9782333
181602, 9798665
187626, 9792076
182630, 9791970
