# Actual number of control cameras to place = 48
171832, 9776942
171832, 9778029
171832, 9778949
171832, 9780588
171832, 9781229
171832, 9782224
171832, 9783526
171832, 9784583
171832, 9785140
171832, 9786303
171832, 9787688
171832, 9788442
173053, 9776942
173053, 9778029
173053, 9778949
173053, 9780588
173053, 9781229
173053, 9782224
173053, 9783526
173053, 9784583
173053, 9785140
173053, 9786303
173053, 9787688
173053, 9788442
174754, 9776942
174754, 9778029
174754, 9778949
174754, 9780588
174754, 9781229
174754, 9782224
174754, 9783526
174754, 9784583
174754, 9785140
174754, 9786303
174754, 9787688
174754, 9788442
176368, 9776942
176368, 9778029
176368, 9778949
176368, 9780588
176368, 9781229
176368, 9782224
176368, 9783526
176368, 9784583
176368, 9785140
176368, 9786303
176368, 9787688
176368, 9788442
