# Actual number of control cameras to place = 48
172079, 9777003
172079, 9778271
172079, 9778835
172079, 9780196
172079, 9781040
172079, 9782438
172079, 9783278
172079, 9784132
172079, 9784938
172079, 9786426
172079, 9787629
172079, 9788394
173619, 9777003
173619, 9778271
173619, 9778835
173619, 9780196
173619, 9781040
173619, 9782438
173619, 9783278
173619, 9784132
173619, 9784938
173619, 9786426
173619, 9787629
173619, 9788394
175788, 9777003
175788, 9778271
175788, 9778835
175788, 9780196
175788, 9781040
175788, 9782438
175788, 9783278
175788, 9784132
175788, 9784938
175788, 9786426
175788, 9787629
175788, 9788394
176382, 9777003
176382, 9778271
176382, 9778835
176382, 9780196
176382, 9781040
176382, 9782438
176382, 9783278
176382, 9784132
176382, 9784938
176382, 9786426
176382, 9787629
176382, 9788394
