# Actual number of control cameras to place = 60
170846, 9777497
170846, 9777815
170846, 9779306
170846, 9779898
170846, 9781246
170846, 9782224
170846, 9783316
170846, 9784024
170846, 9785501
170846, 9786374
170846, 9787283
170846, 9788738
172780, 9777497
172780, 9777815
172780, 9779306
172780, 9779898
172780, 9781246
172780, 9782224
172780, 9783316
172780, 9784024
172780, 9785501
172780, 9786374
172780, 9787283
172780, 9788738
173735, 9777497
173735, 9777815
173735, 9779306
173735, 9779898
173735, 9781246
173735, 9782224
173735, 9783316
173735, 9784024
173735, 9785501
173735, 9786374
173735, 9787283
173735, 9788738
175634, 9777497
175634, 9777815
175634, 9779306
175634, 9779898
175634, 9781246
175634, 9782224
175634, 9783316
175634, 9784024
175634, 9785501
175634, 9786374
175634, 9787283
175634, 9788738
177031, 9777497
177031, 9777815
177031, 9779306
177031, 9779898
177031, 9781246
177031, 9782224
177031, 9783316
177031, 9784024
177031, 9785501
177031, 9786374
177031, 9787283
177031, 9788738
