# Actual number of control cameras to place = 48
172335, 9777498
172335, 9778585
172335, 9779077
172335, 9780185
172335, 9781511
172335, 9782081
172335, 9783039
172335, 9784563
172335, 9785635
172335, 9786703
172335, 9786945
172335, 9788034
173284, 9777498
173284, 9778585
173284, 9779077
173284, 9780185
173284, 9781511
173284, 9782081
173284, 9783039
173284, 9784563
173284, 9785635
173284, 9786703
173284, 9786945
173284, 9788034
175477, 9777498
175477, 9778585
175477, 9779077
175477, 9780185
175477, 9781511
175477, 9782081
175477, 9783039
175477, 9784563
175477, 9785635
175477, 9786703
175477, 9786945
175477, 9788034
176865, 9777498
176865, 9778585
176865, 9779077
176865, 9780185
176865, 9781511
176865, 9782081
176865, 9783039
176865, 9784563
176865, 9785635
176865, 9786703
176865, 9786945
176865, 9788034
