# Actual number of control cameras to place = 48
171875, 9776870
171875, 9778568
171875, 9779252
171875, 9779855
171875, 9781535
171875, 9781881
171875, 9783179
171875, 9784494
171875, 9785357
171875, 9786046
171875, 9786973
171875, 9788446
173485, 9776870
173485, 9778568
173485, 9779252
173485, 9779855
173485, 9781535
173485, 9781881
173485, 9783179
173485, 9784494
173485, 9785357
173485, 9786046
173485, 9786973
173485, 9788446
174956, 9776870
174956, 9778568
174956, 9779252
174956, 9779855
174956, 9781535
174956, 9781881
174956, 9783179
174956, 9784494
174956, 9785357
174956, 9786046
174956, 9786973
174956, 9788446
176391, 9776870
176391, 9778568
176391, 9779252
176391, 9779855
176391, 9781535
176391, 9781881
176391, 9783179
176391, 9784494
176391, 9785357
176391, 9786046
176391, 9786973
176391, 9788446
