# Number of control cameras to place = 54 (includes 54 opportunistic sightings + 0 placed randomly)
172380, 9777461
176382, 9784362
173062, 9784694
175611, 9781028
176199, 9785597
172097, 9783820
175498, 9779776
176325, 9786090
172417, 9781170
172764, 9778102
177086, 9779754
176116, 9787595
171947, 9777140
171621, 9787709
175029, 9781428
174334, 9779974
171585, 9780969
172319, 9784732
171572, 9781554
171730, 9781562
174371, 9778489
172894, 9787144
172513, 9781745
171883, 9783368
177529, 9786906
171202, 9785758
172166, 9779426
175519, 9776902
174091, 9776836
172812, 9786228
176495, 9779142
173137, 9779578
176239, 9777755
175603, 9785965
177336, 9779453
175517, 9780189
175940, 9779287
175747, 9778487
175236, 9787539
175384, 9780108
175941, 9787382
176304, 9782827
172795, 9778963
171347, 9785630
173085, 9787221
175403, 9777807
173041, 9786098
171456, 9776858
171389, 9777329
172289, 9788665
176982, 9783100
171007, 9780258
176929, 9784756
176760, 9784033
