# Number of control cameras to place = 50 (includes 50 opportunistic sightings + 0 placed randomly)
182785, 9790204
182985, 9788157
179259, 9790237
190589, 9794078
181251, 9783474
183994, 9778906
189687, 9778180
190379, 9786974
184503, 9774688
187226, 9789305
182548, 9782538
185429, 9793329
182790, 9789539
180010, 9795060
184587, 9789462
181470, 9796045
187949, 9774239
179236, 9794573
179825, 9783703
183394, 9780275
185466, 9779252
189107, 9788524
184228, 9792618
180871, 9777562
181066, 9784338
181562, 9777823
181579, 9784137
180234, 9773140
183059, 9791049
178737, 9785108
180854, 9783226
185292, 9793770
190567, 9780718
182909, 9773549
189694, 9777939
179635, 9795391
181330, 9794711
181465, 9791137
184345, 9781419
188989, 9772666
187082, 9780365
187975, 9787378
182502, 9779250
187950, 9774612
190112, 9775613
189425, 9775736
189928, 9774346
189131, 9794980
184357, 9788358
186771, 9781207
