# Number of control cameras to place = 50 (includes 50 opportunistic sightings + 0 placed randomly)
186816, 9780405
188821, 9773679
187947, 9775137
189838, 9776938
187993, 9775570
184401, 9782111
187664, 9782136
187505, 9776340
184825, 9774438
186084, 9778147
189552, 9774363
185522, 9775615
184317, 9774890
189137, 9780223
185157, 9781151
188635, 9772278
187906, 9773854
186909, 9776413
188902, 9773844
184391, 9781355
186692, 9779440
185414, 9779395
189590, 9781493
187192, 9775011
186811, 9773126
189970, 9781901
186653, 9775579
187778, 9779127
185546, 9773870
187118, 9778050
189795, 9773402
188103, 9774058
187020, 9777045
190465, 9780009
185515, 9775825
189884, 9773460
189843, 9771870
189156, 9776001
187429, 9780429
187879, 9775713
184970, 9775405
189651, 9771773
186905, 9774572
184488, 9777437
189376, 9782047
186263, 9776241
186463, 9774196
184116, 9781382
188055, 9778473
188568, 9780484
