# Number of control cameras to place = 50 (includes 50 opportunistic sightings + 0 placed randomly)
188633, 9793572
183469, 9788465
183219, 9796119
188259, 9795890
188722, 9791657
182497, 9784145
178553, 9798103
182290, 9794615
185100, 9791614
188776, 9798060
180585, 9793283
181800, 9797894
189969, 9793135
181312, 9796450
190245, 9788616
186460, 9795095
180059, 9791159
184607, 9785803
187319, 9797168
183717, 9794937
179839, 9782159
187993, 9797100
184586, 9782447
181065, 9786191
188754, 9796758
188745, 9789617
179724, 9797324
187579, 9786691
186078, 9795277
184341, 9793108
189916, 9798412
186594, 9784709
183654, 9793628
179027, 9796866
179785, 9782749
180352, 9797741
178394, 9783771
188453, 9787265
189368, 9798416
181003, 9787381
178488, 9795237
187141, 9791655
181073, 9782644
186745, 9782963
184103, 9788849
180163, 9794781
186585, 9784484
182656, 9796235
186544, 9789033
184822, 9789949
