# Number of control cameras to place = 54 (includes 54 opportunistic sightings + 0 placed randomly)
181018, 9790815
185117, 9791721
179474, 9796356
187632, 9796953
181508, 9793357
190438, 9798965
181429, 9788286
183294, 9792106
188074, 9790854
178442, 9793456
187446, 9782937
183617, 9788936
181759, 9798005
181332, 9787560
184200, 9799208
179182, 9792402
186209, 9791189
184370, 9791678
182294, 9788516
186538, 9791371
188245, 9786868
185452, 9788345
187521, 9783420
182381, 9798409
190400, 9794659
188908, 9792962
178953, 9790494
181106, 9797194
183013, 9788502
188877, 9784117
184050, 9789322
180362, 9782907
190023, 9790047
182014, 9786686
189652, 9783442
187886, 9797021
187084, 9784656
178561, 9792664
188686, 9795846
179038, 9790105
188799, 9789711
188137, 9788953
178955, 9785583
189453, 9790754
177911, 9797868
185791, 9785256
185770, 9798560
182016, 9793340
188681, 9785714
180066, 9783262
182214, 9787982
185946, 9791286
177834, 9793000
179420, 9788215
