# Number of control cameras to place = 50 (includes 50 opportunistic sightings + 0 placed randomly)
189517, 9785417
181087, 9789647
180581, 9793795
183840, 9789014
189948, 9799215
187182, 9792475
182901, 9789431
187541, 9785214
190222, 9785559
186261, 9785982
180328, 9786417
178366, 9788696
185848, 9795347
183415, 9788583
187104, 9796768
181477, 9782204
182130, 9786530
190395, 9798175
180141, 9786771
186251, 9794983
188048, 9786144
189590, 9797770
180046, 9784194
188935, 9788594
188410, 9795484
183485, 9795194
179396, 9793483
183785, 9796160
180446, 9785892
190658, 9782672
179976, 9787398
184435, 9795260
185912, 9791998
188786, 9783323
189439, 9784541
185986, 9797546
180969, 9785344
187352, 9795038
181214, 9784116
183838, 9794038
177883, 9794269
181072, 9783266
184686, 9784134
184579, 9789144
179964, 9793372
189568, 9799048
180153, 9791700
179791, 9797167
182140, 9784843
185943, 9798156
