# Number of control cameras to place = 50 (includes 50 opportunistic sightings + 0 placed randomly)
184398, 9798713
178753, 9794826
181719, 9788703
181385, 9789064
181944, 9793741
186066, 9786140
188960, 9785208
189798, 9792284
189956, 9791926
184893, 9786636
188030, 9794350
189482, 9785929
184560, 9785257
189824, 9790677
177892, 9785630
178551, 9797423
185381, 9791404
180634, 9798370
187588, 9782493
181657, 9795795
185008, 9784705
182058, 9791699
185740, 9784754
183957, 9794144
181426, 9784831
189518, 9792167
180846, 9788259
183790, 9786639
182999, 9789313
180656, 9789916
178076, 9797975
181667, 9783401
190046, 9788703
181162, 9793142
188338, 9785181
189786, 9790554
182054, 9790329
184893, 9791936
178629, 9791429
184942, 9794800
181441, 9795803
188112, 9797546
183937, 9797407
179212, 9794860
179992, 9788803
182247, 9786366
179122, 9792791
184329, 9796832
190324, 9797423
181208, 9794885
