# Number of control cameras to place = 50 (includes 0 opportunistic sightings + 50 placed randomly)
187499, 9794361
190561, 9798098
188691, 9792349
189977, 9796017
182585, 9789944
180676, 9792274
187419, 9787388
181102, 9784664
186913, 9783034
187042, 9794978
183518, 9782187
177968, 9789337
188918, 9792130
178094, 9796615
181307, 9793005
187271, 9792337
186680, 9797851
182522, 9788546
178519, 9793912
179122, 9788337
179476, 9784359
177910, 9784580
182342, 9795041
180920, 9798998
185697, 9790778
186503, 9789467
185491, 9786190
180685, 9795710
182065, 9798616
179686, 9793031
178797, 9796264
187799, 9795974
189098, 9785549
186942, 9793588
186277, 9785192
189619, 9791106
179381, 9789900
179503, 9790692
189383, 9787401
188574, 9783630
179716, 9786663
184861, 9798387
178732, 9784217
182713, 9786107
180959, 9782702
182074, 9783582
186161, 9787733
185222, 9798747
181243, 9783668
190438, 9785561
