# Number of control cameras to place = 54 (includes 54 opportunistic sightings + 0 placed randomly)
181090, 9786631
184482, 9799201
179881, 9790540
189537, 9787904
179446, 9796880
184250, 9797096
185896, 9797131
177789, 9793236
183188, 9790149
181348, 9792674
178398, 9788017
184848, 9792380
184871, 9797185
187405, 9790259
185288, 9785804
182122, 9791428
188541, 9795604
188140, 9783412
190574, 9791778
180996, 9784224
190244, 9790501
188048, 9795690
183937, 9797344
181188, 9785946
180334, 9796698
187248, 9794092
182360, 9789037
183944, 9794952
183466, 9798806
190397, 9787317
187078, 9796974
185598, 9789384
185354, 9783402
186190, 9797883
180439, 9789108
185354, 9793614
189509, 9789353
181823, 9787509
179296, 9798384
184628, 9797809
183071, 9791964
178607, 9784832
190194, 9787842
180447, 9783794
189449, 9795295
181624, 9783203
179386, 9787889
179121, 9796795
189748, 9783410
181695, 9782275
183460, 9789430
182513, 9793736
183250, 9794299
181754, 9784956
