# Number of control cameras to place = 50 (includes 50 opportunistic sightings + 0 placed randomly)
176009, 9775424
170891, 9780133
179363, 9782239
177795, 9787434
180403, 9784530
173676, 9788257
171906, 9780563
171487, 9786820
174569, 9786421
178646, 9790726
179482, 9789461
173507, 9786380
175404, 9788422
180335, 9792697
173851, 9781563
177237, 9776866
175966, 9784391
180261, 9775418
173714, 9775931
178985, 9792795
173977, 9788297
178141, 9789268
172763, 9776965
176089, 9778805
174409, 9782304
177107, 9784093
171026, 9788414
174642, 9785897
172858, 9783182
174055, 9776051
176730, 9787119
176774, 9788263
175080, 9785929
175256, 9784791
176903, 9789452
177605, 9792604
173793, 9782495
174639, 9779387
178476, 9783580
178037, 9777941
179409, 9775363
173780, 9781404
171658, 9777798
174011, 9790213
172902, 9779161
175643, 9777195
173213, 9780425
176626, 9782713
175177, 9788795
173522, 9779855
