# Number of control cameras to place = 50 (includes 50 opportunistic sightings + 0 placed randomly)
175932, 9789679
173827, 9790291
173235, 9781997
175648, 9780234
177626, 9779372
174474, 9790794
180313, 9788831
172425, 9784787
179582, 9778268
175071, 9780243
180055, 9775674
175956, 9779993
176365, 9777016
176224, 9786085
174494, 9788476
174448, 9792434
176004, 9789590
174745, 9780577
171885, 9783656
173364, 9791275
175019, 9792120
176746, 9777895
172754, 9787621
172450, 9775520
170878, 9781846
173596, 9791420
177968, 9791731
179067, 9775423
178831, 9788208
175807, 9775777
172607, 9781418
177492, 9777945
174661, 9791570
179782, 9789980
171327, 9786558
172493, 9792598
177586, 9784536
178667, 9783308
176188, 9784175
177928, 9786231
179358, 9781328
176147, 9778329
173710, 9776289
178263, 9776407
172110, 9775417
173016, 9781095
178011, 9785830
179818, 9779314
177547, 9792273
178919, 9792908
