# Number of control cameras to place = 50 (includes 18 opportunistic sightings + 32 placed randomly)
174305, 9781925
172772, 9782444
172252, 9784380
173680, 9782418
173530, 9782042
172252, 9784380
172409, 9782645
173002, 9782693
173674, 9782499
174780, 9785589
172252, 9784380
172231, 9784788
172382, 9782746
173705, 9782250
172257, 9784150
172252, 9784380
172648, 9784319
172294, 9783594
177669, 9783863
177718, 9782856
178614, 9777350
171713, 9790588
174560, 9789249
174819, 9792313
180173, 9781444
173424, 9776464
171787, 9779120
175970, 9776958
173839, 9784098
177241, 9778678
174650, 9785263
173250, 9782753
176010, 9780382
174238, 9789331
171160, 9781613
172197, 9792673
174013, 9782138
171467, 9785194
177374, 9785761
174133, 9788966
179401, 9788715
171288, 9777169
173217, 9779546
175753, 9780470
177951, 9787028
179657, 9791876
173491, 9777199
180031, 9788827
175986, 9778684
173344, 9789245
