# Number of control cameras to place = 54 (includes 11 opportunistic sightings + 43 placed randomly)
172960, 9782526
177811, 9785074
172186, 9784139
173471, 9782883
177570, 9786712
173015, 9784385
178167, 9785220
173183, 9782487
172186, 9784139
172000, 9784617
172235, 9784511
179809, 9792088
176860, 9783324
176294, 9789651
173556, 9778786
174906, 9792004
172272, 9791704
177430, 9791478
175208, 9776564
173018, 9778970
177118, 9777674
175611, 9776479
174253, 9783771
174848, 9789530
180147, 9777303
174973, 9787250
179447, 9783861
178437, 9789990
173591, 9785081
179863, 9777327
179882, 9775950
178401, 9789567
171500, 9779813
173716, 9791278
175308, 9789477
178469, 9790722
173485, 9788145
175051, 9787797
170934, 9778123
175112, 9789037
171802, 9784759
172765, 9789497
172308, 9785653
177738, 9788894
174736, 9780003
180165, 9786058
173025, 9782074
173967, 9781273
178533, 9790192
174679, 9785272
177481, 9789787
179838, 9783339
179767, 9777578
175085, 9779884
