# Number of control cameras to place = 50 (includes 14 opportunistic sightings + 36 placed randomly)
177612, 9776044
175244, 9777033
178463, 9782304
178604, 9783318
174235, 9783755
177661, 9776237
175030, 9783819
175402, 9782983
175402, 9782983
175900, 9783362
179276, 9782535
171364, 9782176
171626, 9782814
177594, 9775853
180260, 9790243
177779, 9790092
179981, 9781256
176080, 9789664
178505, 9776601
180470, 9788855
174044, 9779316
175242, 9785208
175664, 9784127
175676, 9786517
178471, 9782977
176019, 9790380
173135, 9787245
180433, 9791858
173225, 9782424
179597, 9788284
177208, 9778532
173335, 9785280
173912, 9783916
177480, 9780532
174965, 9782964
176478, 9792272
178794, 9776137
173877, 9792366
174470, 9787569
176408, 9777420
173330, 9783664
179936, 9786823
174356, 9784262
177815, 9777578
175548, 9782731
175109, 9785868
173879, 9785079
173420, 9778420
175432, 9786493
179027, 9790296
