# Actual number of control cameras to place = 50
179768, 9782647
179768, 9784938
179768, 9785874
179768, 9787669
179768, 9789782
179768, 9791176
179768, 9792817
179768, 9794735
179768, 9796831
179768, 9798118
182424, 9782647
182424, 9784938
182424, 9785874
182424, 9787669
182424, 9789782
182424, 9791176
182424, 9792817
182424, 9794735
182424, 9796831
182424, 9798118
183018, 9782647
183018, 9784938
183018, 9785874
183018, 9787669
183018, 9789782
183018, 9791176
183018, 9792817
183018, 9794735
183018, 9796831
183018, 9798118
186855, 9782647
186855, 9784938
186855, 9785874
186855, 9787669
186855, 9789782
186855, 9791176
186855, 9792817
186855, 9794735
186855, 9796831
186855, 9798118
190487, 9782647
190487, 9784938
190487, 9785874
190487, 9787669
190487, 9789782
190487, 9791176
190487, 9792817
190487, 9794735
190487, 9796831
190487, 9798118
