# Actual number of control cameras to place = 60
171646, 9777122
171646, 9778076
171646, 9779542
171646, 9780422
171646, 9781435
171646, 9781954
171646, 9783095
171646, 9784097
171646, 9785032
171646, 9786631
171646, 9787346
171646, 9788002
172261, 9777122
172261, 9778076
172261, 9779542
172261, 9780422
172261, 9781435
172261, 9781954
172261, 9783095
172261, 9784097
172261, 9785032
172261, 9786631
172261, 9787346
172261, 9788002
173692, 9777122
173692, 9778076
173692, 9779542
173692, 9780422
173692, 9781435
173692, 9781954
173692, 9783095
173692, 9784097
173692, 9785032
173692, 9786631
173692, 9787346
173692, 9788002
175345, 9777122
175345, 9778076
175345, 9779542
175345, 9780422
175345, 9781435
175345, 9781954
175345, 9783095
175345, 9784097
175345, 9785032
175345, 9786631
175345, 9787346
175345, 9788002
176679, 9777122
176679, 9778076
176679, 9779542
176679, 9780422
176679, 9781435
176679, 9781954
176679, 9783095
176679, 9784097
176679, 9785032
176679, 9786631
176679, 9787346
176679, 9788002
