# Number of control cameras to place = 54 (includes 54 opportunistic sightings + 0 placed randomly)
176077, 9777172
172891, 9787562
175289, 9780690
173251, 9778971
173715, 9782239
172963, 9784115
171630, 9786390
174381, 9781379
174353, 9779066
176848, 9783448
177539, 9780085
171643, 9777083
177122, 9785077
171513, 9782082
177058, 9786934
176352, 9785474
177269, 9783827
177035, 9778970
173176, 9783234
174968, 9781416
174351, 9779898
177450, 9784887
175915, 9780117
174824, 9787009
173699, 9777499
171405, 9783751
176272, 9788239
172147, 9787511
174571, 9777423
173608, 9779948
172688, 9781981
174906, 9784213
173822, 9783197
173711, 9783885
177080, 9788003
177011, 9787598
172591, 9786756
175394, 9788546
174193, 9783572
174551, 9782470
175703, 9782020
176106, 9786232
173685, 9784371
175683, 9779421
173000, 9781392
177477, 9777437
177120, 9778272
174779, 9785524
175876, 9783370
172955, 9778538
174736, 9781167
175792, 9784421
177029, 9784429
174636, 9784948
