# Number of control cameras to place = 54 (includes 3 opportunistic sightings + 51 placed randomly)
171106, 9782218
171106, 9782218
172379, 9784456
176252, 9785055
174211, 9782332
171550, 9784082
174950, 9781989
177666, 9785268
172580, 9781615
172632, 9777635
173039, 9777569
174130, 9782525
174034, 9781405
175438, 9787661
173745, 9787032
176988, 9784468
172976, 9782381
174108, 9787668
177101, 9780768
171466, 9782783
175414, 9786607
174974, 9788734
175974, 9780317
173158, 9783510
177109, 9781413
171542, 9778353
171619, 9782961
177266, 9782275
175446, 9788312
172313, 9777316
173934, 9781253
172415, 9777258
171291, 9778813
171105, 9777468
176585, 9785220
174286, 9779595
175216, 9778202
174340, 9783110
173798, 9777784
177427, 9786736
173913, 9783652
177339, 9780737
172138, 9778648
171040, 9787146
172290, 9783574
173539, 9777907
175880, 9785985
173247, 9783816
171785, 9776831
176651, 9782653
173983, 9782534
172108, 9786568
172296, 9784281
171684, 9781045
