# Number of control cameras to place = 50 (includes 16 opportunistic sightings + 34 placed randomly)
172824, 9785008
172186, 9784139
171846, 9786474
172028, 9784607
172186, 9784139
173054, 9782457
172850, 9782646
173015, 9784385
172186, 9784139
171952, 9786440
172772, 9782738
172186, 9784139
171618, 9782770
172860, 9783868
172050, 9784601
172186, 9784139
172657, 9786616
172016, 9780952
172258, 9786390
174208, 9779643
175606, 9778435
172627, 9781530
173402, 9779886
176860, 9785155
172456, 9787455
176980, 9780132
172962, 9781472
176435, 9785751
174518, 9788627
172821, 9785191
177369, 9787799
172254, 9786696
172760, 9785919
174892, 9785691
170959, 9782491
175829, 9781673
172128, 9777511
174749, 9781979
175110, 9784983
175985, 9781039
172640, 9784804
173326, 9785782
170886, 9781807
171266, 9777939
177138, 9777711
176488, 9784586
171926, 9783870
174683, 9786810
173201, 9788733
171649, 9784691
