# Actual number of control cameras to place = 60
174400, 9782318
174400, 9782625
174400, 9784171
174400, 9784670
174400, 9786017
174400, 9786697
174400, 9787733
174400, 9789117
174400, 9789731
174400, 9790404
174400, 9791905
174400, 9792968
176302, 9782318
176302, 9782625
176302, 9784171
176302, 9784670
176302, 9786017
176302, 9786697
176302, 9787733
176302, 9789117
176302, 9789731
176302, 9790404
176302, 9791905
176302, 9792968
176844, 9782318
176844, 9782625
176844, 9784171
176844, 9784670
176844, 9786017
176844, 9786697
176844, 9787733
176844, 9789117
176844, 9789731
176844, 9790404
176844, 9791905
176844, 9792968
178561, 9782318
178561, 9782625
178561, 9784171
178561, 9784670
178561, 9786017
178561, 9786697
178561, 9787733
178561, 9789117
178561, 9789731
178561, 9790404
178561, 9791905
178561, 9792968
179862, 9782318
179862, 9782625
179862, 9784171
179862, 9784670
179862, 9786017
179862, 9786697
179862, 9787733
179862, 9789117
179862, 9789731
179862, 9790404
179862, 9791905
179862, 9792968
