# Actual number of control cameras to place = 50
180076, 9782791
180076, 9784005
180076, 9785651
180076, 9788685
180076, 9790522
180076, 9791838
180076, 9792844
180076, 9794347
180076, 9796688
180076, 9798711
182186, 9782791
182186, 9784005
182186, 9785651
182186, 9788685
182186, 9790522
182186, 9791838
182186, 9792844
182186, 9794347
182186, 9796688
182186, 9798711
184180, 9782791
184180, 9784005
184180, 9785651
184180, 9788685
184180, 9790522
184180, 9791838
184180, 9792844
184180, 9794347
184180, 9796688
184180, 9798711
186614, 9782791
186614, 9784005
186614, 9785651
186614, 9788685
186614, 9790522
186614, 9791838
186614, 9792844
186614, 9794347
186614, 9796688
186614, 9798711
188327, 9782791
188327, 9784005
188327, 9785651
188327, 9788685
188327, 9790522
188327, 9791838
188327, 9792844
188327, 9794347
188327, 9796688
188327, 9798711
