# Actual number of control cameras to place = 48
174631, 9781888
174631, 9782945
174631, 9784017
174631, 9784818
174631, 9785695
174631, 9786887
174631, 9787797
174631, 9788960
174631, 9789562
174631, 9790657
174631, 9791911
174631, 9792532
176896, 9781888
176896, 9782945
176896, 9784017
176896, 9784818
176896, 9785695
176896, 9786887
176896, 9787797
176896, 9788960
176896, 9789562
176896, 9790657
176896, 9791911
176896, 9792532
178719, 9781888
178719, 9782945
178719, 9784017
178719, 9784818
178719, 9785695
178719, 9786887
178719, 9787797
178719, 9788960
178719, 9789562
178719, 9790657
178719, 9791911
178719, 9792532
179588, 9781888
179588, 9782945
179588, 9784017
179588, 9784818
179588, 9785695
179588, 9786887
179588, 9787797
179588, 9788960
179588, 9789562
179588, 9790657
179588, 9791911
179588, 9792532
