# Actual number of control cameras to place = 60
174423, 9782296
174423, 9782994
174423, 9783625
174423, 9785067
174423, 9785958
174423, 9786630
174423, 9787636
174423, 9788577
174423, 9789480
174423, 9790331
174423, 9791732
174423, 9792481
175443, 9782296
175443, 9782994
175443, 9783625
175443, 9785067
175443, 9785958
175443, 9786630
175443, 9787636
175443, 9788577
175443, 9789480
175443, 9790331
175443, 9791732
175443, 9792481
177377, 9782296
177377, 9782994
177377, 9783625
177377, 9785067
177377, 9785958
177377, 9786630
177377, 9787636
177377, 9788577
177377, 9789480
177377, 9790331
177377, 9791732
177377, 9792481
178119, 9782296
178119, 9782994
178119, 9783625
178119, 9785067
178119, 9785958
178119, 9786630
178119, 9787636
178119, 9788577
178119, 9789480
178119, 9790331
178119, 9791732
178119, 9792481
179768, 9782296
179768, 9782994
179768, 9783625
179768, 9785067
179768, 9785958
179768, 9786630
179768, 9787636
179768, 9788577
179768, 9789480
179768, 9790331
179768, 9791732
179768, 9792481
