# Actual number of control cameras to place = 60
174399, 9782019
174399, 9783069
174399, 9783581
174399, 9784831
174399, 9785902
174399, 9786724
174399, 9787681
174399, 9788479
174399, 9789834
174399, 9790635
174399, 9791589
174399, 9792515
176493, 9782019
176493, 9783069
176493, 9783581
176493, 9784831
176493, 9785902
176493, 9786724
176493, 9787681
176493, 9788479
176493, 9789834
176493, 9790635
176493, 9791589
176493, 9792515
177180, 9782019
177180, 9783069
177180, 9783581
177180, 9784831
177180, 9785902
177180, 9786724
177180, 9787681
177180, 9788479
177180, 9789834
177180, 9790635
177180, 9791589
177180, 9792515
178521, 9782019
178521, 9783069
178521, 9783581
178521, 9784831
178521, 9785902
178521, 9786724
178521, 9787681
178521, 9788479
178521, 9789834
178521, 9790635
178521, 9791589
178521, 9792515
180215, 9782019
180215, 9783069
180215, 9783581
180215, 9784831
180215, 9785902
180215, 9786724
180215, 9787681
180215, 9788479
180215, 9789834
180215, 9790635
180215, 9791589
180215, 9792515
