# Number of control cameras to place = 54 (includes 54 opportunistic sightings + 0 placed randomly)
179372, 9785966
174296, 9785640
175642, 9789867
174675, 9781773
174976, 9783308
176965, 9790659
179245, 9791434
175344, 9790631
179000, 9787267
178755, 9790560
179942, 9790599
176103, 9783803
180227, 9783377
179321, 9789841
178840, 9786699
176193, 9791382
178835, 9791547
177181, 9782417
174205, 9790913
175662, 9782934
174445, 9787361
177878, 9790737
179601, 9789763
179077, 9788570
177819, 9782107
174791, 9792361
180114, 9786068
177118, 9792773
178564, 9791620
176001, 9788905
177168, 9782107
175854, 9791416
179851, 9792961
174460, 9789202
179829, 9791693
179769, 9784461
180049, 9789652
177528, 9784140
174949, 9783823
175178, 9792220
178257, 9787982
176049, 9781629
175624, 9784356
176873, 9783235
177057, 9790836
177560, 9786382
176332, 9785894
179106, 9787275
178124, 9792252
179520, 9792060
176570, 9793037
177248, 9781630
174546, 9790215
178677, 9789784
