# Number of control cameras to place = 54 (includes 3 opportunistic sightings + 51 placed randomly)
175573, 9784763
178309, 9782678
178111, 9784399
175000, 9783650
176433, 9783599
180317, 9783159
180001, 9789922
175220, 9790955
175661, 9784157
176671, 9781708
179634, 9786688
180245, 9781678
176611, 9783235
176559, 9789143
176332, 9784816
179195, 9789552
175469, 9783751
178451, 9784804
175904, 9791872
179970, 9791569
174131, 9783642
175928, 9783323
174456, 9789093
176941, 9784739
176948, 9782210
180414, 9787580
177417, 9786683
177669, 9782183
175499, 9786939
175386, 9789581
176654, 9781968
177128, 9785034
175220, 9781745
179246, 9792118
174620, 9782408
176344, 9789439
174930, 9787567
175812, 9782161
177995, 9789630
178376, 9783002
174599, 9791806
177049, 9789353
174211, 9791646
174465, 9791864
176638, 9790760
175357, 9782371
176519, 9785635
176726, 9785014
176035, 9789153
174260, 9789737
178346, 9791778
178812, 9788267
179259, 9784040
179640, 9791847
