# Number of control cameras to place = 50 (includes 12 opportunistic sightings + 38 placed randomly)
180130, 9786438
179470, 9785709
178222, 9785072
180221, 9784775
178936, 9781489
177271, 9783101
179828, 9786981
178794, 9781743
178262, 9782768
180121, 9784349
178323, 9782598
177852, 9782868
177871, 9784597
179432, 9782802
177427, 9786347
178651, 9784007
179124, 9783067
179539, 9787135
179821, 9789060
174341, 9783949
176199, 9789784
178497, 9782422
174531, 9783235
179712, 9792056
176086, 9783727
179977, 9792663
180159, 9789004
180066, 9785298
177064, 9790302
178915, 9782639
178492, 9792901
179959, 9783968
174781, 9787330
174954, 9787839
177466, 9791463
179328, 9790345
178018, 9783854
174237, 9789752
175697, 9782744
177216, 9785529
180338, 9782975
176859, 9785110
175579, 9786852
177050, 9792831
178955, 9791998
177782, 9791055
177714, 9783242
178158, 9788118
177373, 9793013
175841, 9781717
