# Number of control cameras to place = 50 (includes 0 opportunistic sightings + 50 placed randomly)
176148, 9793029
177405, 9790697
178967, 9785782
175281, 9791451
175900, 9789975
175236, 9784440
176824, 9786612
178729, 9783374
174726, 9785786
180037, 9786806
180025, 9787406
178896, 9785566
178759, 9790190
174463, 9789214
174221, 9785798
174325, 9788010
176085, 9791343
175571, 9786090
177222, 9792221
177669, 9787990
179611, 9781951
176502, 9784991
174664, 9783109
180254, 9786466
178131, 9784394
180014, 9787073
174716, 9787343
174915, 9792024
179448, 9785369
177869, 9792974
178341, 9785009
178278, 9790071
179839, 9784513
177555, 9786694
176486, 9792341
177584, 9785539
177109, 9788064
177560, 9783446
174122, 9784466
179482, 9782348
175023, 9783697
175891, 9785801
178862, 9790726
178545, 9789215
175657, 9788763
177446, 9789448
178271, 9782313
176844, 9783806
178669, 9787322
175053, 9786764
