# Number of control cameras to place = 50 (includes 16 opportunistic sightings + 34 placed randomly)
179824, 9784799
180144, 9784977
179867, 9784808
179639, 9784589
180120, 9784825
178207, 9792443
180413, 9785552
177995, 9792246
179996, 9785231
179233, 9784434
180033, 9786249
180386, 9785586
179996, 9785231
180152, 9784989
178492, 9792527
179445, 9784527
184307, 9795018
189834, 9783594
186059, 9799152
187665, 9798486
188597, 9789219
181166, 9789372
187342, 9793709
187855, 9792628
184009, 9792306
189600, 9784254
181681, 9793421
189684, 9785122
183118, 9787470
190057, 9792928
185767, 9788652
186818, 9787305
187076, 9788559
187213, 9789172
186195, 9792500
181827, 9789717
189040, 9786833
190507, 9788554
187026, 9787596
190357, 9793592
178915, 9795214
182918, 9794839
181745, 9792713
183785, 9792431
183033, 9788680
181300, 9796309
182603, 9792378
188202, 9787163
179655, 9795982
184228, 9787709
