# Number of control cameras to place = 50 (includes 4 opportunistic sightings + 46 placed randomly)
177949, 9785920
177253, 9785978
178569, 9784564
177734, 9786120
177519, 9782084
175768, 9784408
178158, 9792133
177533, 9784233
174628, 9783599
177486, 9790238
175781, 9790717
178231, 9781640
179256, 9791972
177011, 9792881
178269, 9785872
175898, 9782025
177663, 9783197
174941, 9783702
180277, 9781862
174999, 9786998
178736, 9785009
177689, 9784526
177681, 9792651
178592, 9792816
178274, 9789095
174247, 9781962
176897, 9782268
174259, 9783122
177487, 9787104
174245, 9787829
179263, 9782334
178907, 9782429
178559, 9787904
178804, 9791805
174443, 9789350
178198, 9786423
179291, 9788013
174316, 9787322
177890, 9784687
180023, 9781663
177936, 9791702
174769, 9786935
178312, 9791197
177878, 9782719
178496, 9791190
177499, 9791159
176591, 9791337
177949, 9789569
179826, 9792662
174226, 9787193
