# Number of control cameras to place = 54 (includes 8 opportunistic sightings + 46 placed randomly)
178604, 9783066
178369, 9782832
177501, 9782865
178412, 9782966
178263, 9782888
178508, 9782224
178190, 9782467
177257, 9783023
179356, 9782161
174531, 9784024
176431, 9786041
178510, 9784513
175255, 9792838
176663, 9787074
174763, 9788075
175303, 9787943
175687, 9790707
174199, 9786877
178930, 9790681
177948, 9791300
177469, 9784622
177106, 9784154
179721, 9783459
178940, 9790271
175343, 9791148
180409, 9786497
176165, 9782949
177704, 9787050
175914, 9792510
178395, 9781614
175827, 9783326
179661, 9785615
174920, 9790318
175154, 9791400
175118, 9786046
178257, 9791367
175405, 9782941
174313, 9783950
178846, 9786899
178341, 9791532
174494, 9782195
174458, 9783588
177680, 9784489
177553, 9784709
174482, 9792464
178720, 9790036
176180, 9792299
176843, 9792218
178895, 9785162
177642, 9781739
176256, 9788894
177172, 9781755
174983, 9791915
177360, 9781988
