# Number of control cameras to place = 54 (includes 1 opportunistic sightings + 53 placed randomly)
178005, 9783478
180216, 9786198
174336, 9787433
178950, 9790597
180360, 9791238
176131, 9784821
179836, 9790295
177492, 9786536
178862, 9786909
178113, 9787444
176685, 9789921
176557, 9781678
177477, 9792131
174194, 9792417
175640, 9784756
178302, 9785878
177314, 9789072
175333, 9789395
177017, 9782386
175269, 9790132
176723, 9790288
178106, 9783055
177307, 9783128
180341, 9790393
175538, 9791325
180272, 9791404
175253, 9781957
177141, 9788068
174532, 9789794
175701, 9783770
177451, 9790546
178086, 9784094
174964, 9781894
176706, 9782574
177444, 9785656
180270, 9783032
174731, 9783592
178285, 9792255
174994, 9788843
174312, 9790636
174620, 9785574
176251, 9782370
176906, 9788340
178809, 9789087
177781, 9791265
178736, 9784442
177031, 9791992
180262, 9783809
180397, 9788398
177116, 9783834
177091, 9790106
177118, 9784805
174297, 9790092
177171, 9786495
