# Number of control cameras to place = 50 (includes 33 opportunistic sightings + 17 placed randomly)
178074, 9783670
179637, 9786047
179336, 9785546
179535, 9785579
178074, 9783670
178169, 9783544
179815, 9785948
179923, 9786274
178041, 9783395
179785, 9785805
177753, 9785239
178074, 9783670
178041, 9783395
177860, 9783013
179231, 9788125
178074, 9783670
179923, 9786274
178029, 9783371
178074, 9783670
178041, 9783395
179567, 9785773
178074, 9783670
178744, 9788117
179663, 9785910
178074, 9783670
177857, 9782946
178074, 9783670
179567, 9785773
178041, 9783395
179758, 9785749
177638, 9782844
179241, 9788025
178041, 9783395
178425, 9787151
187229, 9798021
188549, 9798441
183969, 9791597
182265, 9791348
178230, 9782224
182283, 9786340
185139, 9782174
185363, 9787306
179029, 9791498
184145, 9790912
181764, 9797620
182684, 9790802
178107, 9794543
188633, 9790487
190261, 9795280
188627, 9787662
