# Number of control cameras to place = 50 (includes 8 opportunistic sightings + 42 placed randomly)
178475, 9783442
179468, 9784578
177428, 9785056
177420, 9785106
179248, 9782654
178990, 9784790
178873, 9782539
178475, 9783442
177092, 9783503
180252, 9788023
179956, 9784176
178444, 9790785
179475, 9789340
179292, 9790972
175440, 9781717
176081, 9791106
179984, 9784443
177843, 9781618
175966, 9784120
177028, 9785588
177434, 9787918
175236, 9789397
174701, 9789478
178437, 9792599
176144, 9786099
176161, 9788094
180296, 9792198
178306, 9784653
177739, 9788028
176502, 9786832
177505, 9792716
179445, 9781826
176564, 9792459
174246, 9789572
176042, 9785730
175582, 9787220
178813, 9790885
178075, 9789586
175631, 9791381
174729, 9793000
176911, 9789952
178897, 9789773
175653, 9787843
177256, 9788653
175045, 9787170
177080, 9791031
177266, 9782796
177479, 9790882
180426, 9781683
178385, 9791543
