# Number of control cameras to place = 50 (includes 14 opportunistic sightings + 36 placed randomly)
176152, 9784403
177047, 9788912
176152, 9784403
176152, 9784403
177092, 9783716
176152, 9784403
176152, 9784403
176152, 9784403
177247, 9786880
176152, 9784403
176152, 9784403
176152, 9784403
176152, 9784403
176152, 9784403
175194, 9784030
176854, 9789441
177938, 9786341
176168, 9791395
176063, 9783858
174541, 9788187
179831, 9789575
179037, 9790548
175469, 9785980
178653, 9788638
176460, 9784893
180014, 9787748
176933, 9793003
178672, 9791061
179605, 9790848
179873, 9790633
174627, 9788726
178074, 9792254
179845, 9786473
176347, 9788892
176787, 9786989
175187, 9787817
179416, 9786287
179497, 9781911
176357, 9792290
179107, 9784561
177806, 9787038
174333, 9786676
176711, 9789465
177128, 9785029
176026, 9790171
180405, 9785359
179198, 9792723
176706, 9788870
176679, 9792036
175212, 9786617
