# Number of control cameras to place = 54 (includes 2 opportunistic sightings + 52 placed randomly)
176677, 9782015
175992, 9783103
177934, 9784786
174949, 9779521
175461, 9776334
175639, 9774568
177241, 9790503
177795, 9790769
176214, 9787119
179803, 9788476
175008, 9779834
178941, 9789847
178435, 9785125
178640, 9787265
175113, 9777489
175726, 9779251
176481, 9786907
179665, 9780441
180078, 9785145
179560, 9788941
176509, 9785787
176516, 9779087
177039, 9780881
175700, 9790801
175891, 9777466
177679, 9777304
174228, 9774961
176710, 9785039
179678, 9775740
178295, 9788702
175387, 9790125
174821, 9778546
177033, 9781350
179738, 9790245
177390, 9781827
176055, 9781059
174950, 9779631
174085, 9783702
178800, 9783950
176838, 9790461
179449, 9786570
174384, 9782128
173850, 9774606
177668, 9781480
180308, 9785632
174031, 9787380
176739, 9780815
175354, 9782789
176727, 9783052
178691, 9779074
173860, 9780555
178889, 9780777
174660, 9774792
177612, 9784977
