# Actual number of control cameras to place = 60
171053, 9777322
171053, 9778562
171053, 9779485
171053, 9780228
171053, 9781169
171053, 9782138
171053, 9783561
171053, 9784618
171053, 9785650
171053, 9786149
171053, 9787176
171053, 9788735
172289, 9777322
172289, 9778562
172289, 9779485
172289, 9780228
172289, 9781169
172289, 9782138
172289, 9783561
172289, 9784618
172289, 9785650
172289, 9786149
172289, 9787176
172289, 9788735
174275, 9777322
174275, 9778562
174275, 9779485
174275, 9780228
174275, 9781169
174275, 9782138
174275, 9783561
174275, 9784618
174275, 9785650
174275, 9786149
174275, 9787176
174275, 9788735
175663, 9777322
175663, 9778562
175663, 9779485
175663, 9780228
175663, 9781169
175663, 9782138
175663, 9783561
175663, 9784618
175663, 9785650
175663, 9786149
175663, 9787176
175663, 9788735
176666, 9777322
176666, 9778562
176666, 9779485
176666, 9780228
176666, 9781169
176666, 9782138
176666, 9783561
176666, 9784618
176666, 9785650
176666, 9786149
176666, 9787176
176666, 9788735
