# Number of control cameras to place = 50 (includes 50 opportunistic sightings + 0 placed randomly)
180903, 9782239
186386, 9792275
186769, 9786894
181917, 9784416
180413, 9797709
188882, 9788165
180437, 9798234
185724, 9795461
189542, 9790869
190027, 9782283
185871, 9782476
182076, 9798150
186340, 9782318
188399, 9799071
185252, 9793212
189198, 9785701
179272, 9783258
188628, 9785267
185963, 9785232
185473, 9782267
179346, 9783526
178035, 9783819
190635, 9785724
186379, 9787680
183766, 9798569
185758, 9786223
184676, 9789720
179252, 9793532
177927, 9786477
187602, 9797571
182763, 9785788
181669, 9790662
188107, 9789009
182977, 9796746
187041, 9783715
186073, 9796532
180658, 9795173
179188, 9794286
180492, 9786512
190335, 9795593
185317, 9786778
188778, 9791326
178764, 9799078
187664, 9789500
190651, 9784478
178247, 9795285
183093, 9798366
186909, 9794049
179877, 9787985
184817, 9786862
