# Number of control cameras to place = 50 (includes 10 opportunistic sightings + 40 placed randomly)
172171, 9785756
171494, 9783313
172825, 9784975
171494, 9783313
171941, 9783329
173721, 9785293
171984, 9784738
172145, 9786052
171494, 9783313
171984, 9784738
171539, 9779560
171127, 9783410
176409, 9779176
171464, 9779417
174669, 9785050
171292, 9785303
172638, 9778467
176712, 9781411
171973, 9787255
175881, 9785972
177506, 9783375
175554, 9783599
173743, 9785076
175759, 9782947
172924, 9788151
173356, 9778643
177198, 9784317
171019, 9785489
173686, 9786855
171068, 9777695
173049, 9783599
173341, 9782838
173383, 9786858
175693, 9786955
175767, 9788548
171347, 9787111
171840, 9777717
174245, 9786505
175797, 9778986
177383, 9778768
174482, 9784501
174835, 9777584
171024, 9787874
172333, 9786382
177346, 9780710
175321, 9787105
176053, 9782220
176588, 9785409
172951, 9786174
171360, 9781100
