# Number of control cameras to place = 50 (includes 11 opportunistic sightings + 39 placed randomly)
173102, 9784134
173013, 9784544
173365, 9785347
173467, 9785133
173013, 9784544
173467, 9785133
173055, 9784543
173365, 9785347
173102, 9784134
171106, 9782218
173057, 9784637
172412, 9780308
171861, 9782799
174217, 9778304
174053, 9782201
175737, 9778166
172620, 9780618
173986, 9779964
176817, 9778471
175281, 9781793
172907, 9782276
175654, 9781044
171184, 9786295
175896, 9780559
171152, 9785577
175087, 9783751
173668, 9776979
172200, 9785715
176488, 9779083
177129, 9782932
177685, 9782085
174131, 9788718
176627, 9784667
175296, 9786491
172956, 9786111
172401, 9776795
177543, 9786626
171465, 9779264
177182, 9780305
176972, 9781629
172891, 9778203
174664, 9781834
171453, 9786263
173834, 9783610
175315, 9785597
171620, 9785995
174328, 9776889
176531, 9788665
171387, 9787055
171863, 9780126
