# Actual number of control cameras to place = 50
178246, 9783105
178246, 9784105
178246, 9786703
178246, 9787988
178246, 9790461
178246, 9791983
178246, 9792584
178246, 9795747
178246, 9797172
178246, 9798651
181690, 9783105
181690, 9784105
181690, 9786703
181690, 9787988
181690, 9790461
181690, 9791983
181690, 9792584
181690, 9795747
181690, 9797172
181690, 9798651
183403, 9783105
183403, 9784105
183403, 9786703
183403, 9787988
183403, 9790461
183403, 9791983
183403, 9792584
183403, 9795747
183403, 9797172
183403, 9798651
187230, 9783105
187230, 9784105
187230, 9786703
187230, 9787988
187230, 9790461
187230, 9791983
187230, 9792584
187230, 9795747
187230, 9797172
187230, 9798651
189758, 9783105
189758, 9784105
189758, 9786703
189758, 9787988
189758, 9790461
189758, 9791983
189758, 9792584
189758, 9795747
189758, 9797172
189758, 9798651
