# Actual number of control cameras to place = 45
179332, 9782917
179332, 9784429
179332, 9787547
179332, 9788505
179332, 9790512
179332, 9792399
179332, 9794098
179332, 9796357
179332, 9798995
182422, 9782917
182422, 9784429
182422, 9787547
182422, 9788505
182422, 9790512
182422, 9792399
182422, 9794098
182422, 9796357
182422, 9798995
183173, 9782917
183173, 9784429
183173, 9787547
183173, 9788505
183173, 9790512
183173, 9792399
183173, 9794098
183173, 9796357
183173, 9798995
187525, 9782917
187525, 9784429
187525, 9787547
187525, 9788505
187525, 9790512
187525, 9792399
187525, 9794098
187525, 9796357
187525, 9798995
189333, 9782917
189333, 9784429
189333, 9787547
189333, 9788505
189333, 9790512
189333, 9792399
189333, 9794098
189333, 9796357
189333, 9798995
