# Number of control cameras to place = 54 (includes 8 opportunistic sightings + 46 placed randomly)
184130, 9791198
185326, 9790977
182914, 9789693
183403, 9787951
185416, 9792464
185214, 9785576
182648, 9797865
185351, 9791340
182028, 9789298
178928, 9796324
188030, 9790601
190144, 9783216
179487, 9793362
179728, 9789788
182592, 9793281
188218, 9793989
181569, 9797669
188474, 9796857
189746, 9782349
190148, 9791555
187208, 9791252
180270, 9796068
188495, 9795608
186121, 9786238
184866, 9796977
181069, 9789613
180215, 9797557
186976, 9790813
187044, 9791723
184018, 9793929
180348, 9789745
187604, 9793758
178910, 9789664
189899, 9799063
183348, 9791305
183448, 9789712
183138, 9785402
189954, 9793540
189383, 9783852
187695, 9789418
178960, 9797973
183351, 9793100
180433, 9783714
182686, 9790894
183679, 9786438
190718, 9793573
181360, 9783874
183470, 9785999
182625, 9791793
184982, 9788582
186347, 9791726
182864, 9782685
180898, 9793878
180581, 9782984
