# Number of control cameras to place = 54 (includes 11 opportunistic sightings + 43 placed randomly)
185360, 9791679
185383, 9791661
185340, 9791635
187676, 9785724
185520, 9792499
185886, 9788599
186486, 9786155
188165, 9785049
185360, 9791676
182393, 9787260
183147, 9790118
186162, 9787735
180088, 9794643
186876, 9786819
183397, 9788879
184068, 9795635
178788, 9782253
178731, 9799076
187800, 9783462
187801, 9785865
187243, 9796881
188198, 9792415
181251, 9787560
179583, 9793376
181394, 9784570
188832, 9795770
179720, 9787891
185845, 9795298
181775, 9792315
187128, 9797914
185767, 9793081
183296, 9790796
186763, 9793891
188416, 9795491
185503, 9784832
189570, 9782386
186537, 9791924
181167, 9786181
183513, 9797828
185533, 9788965
180258, 9792712
178346, 9792170
178494, 9792808
180372, 9785748
184655, 9788393
183411, 9797986
181743, 9783231
181061, 9791019
177757, 9788103
188946, 9784661
178677, 9784767
183087, 9783119
181519, 9791930
186233, 9785411
