# Number of control cameras to place = 50 (includes 2 opportunistic sightings + 48 placed randomly)
185004, 9791207
183933, 9789443
178961, 9791889
180415, 9795037
178425, 9795672
181081, 9782391
187962, 9787398
183716, 9797728
185454, 9788637
180532, 9797379
180317, 9788669
180713, 9792145
180618, 9796798
182380, 9783198
190648, 9792260
183635, 9789537
189085, 9797502
189399, 9787870
188672, 9788597
189071, 9788607
188585, 9794024
189367, 9795142
182650, 9793010
187435, 9792706
182653, 9787527
186916, 9798473
187394, 9787565
182157, 9788701
183320, 9790382
184175, 9782429
182623, 9793937
183887, 9784847
179304, 9782826
190060, 9798758
185676, 9785597
188485, 9793076
182800, 9788223
186438, 9792588
178100, 9782857
184359, 9791795
183686, 9798644
180282, 9785003
189057, 9787129
190192, 9786328
185691, 9789034
186531, 9796393
178651, 9798830
187820, 9782325
179854, 9786929
179599, 9798042
