# Number of control cameras to place = 50 (includes 13 opportunistic sightings + 37 placed randomly)
183603, 9788783
183748, 9789069
183752, 9789074
181002, 9790131
185604, 9788588
178235, 9794969
183970, 9789312
178857, 9793112
181990, 9790055
182698, 9790009
183744, 9789082
186118, 9783602
183752, 9789068
188451, 9791547
188628, 9786448
181550, 9788596
183301, 9788375
188764, 9787892
178302, 9786449
189949, 9797797
184386, 9792493
181760, 9784652
183627, 9787712
181763, 9792404
186334, 9798392
181411, 9792949
181587, 9799082
187116, 9786627
189394, 9788018
189673, 9795167
183596, 9782458
179904, 9783081
178086, 9791533
184375, 9783118
181643, 9789700
181723, 9790879
181737, 9789306
183257, 9787302
189475, 9782826
184331, 9788806
180546, 9798855
180365, 9797532
183444, 9794396
190597, 9783368
185236, 9791344
188824, 9789512
180206, 9798577
183621, 9787546
181199, 9791290
184828, 9795455
