# Actual number of control cameras to place = 48
175284, 9782022
175284, 9783058
175284, 9784146
175284, 9785177
175284, 9785604
175284, 9786558
175284, 9787981
175284, 9788481
175284, 9789787
175284, 9790912
175284, 9791460
175284, 9792305
175760, 9782022
175760, 9783058
175760, 9784146
175760, 9785177
175760, 9785604
175760, 9786558
175760, 9787981
175760, 9788481
175760, 9789787
175760, 9790912
175760, 9791460
175760, 9792305
178648, 9782022
178648, 9783058
178648, 9784146
178648, 9785177
178648, 9785604
178648, 9786558
178648, 9787981
178648, 9788481
178648, 9789787
178648, 9790912
178648, 9791460
178648, 9792305
179149, 9782022
179149, 9783058
179149, 9784146
179149, 9785177
179149, 9785604
179149, 9786558
179149, 9787981
179149, 9788481
179149, 9789787
179149, 9790912
179149, 9791460
179149, 9792305
