# Actual number of control cameras to place = 48
175425, 9782191
175425, 9782719
175425, 9783564
175425, 9785162
175425, 9785987
175425, 9786772
175425, 9787683
175425, 9788548
175425, 9790037
175425, 9791020
175425, 9791767
175425, 9792502
176715, 9782191
176715, 9782719
176715, 9783564
176715, 9785162
176715, 9785987
176715, 9786772
176715, 9787683
176715, 9788548
176715, 9790037
176715, 9791020
176715, 9791767
176715, 9792502
178414, 9782191
178414, 9782719
178414, 9783564
178414, 9785162
178414, 9785987
178414, 9786772
178414, 9787683
178414, 9788548
178414, 9790037
178414, 9791020
178414, 9791767
178414, 9792502
179780, 9782191
179780, 9782719
179780, 9783564
179780, 9785162
179780, 9785987
179780, 9786772
179780, 9787683
179780, 9788548
179780, 9790037
179780, 9791020
179780, 9791767
179780, 9792502
