# Actual number of control cameras to place = 48
175395, 9781998
175395, 9782997
175395, 9784110
175395, 9785056
175395, 9785623
175395, 9786584
175395, 9787483
175395, 9788930
175395, 9789807
175395, 9790811
175395, 9791562
175395, 9792309
175964, 9781998
175964, 9782997
175964, 9784110
175964, 9785056
175964, 9785623
175964, 9786584
175964, 9787483
175964, 9788930
175964, 9789807
175964, 9790811
175964, 9791562
175964, 9792309
178659, 9781998
178659, 9782997
178659, 9784110
178659, 9785056
178659, 9785623
178659, 9786584
178659, 9787483
178659, 9788930
178659, 9789807
178659, 9790811
178659, 9791562
178659, 9792309
179468, 9781998
179468, 9782997
179468, 9784110
179468, 9785056
179468, 9785623
179468, 9786584
179468, 9787483
179468, 9788930
179468, 9789807
179468, 9790811
179468, 9791562
179468, 9792309
