# Number of control cameras to place = 50 (includes 50 opportunistic sightings + 0 placed randomly)
185007, 9785447
177770, 9789175
184687, 9789510
190358, 9784252
179058, 9790547
178293, 9783238
188141, 9795210
181993, 9787552
178600, 9795903
181477, 9785638
177968, 9790017
177948, 9794025
180254, 9782860
186025, 9788007
180466, 9792886
179341, 9785604
188353, 9792852
178528, 9794356
187661, 9798665
187180, 9782567
180785, 9784257
183210, 9782331
182322, 9784162
181153, 9792566
179576, 9798190
190152, 9789540
184755, 9791897
183482, 9787708
180425, 9796073
189492, 9787297
182517, 9798969
181889, 9782143
179115, 9793692
185170, 9783726
180571, 9791237
189265, 9786841
188907, 9784788
181936, 9783239
184357, 9797936
181287, 9785998
190028, 9796933
187037, 9786632
182193, 9798931
179873, 9793227
184524, 9783707
178501, 9786979
184013, 9793751
188809, 9796957
182130, 9797742
178353, 9795269
