# Number of control cameras to place = 50 (includes 50 opportunistic sightings + 0 placed randomly)
178443, 9784147
180427, 9782426
180345, 9781910
174095, 9784696
174642, 9786233
179418, 9791866
177257, 9790117
174235, 9790828
179775, 9791478
178128, 9783637
180345, 9788446
179360, 9787577
180186, 9783384
176417, 9786748
177769, 9789817
176609, 9785845
179567, 9791720
176059, 9787897
175216, 9785451
174973, 9783738
175007, 9787065
178351, 9791328
180312, 9788605
174560, 9787276
177904, 9782483
176066, 9790769
179778, 9783196
176812, 9788623
176775, 9784871
175088, 9787550
180020, 9784558
178047, 9792478
174685, 9782680
177208, 9787629
177166, 9787944
175762, 9785396
174697, 9784312
176159, 9784010
177252, 9787815
177328, 9782854
176397, 9789432
178396, 9784347
178645, 9790819
175674, 9792462
177038, 9787644
174550, 9786840
179439, 9785414
179205, 9786523
176381, 9788765
176516, 9791226
