# Number of control cameras to place = 50 (includes 50 opportunistic sightings + 0 placed randomly)
178802, 9784090
176417, 9788728
178021, 9782501
178368, 9784329
174101, 9788928
175703, 9787483
174622, 9792914
176824, 9790711
175231, 9786286
175604, 9789842
174520, 9792457
180182, 9789178
177181, 9789733
175159, 9792062
178358, 9790949
179581, 9784868
176623, 9781814
179346, 9785168
180199, 9787514
177345, 9792638
176906, 9788845
174385, 9789753
174677, 9788807
180033, 9792290
179998, 9784138
179604, 9790040
178051, 9785615
177569, 9785411
179711, 9790883
177742, 9786871
178354, 9787244
178413, 9784722
175542, 9785517
174830, 9790012
180480, 9787521
177939, 9785320
177369, 9781722
179625, 9783911
179906, 9788929
176348, 9790218
174798, 9789392
175961, 9791093
179325, 9784356
177109, 9791073
176164, 9786269
179019, 9787194
179768, 9784499
174998, 9783918
174264, 9790847
174322, 9791774
