# Number of control cameras to place = 50 (includes 50 opportunistic sightings + 0 placed randomly)
183844, 9798849
178567, 9782183
190211, 9784253
182771, 9794505
182351, 9786312
178251, 9783572
186981, 9784712
178553, 9799062
187913, 9784890
184744, 9788880
183960, 9797677
186499, 9782868
181308, 9786973
188373, 9792258
188619, 9789331
181168, 9783878
179441, 9789549
179255, 9790478
184553, 9789925
179604, 9785591
185591, 9789149
177939, 9796433
184786, 9798448
186228, 9790946
181058, 9785429
181319, 9795391
186609, 9790736
185642, 9796778
186063, 9785103
179253, 9786899
189782, 9784344
180554, 9789007
185377, 9784353
186371, 9793208
186512, 9785861
184511, 9789665
179100, 9792909
183394, 9783690
178365, 9782911
185304, 9783280
182482, 9786207
189109, 9790744
182241, 9785462
186739, 9791880
185428, 9789950
179554, 9797799
184935, 9782719
185558, 9787714
181581, 9790954
178845, 9796109
