# Number of control cameras to place = 50 (includes 50 opportunistic sightings + 0 placed randomly)
180083, 9787194
180453, 9792839
177509, 9788245
175454, 9784695
175653, 9791005
178830, 9789924
177082, 9785399
178059, 9782424
179209, 9792582
176957, 9787058
176435, 9787192
179258, 9791077
175559, 9785942
174051, 9784486
180151, 9784477
175441, 9785787
177857, 9785378
174776, 9781833
177137, 9788397
180175, 9786206
176260, 9781859
177779, 9788083
176752, 9785381
177751, 9790631
175275, 9784245
175748, 9788595
177962, 9784303
178362, 9786884
176909, 9790090
179323, 9792141
175799, 9791409
179294, 9792811
176334, 9782783
174876, 9784300
179839, 9791471
176232, 9786805
175343, 9790810
180021, 9792984
177725, 9788332
175204, 9789777
177622, 9782622
176532, 9783801
174101, 9790765
178860, 9789754
177896, 9786615
175229, 9782169
174307, 9784944
176786, 9791725
179457, 9788164
174694, 9788818
