# Number of control cameras to place = 54 (includes 9 opportunistic sightings + 45 placed randomly)
180023, 9785055
179879, 9785665
179490, 9786608
175586, 9783959
179805, 9786448
179490, 9786608
179847, 9786550
179847, 9786550
179567, 9786646
174530, 9781676
176485, 9789480
179434, 9790239
180350, 9790983
175590, 9788595
178299, 9783975
175633, 9789090
177686, 9791849
180238, 9782115
175131, 9785609
178159, 9782732
177320, 9785240
177947, 9786091
179561, 9782289
175365, 9791214
179772, 9782299
174253, 9784058
177433, 9788799
179633, 9787758
175392, 9785722
178753, 9787697
180351, 9788751
177621, 9784242
178174, 9785233
178708, 9788208
179777, 9786147
179320, 9788517
180104, 9791381
179467, 9791138
174655, 9793033
177981, 9782084
177494, 9790048
179063, 9783725
175920, 9787347
175427, 9787409
174139, 9789133
179100, 9785101
174379, 9792941
175734, 9790729
180279, 9787126
174631, 9789142
177560, 9791888
175669, 9787414
174224, 9782335
176885, 9783143
