# Number of control cameras to place = 50 (includes 3 opportunistic sightings + 47 placed randomly)
178899, 9783248
178090, 9782864
178424, 9782771
174694, 9786016
176302, 9782639
174736, 9784850
178288, 9789781
178186, 9788163
178616, 9790837
175822, 9785387
175621, 9788238
180119, 9783491
176633, 9790384
176415, 9784550
178810, 9787182
176241, 9783561
179117, 9785634
174075, 9782351
176854, 9788965
177225, 9789300
180124, 9790675
174338, 9783286
180396, 9786441
179976, 9789068
175682, 9782416
177286, 9791148
175882, 9783847
178788, 9784574
175796, 9786131
174187, 9791972
176295, 9784867
177415, 9789542
177099, 9790311
175511, 9788780
177529, 9791485
177086, 9783736
175418, 9789568
178836, 9784295
174706, 9790456
175680, 9784076
175485, 9792817
177568, 9792799
176491, 9782055
177587, 9792407
174307, 9782998
178229, 9782793
178146, 9782299
179388, 9790069
180498, 9791762
180454, 9785347
