# Number of control cameras to place = 50 (includes 6 opportunistic sightings + 44 placed randomly)
180257, 9786143
178065, 9784199
178547, 9784237
178153, 9790858
178610, 9791166
178590, 9783579
182474, 9793962
179754, 9791909
179839, 9792136
187625, 9783745
178843, 9795307
180629, 9793450
185702, 9785948
184935, 9791829
179207, 9792866
185126, 9787175
185600, 9794878
186168, 9788130
188591, 9797666
184490, 9792544
185406, 9794345
181566, 9793599
188239, 9798091
190410, 9787517
177952, 9789246
179698, 9795028
180982, 9792378
190303, 9793045
178120, 9794634
188583, 9783140
187469, 9797186
189240, 9790290
181720, 9790245
184928, 9788443
190140, 9793036
185831, 9796988
183798, 9787882
187976, 9793518
187069, 9792248
189746, 9798631
184704, 9786316
179092, 9796386
186176, 9791749
187059, 9795354
179944, 9792756
180989, 9786012
188222, 9795710
181462, 9790475
182979, 9782579
179260, 9795337
