# Number of control cameras to place = 50 (includes 1 opportunistic sightings + 49 placed randomly)
178116, 9786257
182435, 9794685
180563, 9794386
178860, 9797137
180246, 9796219
181977, 9782374
181114, 9785126
179823, 9794131
182711, 9787557
180207, 9785007
180463, 9794768
183433, 9790328
188529, 9793507
184192, 9786739
184422, 9793460
190605, 9799179
181855, 9785920
183846, 9794578
186035, 9790656
182355, 9794340
186929, 9782341
187444, 9788805
185802, 9796056
180759, 9783392
189929, 9797172
182616, 9797054
179252, 9798819
181093, 9792495
189152, 9787513
184071, 9793854
184579, 9782861
182210, 9785874
190018, 9795571
183784, 9798170
180020, 9782833
187941, 9790651
181430, 9787427
189350, 9789713
189384, 9795415
177984, 9795142
182180, 9796487
188250, 9795065
178954, 9789321
187364, 9794918
178661, 9786671
179176, 9796484
180202, 9790617
189002, 9796986
185557, 9790504
186279, 9792022
