# Number of control cameras to place = 54 (includes 4 opportunistic sightings + 50 placed randomly)
174905, 9786187
174757, 9785031
175280, 9783143
178025, 9788071
177832, 9792652
178328, 9789585
177341, 9788254
179330, 9785417
175815, 9791191
175070, 9787591
176605, 9784499
177089, 9787225
174408, 9791694
180278, 9789756
179278, 9791307
179426, 9788470
175592, 9785249
176403, 9789507
179588, 9790629
179433, 9786399
179942, 9792456
179058, 9788345
180070, 9783403
178240, 9784515
174650, 9786658
178535, 9783863
176734, 9792500
174261, 9791738
174942, 9790402
179116, 9782844
176791, 9786973
178550, 9792189
176848, 9791675
174709, 9791000
174782, 9790889
177574, 9791557
180111, 9783532
178627, 9787025
175281, 9782449
177793, 9783142
176893, 9782592
178769, 9782417
175076, 9784663
176130, 9785619
175720, 9788126
176323, 9785032
176361, 9785975
175047, 9783171
175210, 9784345
174608, 9784615
179171, 9787481
176706, 9784003
178732, 9789358
179067, 9787330
