# Number of control cameras to place = 50 (includes 12 opportunistic sightings + 38 placed randomly)
178023, 9782883
177777, 9782686
177777, 9782686
178345, 9783241
178355, 9783127
178485, 9783136
178163, 9782718
178111, 9782883
178275, 9782931
177680, 9783689
177818, 9782690
178424, 9782951
186488, 9796970
182423, 9793633
184612, 9793298
183101, 9796923
184205, 9786987
184257, 9794106
189250, 9794828
178924, 9786426
179419, 9793839
185590, 9798223
187950, 9787925
188194, 9786616
182602, 9794797
184297, 9797825
187975, 9791377
189280, 9785964
182518, 9798705
182409, 9788300
182137, 9787499
189411, 9792020
180463, 9791173
181472, 9798402
183146, 9795854
183940, 9789176
184975, 9798193
184056, 9782151
179165, 9790905
183566, 9784663
179660, 9798428
186193, 9799114
187948, 9797541
190148, 9798755
180863, 9786979
185409, 9793470
184394, 9792190
186872, 9788728
184387, 9789903
183975, 9796032
