# Actual number of control cameras to place = 50
179608, 9782360
179608, 9784649
179608, 9785636
179608, 9787841
179608, 9790231
179608, 9792180
179608, 9792620
179608, 9795149
179608, 9796656
179608, 9798738
180681, 9782360
180681, 9784649
180681, 9785636
180681, 9787841
180681, 9790231
180681, 9792180
180681, 9792620
180681, 9795149
180681, 9796656
180681, 9798738
184582, 9782360
184582, 9784649
184582, 9785636
184582, 9787841
184582, 9790231
184582, 9792180
184582, 9792620
184582, 9795149
184582, 9796656
184582, 9798738
186334, 9782360
186334, 9784649
186334, 9785636
186334, 9787841
186334, 9790231
186334, 9792180
186334, 9792620
186334, 9795149
186334, 9796656
186334, 9798738
189207, 9782360
189207, 9784649
189207, 9785636
189207, 9787841
189207, 9790231
189207, 9792180
189207, 9792620
189207, 9795149
189207, 9796656
189207, 9798738
