# Actual number of control cameras to place = 45
178738, 9782924
178738, 9785292
178738, 9787091
178738, 9788329
178738, 9790909
178738, 9792266
178738, 9794578
178738, 9796267
178738, 9798603
181401, 9782924
181401, 9785292
181401, 9787091
181401, 9788329
181401, 9790909
181401, 9792266
181401, 9794578
181401, 9796267
181401, 9798603
184130, 9782924
184130, 9785292
184130, 9787091
184130, 9788329
184130, 9790909
184130, 9792266
184130, 9794578
184130, 9796267
184130, 9798603
187559, 9782924
187559, 9785292
187559, 9787091
187559, 9788329
187559, 9790909
187559, 9792266
187559, 9794578
187559, 9796267
187559, 9798603
190036, 9782924
190036, 9785292
190036, 9787091
190036, 9788329
190036, 9790909
190036, 9792266
190036, 9794578
190036, 9796267
190036, 9798603
