# Actual number of control cameras to place = 45
179344, 9783335
179344, 9784757
179344, 9786879
179344, 9788354
179344, 9791130
179344, 9792210
179344, 9794687
179344, 9797050
179344, 9798911
181331, 9783335
181331, 9784757
181331, 9786879
181331, 9788354
181331, 9791130
181331, 9792210
181331, 9794687
181331, 9797050
181331, 9798911
184352, 9783335
184352, 9784757
184352, 9786879
184352, 9788354
184352, 9791130
184352, 9792210
184352, 9794687
184352, 9797050
184352, 9798911
186848, 9783335
186848, 9784757
186848, 9786879
186848, 9788354
186848, 9791130
186848, 9792210
186848, 9794687
186848, 9797050
186848, 9798911
189335, 9783335
189335, 9784757
189335, 9786879
189335, 9788354
189335, 9791130
189335, 9792210
189335, 9794687
189335, 9797050
189335, 9798911
