# Actual number of control cameras to place = 50
178402, 9782576
178402, 9784004
178402, 9785601
178402, 9788086
178402, 9790478
178402, 9791210
178402, 9793840
178402, 9795615
178402, 9796275
178402, 9797948
182630, 9782576
182630, 9784004
182630, 9785601
182630, 9788086
182630, 9790478
182630, 9791210
182630, 9793840
182630, 9795615
182630, 9796275
182630, 9797948
185376, 9782576
185376, 9784004
185376, 9785601
185376, 9788086
185376, 9790478
185376, 9791210
185376, 9793840
185376, 9795615
185376, 9796275
185376, 9797948
185656, 9782576
185656, 9784004
185656, 9785601
185656, 9788086
185656, 9790478
185656, 9791210
185656, 9793840
185656, 9795615
185656, 9796275
185656, 9797948
189791, 9782576
189791, 9784004
189791, 9785601
189791, 9788086
189791, 9790478
189791, 9791210
189791, 9793840
189791, 9795615
189791, 9796275
189791, 9797948
