# Number of control cameras to place = 50 (includes 50 opportunistic sightings + 0 placed randomly)
182359, 9795843
189047, 9797966
187020, 9794078
188662, 9785152
178233, 9786338
187727, 9794852
189040, 9787111
188416, 9783170
188621, 9791949
180669, 9785319
189555, 9793817
185720, 9796674
188963, 9788475
187885, 9785166
182176, 9789159
179605, 9797553
187987, 9798264
189391, 9784819
189333, 9791071
182253, 9793343
180589, 9784780
178657, 9796814
186509, 9793493
182992, 9789606
184580, 9791966
183817, 9787598
178908, 9784788
186210, 9795925
189441, 9788316
188264, 9783499
189040, 9797736
178180, 9787236
178540, 9798771
188612, 9784745
178071, 9792205
184644, 9792869
190326, 9796038
186224, 9795661
182947, 9784291
180592, 9794142
182490, 9787757
190378, 9797409
189499, 9792712
183042, 9789832
190467, 9798461
182084, 9783661
184815, 9793290
179037, 9782859
177956, 9793844
178280, 9790194
