# Number of control cameras to place = 50 (includes 6 opportunistic sightings + 44 placed randomly)
184562, 9784757
183026, 9788745
182137, 9789526
185963, 9788018
179496, 9791754
179195, 9793344
181033, 9794870
181081, 9797512
182584, 9787562
186134, 9788858
180778, 9790276
187287, 9787390
185830, 9790517
189157, 9794750
189101, 9784788
188128, 9791553
185358, 9791453
180927, 9788318
189211, 9790157
181986, 9793142
181862, 9789295
181199, 9792246
182694, 9791127
190673, 9782442
178014, 9787457
179444, 9787585
182698, 9787344
181013, 9792574
190396, 9791307
183738, 9786380
179758, 9799170
185532, 9797722
186256, 9795182
189492, 9782169
184383, 9789736
186501, 9782244
187979, 9796200
186911, 9797754
179561, 9796009
181054, 9794254
186472, 9792271
188413, 9784619
189494, 9796539
184349, 9784195
187414, 9786550
178262, 9791202
185681, 9782975
179412, 9785445
186837, 9784276
180755, 9796267
