# Number of control cameras to place = 54 (includes 7 opportunistic sightings + 47 placed randomly)
183664, 9788614
183672, 9788613
183669, 9788612
184034, 9789044
181014, 9791772
185532, 9789981
183433, 9788892
188222, 9788674
182797, 9784564
188411, 9797509
189512, 9789480
183690, 9783405
183536, 9792089
189112, 9790791
190301, 9785963
178947, 9788125
180204, 9795209
180611, 9788172
182111, 9796930
187723, 9786049
187711, 9785702
188457, 9797658
184263, 9792616
183365, 9782709
179348, 9787382
187186, 9794964
190682, 9798358
181739, 9784532
183165, 9783922
181686, 9795086
178325, 9787147
182579, 9789311
179800, 9786735
184177, 9793610
185305, 9785173
189351, 9794443
180687, 9789097
188205, 9786403
188568, 9796491
179764, 9797408
179387, 9782672
182249, 9783590
178206, 9788081
182884, 9790359
183683, 9797115
178899, 9789140
187559, 9795707
188464, 9785558
188488, 9795539
182158, 9796146
183433, 9799278
184105, 9791896
188736, 9783229
186699, 9795421
