# Actual number of control cameras to place = 39
172771, 9775623
172771, 9777411
172771, 9778512
172771, 9779656
172771, 9781139
172771, 9782449
172771, 9783642
172771, 9785338
172771, 9787435
172771, 9788791
172771, 9789475
172771, 9790831
172771, 9792691
174324, 9775623
174324, 9777411
174324, 9778512
174324, 9779656
174324, 9781139
174324, 9782449
174324, 9783642
174324, 9785338
174324, 9787435
174324, 9788791
174324, 9789475
174324, 9790831
174324, 9792691
178431, 9775623
178431, 9777411
178431, 9778512
178431, 9779656
178431, 9781139
178431, 9782449
178431, 9783642
178431, 9785338
178431, 9787435
178431, 9788791
178431, 9789475
178431, 9790831
178431, 9792691
