# Number of control cameras to place = 50 (includes 50 opportunistic sightings + 0 placed randomly)
174178, 9776995
179926, 9779755
174222, 9790979
176810, 9776561
180185, 9776908
177901, 9780735
179491, 9786107
177440, 9786395
174807, 9784145
175397, 9777861
180138, 9779026
175026, 9786496
175540, 9787591
175757, 9790547
172038, 9790892
179212, 9788431
177483, 9786146
174396, 9789161
171014, 9789385
177285, 9779446
179359, 9792473
172069, 9791763
171298, 9790897
178511, 9782217
175405, 9778119
180187, 9780616
171764, 9785344
178175, 9778367
176070, 9786120
172563, 9776309
171023, 9781946
173594, 9777545
173702, 9784335
175109, 9778015
179119, 9790785
174640, 9791811
178495, 9792689
178908, 9782440
173162, 9783740
180335, 9784504
173118, 9792939
179468, 9788231
175213, 9784560
178238, 9790196
179495, 9790374
179044, 9787190
175285, 9785873
172095, 9781050
180382, 9791586
176381, 9777280
