# Number of control cameras to place = 50 (includes 50 opportunistic sightings + 0 placed randomly)
174366, 9778701
180010, 9787862
172702, 9787861
174060, 9784494
180096, 9775653
180185, 9789682
174370, 9780866
172153, 9791716
176050, 9785702
178411, 9791613
179133, 9776456
178568, 9790221
175546, 9785921
179761, 9784011
175077, 9778380
173286, 9790386
174707, 9788050
177435, 9785344
174389, 9790196
175769, 9779357
176936, 9792369
178295, 9776576
171201, 9777770
180093, 9778082
175778, 9792520
172941, 9783097
177969, 9784828
171255, 9791455
178420, 9781046
175214, 9781446
171346, 9776581
171394, 9777729
173139, 9790794
173946, 9786029
174450, 9781248
178507, 9784384
176260, 9788900
176858, 9779917
179988, 9786629
178368, 9787249
179646, 9777391
176981, 9786508
172330, 9782753
177252, 9792687
178911, 9780356
179521, 9789041
172759, 9785263
170871, 9787827
178213, 9786620
171713, 9779496
