# Number of control cameras to place = 50 (includes 50 opportunistic sightings + 0 placed randomly)
188083, 9782866
178331, 9783337
186424, 9796826
189503, 9790424
179517, 9782773
181360, 9795518
179164, 9786065
179188, 9788488
183903, 9793775
188298, 9783780
182854, 9786821
181539, 9799132
188043, 9793788
188057, 9791950
181833, 9795374
186273, 9794544
186474, 9783424
187725, 9790361
180930, 9792556
187353, 9783624
183750, 9791942
187478, 9786492
184503, 9791729
186183, 9784743
181049, 9790059
188749, 9792470
189117, 9798700
187114, 9793740
182372, 9786564
183320, 9787856
187535, 9795802
188920, 9799270
185187, 9787139
187368, 9794493
189846, 9795898
178371, 9783692
189661, 9797408
188365, 9796942
184052, 9792041
188869, 9783276
187715, 9792090
180465, 9792097
178938, 9794408
182996, 9797394
184431, 9796514
179455, 9790335
188061, 9799285
190194, 9791272
178430, 9794286
184565, 9782387
