# Number of control cameras to place = 50 (includes 7 opportunistic sightings + 43 placed randomly)
171383, 9782184
171383, 9782184
171106, 9782218
174642, 9785504
173604, 9782817
178115, 9786216
174720, 9785020
174450, 9789910
178835, 9787684
176067, 9780179
171972, 9784865
177714, 9781753
177726, 9790114
171171, 9779634
179841, 9786607
176936, 9785447
179154, 9792934
171433, 9785509
171569, 9790536
171673, 9777226
177884, 9775372
175553, 9782377
176728, 9787194
170923, 9775388
176720, 9778252
178348, 9791582
178628, 9788106
177311, 9786722
171858, 9786461
179428, 9784000
179326, 9782912
177245, 9792664
177009, 9791088
173291, 9788594
179135, 9776099
173159, 9776096
174431, 9785370
180380, 9784342
173831, 9780893
171350, 9780692
178915, 9776169
178381, 9778998
173064, 9783825
179707, 9791936
177519, 9790570
174714, 9779174
171886, 9783987
172286, 9776368
175929, 9780303
178647, 9778785
