# Actual number of control cameras to place = 50
179999, 9782138
179999, 9784451
179999, 9786996
179999, 9788343
179999, 9789804
179999, 9792062
179999, 9792992
179999, 9794665
179999, 9797178
179999, 9798929
182095, 9782138
182095, 9784451
182095, 9786996
182095, 9788343
182095, 9789804
182095, 9792062
182095, 9792992
182095, 9794665
182095, 9797178
182095, 9798929
183954, 9782138
183954, 9784451
183954, 9786996
183954, 9788343
183954, 9789804
183954, 9792062
183954, 9792992
183954, 9794665
183954, 9797178
183954, 9798929
186360, 9782138
186360, 9784451
186360, 9786996
186360, 9788343
186360, 9789804
186360, 9792062
186360, 9792992
186360, 9794665
186360, 9797178
186360, 9798929
188703, 9782138
188703, 9784451
188703, 9786996
188703, 9788343
188703, 9789804
188703, 9792062
188703, 9792992
188703, 9794665
188703, 9797178
188703, 9798929
