# Actual number of control cameras to place = 60
174619, 9782313
174619, 9783000
174619, 9783871
174619, 9784722
174619, 9786020
174619, 9786512
174619, 9788012
174619, 9789033
174619, 9790019
174619, 9790763
174619, 9791547
174619, 9792509
175943, 9782313
175943, 9783000
175943, 9783871
175943, 9784722
175943, 9786020
175943, 9786512
175943, 9788012
175943, 9789033
175943, 9790019
175943, 9790763
175943, 9791547
175943, 9792509
176827, 9782313
176827, 9783000
176827, 9783871
176827, 9784722
176827, 9786020
176827, 9786512
176827, 9788012
176827, 9789033
176827, 9790019
176827, 9790763
176827, 9791547
176827, 9792509
178596, 9782313
178596, 9783000
178596, 9783871
178596, 9784722
178596, 9786020
178596, 9786512
178596, 9788012
178596, 9789033
178596, 9790019
178596, 9790763
178596, 9791547
178596, 9792509
179442, 9782313
179442, 9783000
179442, 9783871
179442, 9784722
179442, 9786020
179442, 9786512
179442, 9788012
179442, 9789033
179442, 9790019
179442, 9790763
179442, 9791547
179442, 9792509
