# Actual number of control cameras to place = 50
179908, 9782240
179908, 9783934
179908, 9786601
179908, 9788212
179908, 9790440
179908, 9790939
179908, 9793632
179908, 9795094
179908, 9796696
179908, 9798186
181335, 9782240
181335, 9783934
181335, 9786601
181335, 9788212
181335, 9790440
181335, 9790939
181335, 9793632
181335, 9795094
181335, 9796696
181335, 9798186
184955, 9782240
184955, 9783934
184955, 9786601
184955, 9788212
184955, 9790440
184955, 9790939
184955, 9793632
184955, 9795094
184955, 9796696
184955, 9798186
185995, 9782240
185995, 9783934
185995, 9786601
185995, 9788212
185995, 9790440
185995, 9790939
185995, 9793632
185995, 9795094
185995, 9796696
185995, 9798186
190397, 9782240
190397, 9783934
190397, 9786601
190397, 9788212
190397, 9790440
190397, 9790939
190397, 9793632
190397, 9795094
190397, 9796696
190397, 9798186
