# Actual number of control cameras to place = 60
174617, 9782343
174617, 9782795
174617, 9783964
174617, 9785259
174617, 9786036
174617, 9787142
174617, 9787597
174617, 9788724
174617, 9789637
174617, 9790824
174617, 9791460
174617, 9792858
176082, 9782343
176082, 9782795
176082, 9783964
176082, 9785259
176082, 9786036
176082, 9787142
176082, 9787597
176082, 9788724
176082, 9789637
176082, 9790824
176082, 9791460
176082, 9792858
177808, 9782343
177808, 9782795
177808, 9783964
177808, 9785259
177808, 9786036
177808, 9787142
177808, 9787597
177808, 9788724
177808, 9789637
177808, 9790824
177808, 9791460
177808, 9792858
179085, 9782343
179085, 9782795
179085, 9783964
179085, 9785259
179085, 9786036
179085, 9787142
179085, 9787597
179085, 9788724
179085, 9789637
179085, 9790824
179085, 9791460
179085, 9792858
180475, 9782343
180475, 9782795
180475, 9783964
180475, 9785259
180475, 9786036
180475, 9787142
180475, 9787597
180475, 9788724
180475, 9789637
180475, 9790824
180475, 9791460
180475, 9792858
