# Actual number of control cameras to place = 48
175308, 9782326
175308, 9782628
175308, 9783745
175308, 9785074
175308, 9785704
175308, 9786492
175308, 9787946
175308, 9789057
175308, 9790018
175308, 9790892
175308, 9791408
175308, 9792409
176142, 9782326
176142, 9782628
176142, 9783745
176142, 9785074
176142, 9785704
176142, 9786492
176142, 9787946
176142, 9789057
176142, 9790018
176142, 9790892
176142, 9791408
176142, 9792409
177390, 9782326
177390, 9782628
177390, 9783745
177390, 9785074
177390, 9785704
177390, 9786492
177390, 9787946
177390, 9789057
177390, 9790018
177390, 9790892
177390, 9791408
177390, 9792409
179353, 9782326
179353, 9782628
179353, 9783745
179353, 9785074
179353, 9785704
179353, 9786492
179353, 9787946
179353, 9789057
179353, 9790018
179353, 9790892
179353, 9791408
179353, 9792409
