# Number of control cameras to place = 54 (includes 54 opportunistic sightings + 0 placed randomly)
174340, 9784808
175787, 9782333
179051, 9781872
178103, 9786746
176014, 9782031
180221, 9783687
175521, 9788518
179077, 9789204
175598, 9790502
174343, 9790013
177044, 9783872
179993, 9790457
176186, 9788841
174071, 9782772
177485, 9789436
178975, 9784773
179296, 9785393
174654, 9782112
179267, 9783717
179773, 9783078
177097, 9790572
179581, 9792460
178145, 9787914
174360, 9784371
177865, 9791504
179252, 9790158
178623, 9784865
174911, 9789264
180012, 9789546
175130, 9791117
175843, 9789381
178291, 9787064
174266, 9788363
180486, 9783390
178484, 9792279
174285, 9782768
174053, 9792806
179395, 9782940
178889, 9791637
179762, 9787498
178034, 9789398
178994, 9785408
179591, 9789922
179612, 9784810
177408, 9787787
177893, 9789103
174471, 9785257
179820, 9790440
176243, 9787656
178988, 9786139
177566, 9788456
175507, 9783816
178727, 9782070
180104, 9792366
