# Number of control cameras to place = 50 (includes 50 opportunistic sightings + 0 placed randomly)
178104, 9785444
176372, 9782767
175790, 9781758
178214, 9791318
175386, 9783411
177480, 9791542
179024, 9788511
174840, 9790920
178615, 9790521
175344, 9783087
174637, 9783275
176738, 9783309
179491, 9792640
177604, 9783461
174612, 9791888
177804, 9790235
175979, 9783639
176741, 9789493
178970, 9785581
176489, 9790781
176165, 9784228
180178, 9788515
179002, 9785835
176585, 9783993
176414, 9790288
175053, 9784054
178614, 9791697
176906, 9792717
176248, 9792228
176543, 9782115
180086, 9785720
175522, 9789912
178926, 9791761
178058, 9783712
180057, 9782458
178787, 9785235
179492, 9782149
176468, 9784963
177170, 9788892
178926, 9792493
176079, 9788110
178061, 9792018
177438, 9783462
177650, 9790056
178982, 9788780
178341, 9783207
174915, 9789625
175381, 9782350
176600, 9791676
175817, 9791719
