# Number of control cameras to place = 50 (includes 50 opportunistic sightings + 0 placed randomly)
181206, 9788748
186400, 9790061
185835, 9798432
178061, 9786284
181028, 9787386
187705, 9788751
189273, 9794749
178180, 9792601
186924, 9783710
189868, 9790954
183474, 9792274
186526, 9797765
190187, 9789375
190538, 9797006
182904, 9797469
183010, 9794457
179964, 9784654
180784, 9785167
185378, 9788784
184448, 9784083
183270, 9783056
186976, 9797929
188332, 9782644
185387, 9788305
184518, 9787392
186239, 9797796
178828, 9788573
186238, 9788984
180130, 9782612
183182, 9786454
190641, 9794472
189639, 9791885
182505, 9782268
186413, 9794869
183041, 9787741
187136, 9783655
181446, 9796843
182296, 9790316
183123, 9786539
182630, 9791988
188568, 9786942
181067, 9782624
181443, 9783535
185021, 9792892
187502, 9788781
185813, 9796704
184087, 9788659
185558, 9783395
180030, 9791288
185734, 9787601
