# Number of control cameras to place = 50 (includes 50 opportunistic sightings + 0 placed randomly)
177216, 9784877
177996, 9781802
180011, 9786950
177079, 9791673
180487, 9789320
178360, 9785295
174634, 9785943
179410, 9787252
175944, 9782424
179922, 9788395
174828, 9790960
180464, 9791045
175037, 9786053
176563, 9782773
176744, 9786994
174614, 9792647
174741, 9782700
174126, 9783589
179789, 9783088
178085, 9784935
179640, 9789985
178459, 9783212
177334, 9788922
176884, 9781623
179901, 9791846
180018, 9791321
176037, 9787171
176399, 9792622
179738, 9789279
179639, 9787586
180050, 9782594
175655, 9792704
176565, 9788983
177133, 9785260
179441, 9791055
175787, 9789676
180351, 9790661
176941, 9787206
175866, 9792688
180321, 9791973
180383, 9792870
179786, 9784298
180417, 9782514
179715, 9786332
176140, 9791884
178859, 9782612
175401, 9788255
175228, 9786062
175627, 9782926
177456, 9791186
