# Number of control cameras to place = 50 (includes 5 opportunistic sightings + 45 placed randomly)
176670, 9784651
175796, 9786781
175777, 9786724
178271, 9785194
176919, 9783869
179871, 9789962
176835, 9791586
179498, 9791010
178108, 9786426
177408, 9786745
179166, 9787499
176308, 9791558
178328, 9790288
175667, 9784289
178059, 9782309
177806, 9792321
175705, 9790981
179373, 9787224
177791, 9783246
174880, 9792377
176504, 9787821
177037, 9785539
175993, 9790907
174874, 9789891
177822, 9791590
177444, 9787000
180333, 9792712
178984, 9791070
178855, 9787439
177793, 9788333
178894, 9792151
179658, 9784964
179850, 9788341
175051, 9789054
180171, 9792499
176308, 9791385
177440, 9787846
180444, 9782608
176034, 9790311
178489, 9789284
179670, 9790084
175056, 9791594
178047, 9787291
174725, 9784941
180098, 9782704
179050, 9791392
177342, 9789559
176400, 9782322
175169, 9783118
178287, 9784881
