# Number of control cameras to place = 54 (includes 2 opportunistic sightings + 52 placed randomly)
176400, 9786195
175812, 9788479
180268, 9784432
176384, 9789316
180193, 9792996
179336, 9786162
175914, 9790446
175258, 9783466
179093, 9781884
177379, 9791233
178950, 9785140
176510, 9785573
174871, 9787524
180403, 9783389
174325, 9789493
174575, 9786733
175718, 9791976
177185, 9791895
179714, 9786678
179152, 9788070
179912, 9788402
178193, 9782525
174054, 9790288
177386, 9792236
177077, 9789225
174117, 9783960
174509, 9789115
175897, 9782413
176999, 9781652
179342, 9785331
174056, 9790620
179256, 9790884
174593, 9787449
179595, 9784417
176146, 9791624
178559, 9785370
178306, 9782908
179647, 9788475
174180, 9792918
175913, 9790328
178164, 9782906
174624, 9787953
179076, 9785809
175143, 9790672
180433, 9791924
177878, 9784450
180404, 9790782
176226, 9789108
180121, 9789008
178122, 9783672
177736, 9783342
179116, 9792336
177555, 9785879
177040, 9791820
