# Number of control cameras to place = 54 (includes 2 opportunistic sightings + 52 placed randomly)
177006, 9785053
177015, 9788920
180036, 9785663
175361, 9792598
178743, 9781934
180383, 9789575
180500, 9791791
175660, 9783127
176860, 9792817
179923, 9788581
178206, 9783102
178495, 9790184
177680, 9791046
175878, 9785113
175059, 9782696
175099, 9783041
177644, 9784967
177247, 9792047
177529, 9785021
176411, 9782419
179140, 9784864
174192, 9790173
174954, 9788304
176072, 9792130
175067, 9792538
175959, 9792701
179860, 9789369
177810, 9785200
174358, 9790165
174729, 9784592
176407, 9792144
176465, 9788755
176691, 9792072
176529, 9782883
175301, 9782575
176050, 9787723
174068, 9790081
179849, 9785394
175806, 9783727
177407, 9782554
177287, 9784944
178707, 9787663
178463, 9793036
179506, 9786042
179598, 9789124
177317, 9789155
175962, 9791115
174722, 9785997
176051, 9783533
180487, 9792734
175996, 9786607
179871, 9788694
179143, 9785335
177584, 9789011
