# Number of control cameras to place = 50 (includes 5 opportunistic sightings + 45 placed randomly)
178475, 9782756
178698, 9782716
178678, 9782602
178485, 9782290
178359, 9782367
177916, 9789412
189708, 9791718
182642, 9798340
185818, 9790055
184938, 9794338
183760, 9786404
186379, 9789360
181524, 9792914
189553, 9786090
182757, 9790229
183332, 9788716
177760, 9796034
183198, 9788985
183546, 9796733
183517, 9791089
186153, 9784062
185938, 9784436
184448, 9790726
179172, 9788167
184431, 9793791
182795, 9791707
186178, 9792306
179994, 9794942
186746, 9794526
189755, 9784907
182714, 9791811
181974, 9785490
183150, 9790526
184652, 9785733
183273, 9798466
181166, 9791013
178050, 9785057
189635, 9787403
181269, 9798479
190590, 9789413
184376, 9795124
185704, 9799195
185881, 9784759
185632, 9793410
185742, 9786117
181518, 9793353
180388, 9798611
182306, 9787024
187880, 9784940
190615, 9790782
