# Actual number of control cameras to place = 48
175185, 9781914
175185, 9782898
175185, 9783731
175185, 9784515
175185, 9785855
175185, 9786515
175185, 9787868
175185, 9788740
175185, 9789602
175185, 9790373
175185, 9792007
175185, 9792668
176838, 9781914
176838, 9782898
176838, 9783731
176838, 9784515
176838, 9785855
176838, 9786515
176838, 9787868
176838, 9788740
176838, 9789602
176838, 9790373
176838, 9792007
176838, 9792668
177780, 9781914
177780, 9782898
177780, 9783731
177780, 9784515
177780, 9785855
177780, 9786515
177780, 9787868
177780, 9788740
177780, 9789602
177780, 9790373
177780, 9792007
177780, 9792668
179447, 9781914
179447, 9782898
179447, 9783731
179447, 9784515
179447, 9785855
179447, 9786515
179447, 9787868
179447, 9788740
179447, 9789602
179447, 9790373
179447, 9792007
179447, 9792668
