# Actual number of control cameras to place = 50
179771, 9783308
179771, 9785114
179771, 9786945
179771, 9788341
179771, 9790123
179771, 9791855
179771, 9793810
179771, 9795253
179771, 9796411
179771, 9798673
181381, 9783308
181381, 9785114
181381, 9786945
181381, 9788341
181381, 9790123
181381, 9791855
181381, 9793810
181381, 9795253
181381, 9796411
181381, 9798673
185016, 9783308
185016, 9785114
185016, 9786945
185016, 9788341
185016, 9790123
185016, 9791855
185016, 9793810
185016, 9795253
185016, 9796411
185016, 9798673
186348, 9783308
186348, 9785114
186348, 9786945
186348, 9788341
186348, 9790123
186348, 9791855
186348, 9793810
186348, 9795253
186348, 9796411
186348, 9798673
188661, 9783308
188661, 9785114
188661, 9786945
188661, 9788341
188661, 9790123
188661, 9791855
188661, 9793810
188661, 9795253
188661, 9796411
188661, 9798673
