# Actual number of control cameras to place = 48
174215, 9782035
174215, 9783239
174215, 9784287
174215, 9784893
174215, 9786042
174215, 9787186
174215, 9787571
174215, 9788843
174215, 9789905
174215, 9790977
174215, 9791844
174215, 9792315
177026, 9782035
177026, 9783239
177026, 9784287
177026, 9784893
177026, 9786042
177026, 9787186
177026, 9787571
177026, 9788843
177026, 9789905
177026, 9790977
177026, 9791844
177026, 9792315
178129, 9782035
178129, 9783239
178129, 9784287
178129, 9784893
178129, 9786042
178129, 9787186
178129, 9787571
178129, 9788843
178129, 9789905
178129, 9790977
178129, 9791844
178129, 9792315
180312, 9782035
180312, 9783239
180312, 9784287
180312, 9784893
180312, 9786042
180312, 9787186
180312, 9787571
180312, 9788843
180312, 9789905
180312, 9790977
180312, 9791844
180312, 9792315
