# Actual number of control cameras to place = 60
174816, 9782317
174816, 9783094
174816, 9783791
174816, 9784734
174816, 9785981
174816, 9787011
174816, 9787482
174816, 9788564
174816, 9789816
174816, 9790814
174816, 9792047
174816, 9792875
175687, 9782317
175687, 9783094
175687, 9783791
175687, 9784734
175687, 9785981
175687, 9787011
175687, 9787482
175687, 9788564
175687, 9789816
175687, 9790814
175687, 9792047
175687, 9792875
177297, 9782317
177297, 9783094
177297, 9783791
177297, 9784734
177297, 9785981
177297, 9787011
177297, 9787482
177297, 9788564
177297, 9789816
177297, 9790814
177297, 9792047
177297, 9792875
178089, 9782317
178089, 9783094
178089, 9783791
178089, 9784734
178089, 9785981
178089, 9787011
178089, 9787482
178089, 9788564
178089, 9789816
178089, 9790814
178089, 9792047
178089, 9792875
179889, 9782317
179889, 9783094
179889, 9783791
179889, 9784734
179889, 9785981
179889, 9787011
179889, 9787482
179889, 9788564
179889, 9789816
179889, 9790814
179889, 9792047
179889, 9792875
