# Actual number of control cameras to place = 60
174191, 9782067
174191, 9782633
174191, 9783744
174191, 9784627
174191, 9785928
174191, 9786979
174191, 9788086
174191, 9788750
174191, 9789574
174191, 9790499
174191, 9791504
174191, 9793029
176261, 9782067
176261, 9782633
176261, 9783744
176261, 9784627
176261, 9785928
176261, 9786979
176261, 9788086
176261, 9788750
176261, 9789574
176261, 9790499
176261, 9791504
176261, 9793029
177330, 9782067
177330, 9782633
177330, 9783744
177330, 9784627
177330, 9785928
177330, 9786979
177330, 9788086
177330, 9788750
177330, 9789574
177330, 9790499
177330, 9791504
177330, 9793029
178544, 9782067
178544, 9782633
178544, 9783744
178544, 9784627
178544, 9785928
178544, 9786979
178544, 9788086
178544, 9788750
178544, 9789574
178544, 9790499
178544, 9791504
178544, 9793029
180042, 9782067
180042, 9782633
180042, 9783744
180042, 9784627
180042, 9785928
180042, 9786979
180042, 9788086
180042, 9788750
180042, 9789574
180042, 9790499
180042, 9791504
180042, 9793029
