# Number of control cameras to place = 54 (includes 54 opportunistic sightings + 0 placed randomly)
178683, 9783278
179686, 9782916
178010, 9784994
180252, 9791015
180500, 9784927
177995, 9786559
174859, 9792249
178199, 9788987
178856, 9782883
176373, 9783931
178922, 9784653
176145, 9792236
174502, 9782878
174292, 9784832
176229, 9783042
175539, 9785505
176966, 9790472
178956, 9783435
174262, 9781640
177950, 9782323
175138, 9782436
175834, 9792729
175827, 9792601
177366, 9791854
175804, 9791276
175569, 9789813
179638, 9784364
175187, 9790049
180292, 9785041
178759, 9782593
178975, 9786416
179014, 9784306
174126, 9785665
177970, 9792675
179712, 9789480
176681, 9787399
177809, 9782199
178675, 9786466
176449, 9785048
179570, 9781856
180185, 9782147
177603, 9792360
178855, 9783721
174492, 9792410
175916, 9782816
175313, 9783919
176470, 9791473
179834, 9792147
175291, 9787367
175981, 9791839
177003, 9787431
178376, 9790864
174144, 9787471
175734, 9782204
