# Number of control cameras to place = 50 (includes 50 opportunistic sightings + 0 placed randomly)
187078, 9784029
182801, 9794253
186304, 9782305
186481, 9787133
184203, 9797890
186617, 9792589
187017, 9794914
184306, 9794482
179145, 9795742
186425, 9784224
182158, 9789929
183955, 9794823
183338, 9789063
178486, 9786839
186078, 9786376
185492, 9794676
181215, 9788605
188891, 9783820
188511, 9795697
180766, 9786667
189775, 9784438
182086, 9796187
178995, 9791557
185502, 9787834
182599, 9786379
189641, 9791866
185949, 9796729
187640, 9782424
178741, 9789024
180085, 9790649
182660, 9785009
183948, 9790081
186649, 9788500
189517, 9786304
186900, 9797743
180360, 9783093
190368, 9798096
190321, 9792208
180025, 9782545
181140, 9782396
180814, 9786265
189733, 9783648
178852, 9796554
188598, 9790082
184990, 9794522
178841, 9790737
185162, 9785328
189170, 9793907
179475, 9789214
188363, 9785945
