# Number of control cameras to place = 50 (includes 50 opportunistic sightings + 0 placed randomly)
181504, 9791856
184796, 9782633
184665, 9796034
178461, 9786667
187359, 9783147
186280, 9785897
180508, 9792745
180647, 9783901
189072, 9786818
183814, 9789153
187171, 9794524
180886, 9789484
188515, 9782677
180538, 9784424
182475, 9796137
180433, 9789180
179547, 9798239
182156, 9796792
184041, 9787241
183468, 9798920
178319, 9789864
188931, 9789727
182099, 9787777
188007, 9798954
181128, 9796906
186716, 9782522
180586, 9794017
188343, 9798487
190326, 9793291
178747, 9797810
185508, 9783291
179976, 9788319
184441, 9793611
184434, 9783428
184986, 9786308
190457, 9796323
178713, 9785548
180097, 9787207
190199, 9783655
189959, 9797538
184034, 9786609
184396, 9782266
178182, 9787748
189134, 9782320
184958, 9795959
178107, 9790966
185998, 9784555
181541, 9796264
184903, 9792672
184312, 9787202
