# Number of control cameras to place = 50 (includes 50 opportunistic sightings + 0 placed randomly)
188678, 9797005
183074, 9794313
188395, 9794752
184924, 9792228
185428, 9787647
181257, 9786867
187218, 9797175
178228, 9792250
180167, 9784405
179990, 9783114
179593, 9783270
179961, 9789566
178768, 9795881
186181, 9783641
186851, 9791726
190352, 9795332
180938, 9798966
188158, 9798246
179250, 9787043
179265, 9785345
178127, 9794348
183553, 9795484
184468, 9796693
181460, 9798926
184772, 9795967
187388, 9788678
179605, 9799295
182099, 9797929
181530, 9786141
183774, 9788783
188218, 9792557
181688, 9790630
180626, 9791070
178161, 9791898
186326, 9784319
179964, 9790432
185081, 9782917
181720, 9788914
181083, 9785336
188691, 9783490
180598, 9795812
187692, 9786821
181445, 9786250
183133, 9786712
181617, 9795721
189960, 9792937
184411, 9791905
185572, 9795788
183932, 9789826
189614, 9789440
