# Number of control cameras to place = 50 (includes 50 opportunistic sightings + 0 placed randomly)
180959, 9791916
183099, 9785669
181271, 9785743
183310, 9795186
181311, 9797912
185366, 9796010
182194, 9788577
188882, 9789230
178277, 9798284
184103, 9783578
181082, 9785002
177861, 9799180
188456, 9794895
178082, 9787279
178289, 9792857
181076, 9791861
178910, 9796234
190232, 9789089
178172, 9792903
185777, 9785032
178102, 9784446
188036, 9788077
187622, 9784354
180001, 9785142
188991, 9785410
187895, 9788201
190573, 9782813
189982, 9795685
185503, 9797364
183257, 9784469
188281, 9787354
186438, 9787801
178547, 9787658
181961, 9786906
186465, 9787472
185217, 9797487
188386, 9787996
185560, 9788232
186098, 9783357
179871, 9782229
182805, 9792398
178670, 9792006
186414, 9792870
184243, 9789512
190530, 9793259
190570, 9787660
179451, 9784161
185540, 9793342
178442, 9782652
181666, 9784504
