# Number of control cameras to place = 50 (includes 50 opportunistic sightings + 0 placed randomly)
177385, 9785112
175329, 9788574
174693, 9792911
176507, 9787960
179561, 9784846
179544, 9783249
178819, 9789879
177256, 9785971
174648, 9786825
178953, 9790011
177335, 9791158
179838, 9789063
177421, 9790216
178396, 9786952
179078, 9785373
176174, 9792220
179124, 9790653
178772, 9782528
178735, 9791119
175028, 9792509
176242, 9792092
179045, 9793000
175764, 9789798
177492, 9789824
177967, 9783464
175961, 9783312
178095, 9788078
174681, 9786714
174341, 9783494
177189, 9785741
175261, 9789223
175362, 9785738
178404, 9791504
179726, 9787235
176980, 9785020
174505, 9787234
179508, 9784759
179482, 9791166
178062, 9787271
176050, 9785032
178077, 9788617
179758, 9789335
175231, 9789777
177541, 9785548
177974, 9787631
174792, 9787081
179315, 9790789
174666, 9788699
179180, 9787803
180262, 9788575
