# Number of control cameras to place = 50 (includes 50 opportunistic sightings + 0 placed randomly)
175343, 9781727
175921, 9785851
174625, 9785090
175567, 9792047
178322, 9788573
177423, 9789273
177174, 9790456
174237, 9791367
174135, 9783608
180453, 9783887
177450, 9785467
176853, 9792843
174749, 9784979
174603, 9791159
180217, 9789628
179737, 9783347
175129, 9783287
177959, 9787548
177477, 9789934
176656, 9785650
176060, 9782463
178799, 9783031
179630, 9785140
177753, 9792318
175025, 9788102
178982, 9791018
175323, 9782437
180296, 9784396
179343, 9787109
176831, 9786647
175120, 9792007
179532, 9788338
176642, 9786897
176371, 9786245
179882, 9789575
175267, 9789826
177680, 9789720
179483, 9783693
176522, 9785259
174489, 9792087
180406, 9788582
178196, 9792975
175637, 9787473
177305, 9790660
179006, 9789873
174291, 9788637
179636, 9792379
174694, 9783238
174763, 9784861
177655, 9785612
