# Number of control cameras to place = 54 (includes 54 opportunistic sightings + 0 placed randomly)
180261, 9789024
179620, 9782770
174413, 9789651
177516, 9785698
180141, 9787454
177404, 9791075
174743, 9785446
177634, 9783915
175761, 9783609
179658, 9783058
177680, 9791648
174939, 9790678
176116, 9790555
178429, 9787327
180236, 9781911
179106, 9791926
175104, 9791426
180113, 9786252
178678, 9788567
178252, 9790486
179865, 9791581
174782, 9787465
175791, 9787718
179464, 9788538
174686, 9792514
175964, 9792990
180357, 9786899
178513, 9783310
174651, 9788906
179866, 9782921
177862, 9785353
175131, 9785100
179935, 9782166
178089, 9782305
177960, 9784312
175909, 9790343
178991, 9792314
178871, 9790554
175495, 9785995
174921, 9781891
178390, 9791960
177550, 9783819
174825, 9791595
174660, 9791965
179488, 9782668
179977, 9782331
175609, 9784559
176653, 9790038
174640, 9788127
176965, 9790141
178365, 9790289
179887, 9787749
179733, 9785756
176440, 9781755
