# Number of control cameras to place = 54 (includes 0 opportunistic sightings + 54 placed randomly)
178051, 9788221
174831, 9791413
177812, 9785467
174670, 9787190
177367, 9788804
175660, 9782908
175092, 9792245
179628, 9787759
176159, 9782661
178381, 9784988
176506, 9792758
179837, 9792580
176355, 9789023
175062, 9789167
176215, 9791495
180399, 9790315
177807, 9788114
175708, 9783972
175214, 9786172
174242, 9785546
179232, 9792844
175707, 9781633
175480, 9787994
175686, 9783867
179301, 9782981
178962, 9782149
176636, 9792259
179393, 9785015
177792, 9792230
177231, 9782376
174250, 9790441
175348, 9790086
177618, 9785101
175019, 9783474
178412, 9787173
175582, 9792420
179036, 9789540
174907, 9786852
179652, 9792257
175907, 9792481
177206, 9787260
175219, 9790809
175521, 9790158
178447, 9784174
174066, 9791275
174899, 9783752
178441, 9783124
176774, 9788388
174089, 9784103
179162, 9784101
177475, 9788109
180242, 9784382
174737, 9788936
174572, 9781694
