# Number of control cameras to place = 54 (includes 1 opportunistic sightings + 53 placed randomly)
176535, 9791363
177165, 9791071
178849, 9783317
180110, 9784950
175133, 9789999
179862, 9782416
176112, 9786972
174592, 9788127
178956, 9782775
178478, 9782661
179312, 9782546
175450, 9789467
179548, 9784675
179715, 9785084
179246, 9785159
177140, 9782444
174430, 9786938
176559, 9787906
179296, 9792266
178235, 9784289
180452, 9784302
176688, 9783694
180212, 9782745
178626, 9789915
179238, 9783488
175322, 9785833
180305, 9784732
179075, 9791591
174364, 9788370
175533, 9786695
180330, 9790388
174421, 9786814
178684, 9784664
174814, 9782150
178068, 9790315
175757, 9784168
179585, 9787434
176399, 9790759
175449, 9788609
178588, 9790111
179695, 9781887
175304, 9788437
180108, 9790266
175720, 9789707
175641, 9782601
174681, 9788643
176643, 9792993
178110, 9791547
176773, 9792071
178751, 9784160
177142, 9790533
175485, 9786825
178462, 9790899
178127, 9792993
