# Number of control cameras to place = 50 (includes 13 opportunistic sightings + 37 placed randomly)
175603, 9787200
180081, 9785727
177466, 9784733
178133, 9782790
177493, 9783782
176144, 9784944
179057, 9787026
175376, 9787323
179816, 9784247
177440, 9783907
176030, 9785679
177389, 9784202
175376, 9787323
177329, 9782040
175643, 9788155
175837, 9783509
177034, 9789246
180486, 9790409
175341, 9784532
179930, 9792269
180434, 9787873
176253, 9783559
174934, 9789899
175327, 9785705
175970, 9792659
178229, 9785575
175784, 9784452
179719, 9786182
178359, 9788829
178436, 9791750
178902, 9790697
177649, 9783211
178970, 9788439
178787, 9781873
177110, 9787614
178439, 9791600
175207, 9789827
176880, 9790963
174323, 9782514
180012, 9790133
179724, 9792068
179170, 9789612
174979, 9788125
175590, 9788535
178262, 9787673
174055, 9784031
176046, 9782999
179812, 9785856
176076, 9792935
179828, 9782229
