# Number of control cameras to place = 54 (includes 9 opportunistic sightings + 45 placed randomly)
178561, 9783683
174215, 9786270
176436, 9784787
176697, 9785193
176871, 9782965
178899, 9782107
175706, 9783595
175551, 9783691
177081, 9784970
176008, 9788343
174414, 9787603
175295, 9786836
178051, 9790961
174096, 9788640
179682, 9791996
179359, 9782401
175483, 9791434
176960, 9785104
177916, 9790281
175457, 9792769
178527, 9791678
174136, 9787112
174696, 9792254
179515, 9782891
178328, 9787082
177818, 9788548
177989, 9787018
177347, 9786365
174098, 9789401
180135, 9785726
174626, 9781959
175102, 9782687
179377, 9791593
179764, 9789881
178179, 9782918
176769, 9784106
175636, 9785868
177653, 9790445
176525, 9784281
178709, 9790294
174697, 9784529
180349, 9787149
178326, 9789949
176264, 9788842
177606, 9788467
176730, 9791371
179784, 9791503
179119, 9785671
175604, 9783428
174413, 9787218
179812, 9782362
177577, 9781964
177464, 9784589
176993, 9782071
