# Number of control cameras to place = 54 (includes 4 opportunistic sightings + 50 placed randomly)
187701, 9776576
185646, 9781405
188900, 9778120
188570, 9779098
187014, 9780893
184112, 9776449
187902, 9774467
187677, 9774239
190053, 9775507
188251, 9778746
184538, 9776902
184185, 9779597
188355, 9774448
188898, 9777946
189914, 9779348
185161, 9777808
187331, 9775523
189633, 9778315
189255, 9774058
188118, 9775983
187197, 9781980
184424, 9772474
184656, 9772148
184837, 9772469
187328, 9780657
184080, 9778090
184309, 9776176
187920, 9778152
188847, 9774697
184287, 9780626
190527, 9772688
186940, 9781687
185715, 9779531
186731, 9773538
186643, 9778004
190251, 9773613
188980, 9777684
186767, 9773089
184843, 9776930
189092, 9778269
184381, 9778930
187701, 9772306
187032, 9777322
184445, 9777151
189216, 9777286
188233, 9779497
189221, 9776460
187519, 9776855
187369, 9775643
184782, 9775594
190222, 9781998
188105, 9779875
186862, 9774644
188753, 9776476
