# Number of control cameras to place = 50 (includes 2 opportunistic sightings + 48 placed randomly)
190138, 9779163
186736, 9777341
189472, 9782249
188715, 9779820
187759, 9773070
188646, 9775924
186012, 9779764
187342, 9773140
185583, 9780275
186581, 9779638
189162, 9773877
185970, 9773140
187419, 9778001
186776, 9774287
188444, 9773073
187318, 9780320
184765, 9773004
185410, 9775516
190123, 9775221
185639, 9782258
187201, 9780735
188803, 9781863
185505, 9778035
184703, 9780238
188902, 9779173
189865, 9774332
188380, 9778486
184620, 9778761
189559, 9778073
184516, 9776627
188784, 9780417
185661, 9777297
185283, 9777594
184287, 9775140
190003, 9774974
186285, 9781499
185032, 9781896
184332, 9775547
189398, 9774378
188643, 9781317
184654, 9781302
184804, 9774908
186950, 9774192
184969, 9775096
187869, 9774265
185292, 9780248
189862, 9777877
190165, 9778410
187809, 9781336
186965, 9775742
