# Actual number of control cameras to place = 60
170980, 9777164
170980, 9778213
170980, 9779618
170980, 9780604
170980, 9780963
170980, 9782574
170980, 9783640
170980, 9784615
170980, 9785082
170980, 9786318
170980, 9787171
170980, 9788167
173044, 9777164
173044, 9778213
173044, 9779618
173044, 9780604
173044, 9780963
173044, 9782574
173044, 9783640
173044, 9784615
173044, 9785082
173044, 9786318
173044, 9787171
173044, 9788167
174433, 9777164
174433, 9778213
174433, 9779618
174433, 9780604
174433, 9780963
174433, 9782574
174433, 9783640
174433, 9784615
174433, 9785082
174433, 9786318
174433, 9787171
174433, 9788167
175449, 9777164
175449, 9778213
175449, 9779618
175449, 9780604
175449, 9780963
175449, 9782574
175449, 9783640
175449, 9784615
175449, 9785082
175449, 9786318
175449, 9787171
175449, 9788167
177162, 9777164
177162, 9778213
177162, 9779618
177162, 9780604
177162, 9780963
177162, 9782574
177162, 9783640
177162, 9784615
177162, 9785082
177162, 9786318
177162, 9787171
177162, 9788167
