# Actual number of control cameras to place = 50
178817, 9782884
178817, 9784385
178817, 9785971
178817, 9787462
178817, 9789162
178817, 9791153
178817, 9793628
178817, 9794463
178817, 9797484
178817, 9797784
181699, 9782884
181699, 9784385
181699, 9785971
181699, 9787462
181699, 9789162
181699, 9791153
181699, 9793628
181699, 9794463
181699, 9797484
181699, 9797784
185022, 9782884
185022, 9784385
185022, 9785971
185022, 9787462
185022, 9789162
185022, 9791153
185022, 9793628
185022, 9794463
185022, 9797484
185022, 9797784
186335, 9782884
186335, 9784385
186335, 9785971
186335, 9787462
186335, 9789162
186335, 9791153
186335, 9793628
186335, 9794463
186335, 9797484
186335, 9797784
189938, 9782884
189938, 9784385
189938, 9785971
189938, 9787462
189938, 9789162
189938, 9791153
189938, 9793628
189938, 9794463
189938, 9797484
189938, 9797784
