# Number of control cameras to place = 50 (includes 50 opportunistic sightings + 0 placed randomly)
189995, 9790324
184804, 9797583
180143, 9782503
190097, 9782650
183460, 9782486
183778, 9798332
187616, 9784427
188789, 9791595
178416, 9790633
186348, 9788634
183250, 9794452
179762, 9796586
179713, 9797058
189948, 9786693
190201, 9784294
189015, 9794859
182665, 9788404
185244, 9795862
185638, 9783818
187286, 9785119
182618, 9796709
189216, 9787379
178851, 9798778
180105, 9793761
182190, 9796662
184481, 9796138
181457, 9786652
184657, 9791879
177753, 9792323
181602, 9789274
180282, 9786335
178143, 9787427
184865, 9794196
187318, 9784888
189741, 9795804
186573, 9794446
187719, 9782880
189892, 9796590
180117, 9786238
188705, 9797765
186227, 9782934
180170, 9794735
180242, 9788285
180535, 9786976
188502, 9782780
182964, 9789580
190538, 9793618
183069, 9785437
180276, 9788605
179849, 9786817
