# Actual number of control cameras to place = 39
178191, 9772743
178191, 9773627
178191, 9775560
178191, 9778264
178191, 9779913
178191, 9781595
178191, 9784668
178191, 9785289
178191, 9787103
178191, 9790306
178191, 9791832
178191, 9792798
178191, 9795747
184246, 9772743
184246, 9773627
184246, 9775560
184246, 9778264
184246, 9779913
184246, 9781595
184246, 9784668
184246, 9785289
184246, 9787103
184246, 9790306
184246, 9791832
184246, 9792798
184246, 9795747
189025, 9772743
189025, 9773627
189025, 9775560
189025, 9778264
189025, 9779913
189025, 9781595
189025, 9784668
189025, 9785289
189025, 9787103
189025, 9790306
189025, 9791832
189025, 9792798
189025, 9795747
