# Actual number of control cameras to place = 48
171357, 9777138
171357, 9778260
171357, 9779237
171357, 9780025
171357, 9781222
171357, 9782063
171357, 9783460
171357, 9783922
171357, 9785667
171357, 9786296
171357, 9787741
171357, 9788392
173642, 9777138
173642, 9778260
173642, 9779237
173642, 9780025
173642, 9781222
173642, 9782063
173642, 9783460
173642, 9783922
173642, 9785667
173642, 9786296
173642, 9787741
173642, 9788392
174799, 9777138
174799, 9778260
174799, 9779237
174799, 9780025
174799, 9781222
174799, 9782063
174799, 9783460
174799, 9783922
174799, 9785667
174799, 9786296
174799, 9787741
174799, 9788392
177189, 9777138
177189, 9778260
177189, 9779237
177189, 9780025
177189, 9781222
177189, 9782063
177189, 9783460
177189, 9783922
177189, 9785667
177189, 9786296
177189, 9787741
177189, 9788392
