# Number of control cameras to place = 54 (includes 54 opportunistic sightings + 0 placed randomly)
176667, 9778187
172014, 9784077
173368, 9777212
175296, 9785538
171940, 9784625
176832, 9781808
175961, 9786795
173102, 9784041
171829, 9782125
174639, 9778615
173503, 9779242
176284, 9783423
176971, 9783485
176946, 9780556
174407, 9787713
176974, 9778691
174692, 9782124
174902, 9784680
176871, 9777024
172697, 9784482
175521, 9788676
177056, 9778501
176727, 9787933
172719, 9782702
174586, 9784668
175874, 9786173
172079, 9779392
172838, 9778264
173961, 9788732
176868, 9777183
171430, 9787541
177144, 9787913
171565, 9787275
173346, 9783068
171416, 9777380
175029, 9784915
175837, 9786500
174590, 9787805
173151, 9778709
175485, 9777830
176741, 9780063
172410, 9779276
176984, 9781604
177201, 9781526
173891, 9777439
171881, 9783513
173789, 9780992
176506, 9784241
176605, 9786362
177549, 9787661
176434, 9784652
170918, 9785690
172041, 9786890
174760, 9780378
