# Number of control cameras to place = 50 (includes 50 opportunistic sightings + 0 placed randomly)
177817, 9794631
178788, 9787282
184470, 9787826
184506, 9791065
184705, 9790533
187902, 9795057
178893, 9790145
182086, 9784075
189317, 9788311
180957, 9789360
184175, 9792449
180923, 9787742
185674, 9786440
179166, 9795681
181894, 9789530
182463, 9782875
179015, 9784513
186430, 9793836
180386, 9783576
187721, 9782296
183988, 9787491
181792, 9790406
179615, 9789635
183230, 9785235
185994, 9798025
189444, 9789922
181362, 9794941
186383, 9795325
181495, 9791099
186144, 9792390
190182, 9785475
189244, 9795020
190611, 9796699
186339, 9791799
190057, 9783781
186839, 9797123
183702, 9792698
188969, 9784224
180883, 9791729
183726, 9795095
188308, 9793936
185982, 9785961
180819, 9792238
178522, 9787508
186231, 9789371
180424, 9785587
184102, 9788602
186893, 9792579
179247, 9793072
184745, 9786141
