# Number of control cameras to place = 50 (includes 0 opportunistic sightings + 50 placed randomly)
189128, 9797019
180079, 9797521
189697, 9790686
186739, 9785211
182712, 9799001
186497, 9795743
188476, 9783031
180536, 9784656
180306, 9782347
189625, 9792229
190609, 9797420
189363, 9785740
189555, 9786762
186444, 9792102
180605, 9792160
180319, 9794973
187331, 9785327
187962, 9794476
179428, 9788947
186125, 9784538
190146, 9788946
186452, 9786433
178324, 9795875
182585, 9792384
186580, 9789481
184975, 9783787
188646, 9794334
179437, 9798226
184862, 9788877
180584, 9796429
184503, 9797464
179149, 9792853
178423, 9785958
186647, 9795108
189448, 9784759
181548, 9798627
180780, 9794442
188095, 9784482
179741, 9788908
186424, 9782560
185750, 9795689
179028, 9797716
184939, 9792417
179977, 9795955
189200, 9788879
185582, 9790051
182793, 9799128
187739, 9782784
185590, 9784258
184829, 9799139
