# Number of control cameras to place = 50 (includes 7 opportunistic sightings + 43 placed randomly)
172252, 9784380
172252, 9784380
172252, 9784380
174780, 9785589
172409, 9782645
172409, 9782645
172252, 9784380
177650, 9783840
176853, 9781393
173710, 9782717
174078, 9780466
175653, 9776999
171484, 9780510
173879, 9786574
176766, 9780470
175992, 9778042
174252, 9786781
171523, 9778301
177439, 9786913
174681, 9784446
175708, 9780204
173939, 9786356
174287, 9785542
173531, 9784254
175884, 9785947
176159, 9785954
173588, 9781421
176084, 9786860
172586, 9787904
177606, 9782677
173402, 9777259
171204, 9777738
177709, 9788009
174586, 9781693
172914, 9781994
176637, 9780582
176753, 9782394
175769, 9781643
175969, 9786014
171986, 9787451
172174, 9785204
171526, 9788353
174269, 9784517
173066, 9782386
176878, 9784797
173999, 9787367
175862, 9782458
174682, 9780146
176484, 9782235
173972, 9782333
