# Actual number of control cameras to place = 52
171956, 9776464
171956, 9777605
171956, 9778108
171956, 9780605
171956, 9781077
171956, 9782736
171956, 9783903
171956, 9785523
171956, 9786656
171956, 9788554
171956, 9789634
171956, 9790523
171956, 9792394
173890, 9776464
173890, 9777605
173890, 9778108
173890, 9780605
173890, 9781077
173890, 9782736
173890, 9783903
173890, 9785523
173890, 9786656
173890, 9788554
173890, 9789634
173890, 9790523
173890, 9792394
177843, 9776464
177843, 9777605
177843, 9778108
177843, 9780605
177843, 9781077
177843, 9782736
177843, 9783903
177843, 9785523
177843, 9786656
177843, 9788554
177843, 9789634
177843, 9790523
177843, 9792394
179292, 9776464
179292, 9777605
179292, 9778108
179292, 9780605
179292, 9781077
179292, 9782736
179292, 9783903
179292, 9785523
179292, 9786656
179292, 9788554
179292, 9789634
179292, 9790523
179292, 9792394
