# Actual number of control cameras to place = 39
172115, 9775962
172115, 9776913
172115, 9779236
172115, 9780362
172115, 9781799
172115, 9783282
172115, 9784719
172115, 9785240
172115, 9786420
172115, 9788674
172115, 9789730
172115, 9790634
172115, 9791890
175741, 9775962
175741, 9776913
175741, 9779236
175741, 9780362
175741, 9781799
175741, 9783282
175741, 9784719
175741, 9785240
175741, 9786420
175741, 9788674
175741, 9789730
175741, 9790634
175741, 9791890
179396, 9775962
179396, 9776913
179396, 9779236
179396, 9780362
179396, 9781799
179396, 9783282
179396, 9784719
179396, 9785240
179396, 9786420
179396, 9788674
179396, 9789730
179396, 9790634
179396, 9791890
