# Number of control cameras to place = 50 (includes 6 opportunistic sightings + 44 placed randomly)
174707, 9783276
177578, 9782538
174683, 9783284
171333, 9782242
175542, 9787730
177553, 9782758
178519, 9788138
171871, 9777390
172591, 9785129
172610, 9779550
171150, 9782255
180346, 9785537
171892, 9776931
175897, 9779490
177424, 9788615
176993, 9778966
178199, 9779266
178262, 9786227
178511, 9790277
180090, 9781378
179892, 9790384
173254, 9783280
180122, 9792129
178874, 9781507
177106, 9777473
178539, 9792279
178336, 9784350
177990, 9780396
179508, 9781944
171599, 9780002
178348, 9788291
178501, 9788731
175522, 9786867
174421, 9779499
179243, 9782633
180332, 9789813
177000, 9790684
172264, 9785222
173701, 9786077
175967, 9782705
175402, 9786592
177468, 9784578
175716, 9788362
176129, 9785506
174251, 9780809
177085, 9785164
179531, 9788315
174267, 9788946
177194, 9788060
171845, 9791510
