# Number of control cameras to place = 50 (includes 0 opportunistic sightings + 50 placed randomly)
180199, 9786581
186453, 9791578
189709, 9792984
181618, 9790883
182870, 9788263
190104, 9787677
185919, 9792533
184480, 9793528
180018, 9787686
182044, 9785667
184007, 9785366
184353, 9784559
183198, 9792608
188545, 9786538
178741, 9797265
187871, 9789810
188593, 9790610
188128, 9788988
182497, 9787079
184281, 9796028
188797, 9796806
179584, 9789466
182387, 9782569
180020, 9787188
187326, 9784013
184618, 9798890
185642, 9787846
181167, 9785856
178302, 9785406
185450, 9786059
186448, 9794961
179141, 9784921
188026, 9784905
189811, 9789316
185336, 9791166
189489, 9785665
184243, 9793857
183149, 9799005
182624, 9792860
190467, 9784527
188618, 9782244
184470, 9791844
184801, 9785399
181784, 9788377
184730, 9797644
187133, 9797968
185079, 9792170
182942, 9797594
180702, 9786729
179277, 9793349
