# Actual number of control cameras to place = 60
174701, 9782208
174701, 9783031
174701, 9784209
174701, 9784725
174701, 9786011
174701, 9786983
174701, 9787815
174701, 9788607
174701, 9789570
174701, 9790603
174701, 9791626
174701, 9792407
176223, 9782208
176223, 9783031
176223, 9784209
176223, 9784725
176223, 9786011
176223, 9786983
176223, 9787815
176223, 9788607
176223, 9789570
176223, 9790603
176223, 9791626
176223, 9792407
177566, 9782208
177566, 9783031
177566, 9784209
177566, 9784725
177566, 9786011
177566, 9786983
177566, 9787815
177566, 9788607
177566, 9789570
177566, 9790603
177566, 9791626
177566, 9792407
179156, 9782208
179156, 9783031
179156, 9784209
179156, 9784725
179156, 9786011
179156, 9786983
179156, 9787815
179156, 9788607
179156, 9789570
179156, 9790603
179156, 9791626
179156, 9792407
179476, 9782208
179476, 9783031
179476, 9784209
179476, 9784725
179476, 9786011
179476, 9786983
179476, 9787815
179476, 9788607
179476, 9789570
179476, 9790603
179476, 9791626
179476, 9792407
