# Actual number of control cameras to place = 60
174439, 9782121
174439, 9782891
174439, 9784285
174439, 9784968
174439, 9785971
174439, 9786716
174439, 9787603
174439, 9788970
174439, 9789400
174439, 9790745
174439, 9791747
174439, 9792480
175581, 9782121
175581, 9782891
175581, 9784285
175581, 9784968
175581, 9785971
175581, 9786716
175581, 9787603
175581, 9788970
175581, 9789400
175581, 9790745
175581, 9791747
175581, 9792480
177772, 9782121
177772, 9782891
177772, 9784285
177772, 9784968
177772, 9785971
177772, 9786716
177772, 9787603
177772, 9788970
177772, 9789400
177772, 9790745
177772, 9791747
177772, 9792480
178629, 9782121
178629, 9782891
178629, 9784285
178629, 9784968
178629, 9785971
178629, 9786716
178629, 9787603
178629, 9788970
178629, 9789400
178629, 9790745
178629, 9791747
178629, 9792480
180497, 9782121
180497, 9782891
180497, 9784285
180497, 9784968
180497, 9785971
180497, 9786716
180497, 9787603
180497, 9788970
180497, 9789400
180497, 9790745
180497, 9791747
180497, 9792480
