# Actual number of control cameras to place = 60
174354, 9782022
174354, 9783007
174354, 9783534
174354, 9784841
174354, 9785513
174354, 9787203
174354, 9787591
174354, 9789094
174354, 9789653
174354, 9790673
174354, 9791778
174354, 9792796
175532, 9782022
175532, 9783007
175532, 9783534
175532, 9784841
175532, 9785513
175532, 9787203
175532, 9787591
175532, 9789094
175532, 9789653
175532, 9790673
175532, 9791778
175532, 9792796
177232, 9782022
177232, 9783007
177232, 9783534
177232, 9784841
177232, 9785513
177232, 9787203
177232, 9787591
177232, 9789094
177232, 9789653
177232, 9790673
177232, 9791778
177232, 9792796
178934, 9782022
178934, 9783007
178934, 9783534
178934, 9784841
178934, 9785513
178934, 9787203
178934, 9787591
178934, 9789094
178934, 9789653
178934, 9790673
178934, 9791778
178934, 9792796
180388, 9782022
180388, 9783007
180388, 9783534
180388, 9784841
180388, 9785513
180388, 9787203
180388, 9787591
180388, 9789094
180388, 9789653
180388, 9790673
180388, 9791778
180388, 9792796
