# Actual number of control cameras to place = 48
174650, 9782324
174650, 9782795
174650, 9783981
174650, 9785102
174650, 9786021
174650, 9787160
174650, 9788098
174650, 9788659
174650, 9789776
174650, 9790535
174650, 9792009
174650, 9793037
176407, 9782324
176407, 9782795
176407, 9783981
176407, 9785102
176407, 9786021
176407, 9787160
176407, 9788098
176407, 9788659
176407, 9789776
176407, 9790535
176407, 9792009
176407, 9793037
177885, 9782324
177885, 9782795
177885, 9783981
177885, 9785102
177885, 9786021
177885, 9787160
177885, 9788098
177885, 9788659
177885, 9789776
177885, 9790535
177885, 9792009
177885, 9793037
180365, 9782324
180365, 9782795
180365, 9783981
180365, 9785102
180365, 9786021
180365, 9787160
180365, 9788098
180365, 9788659
180365, 9789776
180365, 9790535
180365, 9792009
180365, 9793037
