# Actual number of control cameras to place = 48
174892, 9781993
174892, 9783011
174892, 9783548
174892, 9785248
174892, 9785935
174892, 9786839
174892, 9787685
174892, 9789081
174892, 9790110
174892, 9790427
174892, 9791652
174892, 9792819
177147, 9781993
177147, 9783011
177147, 9783548
177147, 9785248
177147, 9785935
177147, 9786839
177147, 9787685
177147, 9789081
177147, 9790110
177147, 9790427
177147, 9791652
177147, 9792819
177862, 9781993
177862, 9783011
177862, 9783548
177862, 9785248
177862, 9785935
177862, 9786839
177862, 9787685
177862, 9789081
177862, 9790110
177862, 9790427
177862, 9791652
177862, 9792819
179225, 9781993
179225, 9783011
179225, 9783548
179225, 9785248
179225, 9785935
179225, 9786839
179225, 9787685
179225, 9789081
179225, 9790110
179225, 9790427
179225, 9791652
179225, 9792819
