# Number of control cameras to place = 50 (includes 50 opportunistic sightings + 0 placed randomly)
174240, 9787468
178452, 9783852
179502, 9791241
176096, 9786137
178585, 9789800
178777, 9789868
175898, 9786776
175463, 9786421
174907, 9783557
175802, 9792413
179318, 9785262
179140, 9781755
174962, 9782185
175102, 9785699
179779, 9792117
178494, 9784182
174488, 9786300
179758, 9786856
177195, 9791713
178871, 9785994
175832, 9785732
175526, 9788413
177513, 9782180
180194, 9789922
174415, 9790800
177835, 9786129
177829, 9789622
178025, 9788952
174878, 9788601
179386, 9791026
176756, 9789453
179839, 9784199
177795, 9782610
178094, 9792109
174067, 9792756
176077, 9781761
176604, 9789479
174303, 9789418
179824, 9781764
178903, 9786686
179403, 9781798
179234, 9787754
175653, 9788989
178737, 9791647
174167, 9791896
177019, 9784514
176336, 9784170
174194, 9781967
176791, 9787573
177335, 9783675
