# Number of control cameras to place = 54 (includes 54 opportunistic sightings + 0 placed randomly)
178167, 9786827
180110, 9784696
179051, 9785512
175271, 9791973
176328, 9783179
177928, 9784089
177960, 9781625
179391, 9783389
174165, 9783372
175985, 9783074
178395, 9790871
177330, 9788071
177043, 9789009
175477, 9785835
175012, 9790382
175941, 9785263
178010, 9785593
179638, 9791485
174851, 9787827
178036, 9788583
178514, 9786972
177401, 9784259
176711, 9789111
180154, 9785207
179665, 9788166
178815, 9790268
177653, 9784612
176569, 9782788
176280, 9785007
174441, 9782482
175135, 9791552
177195, 9783428
175338, 9792664
179515, 9790602
176969, 9785478
176036, 9792608
175122, 9787065
174330, 9792455
176692, 9791333
178890, 9787152
175892, 9787769
180016, 9783878
179446, 9792556
177436, 9783302
176465, 9788476
179547, 9785235
174739, 9790496
174586, 9787623
177070, 9792312
180282, 9785707
179520, 9785513
177549, 9788394
174835, 9792916
177519, 9788756
