# Number of control cameras to place = 50 (includes 50 opportunistic sightings + 0 placed randomly)
178238, 9782792
174979, 9792719
176857, 9787766
179497, 9785921
175417, 9790066
178629, 9785141
174362, 9786207
174205, 9792169
176748, 9788698
174711, 9785400
174610, 9789709
177958, 9785582
176867, 9785329
177325, 9786370
177777, 9784950
174119, 9785432
177761, 9787858
176805, 9791473
178478, 9792192
175790, 9787894
177095, 9792897
176929, 9787875
176778, 9783774
179772, 9789247
176894, 9791731
178371, 9782272
174457, 9785690
175452, 9792094
176991, 9790092
177606, 9792785
174309, 9784460
178065, 9791239
178055, 9787723
177847, 9783229
174483, 9792863
174654, 9784496
178067, 9784613
177599, 9789414
174131, 9781974
178381, 9787897
174204, 9791439
179555, 9790017
179155, 9787468
177873, 9788216
176276, 9790501
177343, 9784138
176779, 9784434
179842, 9786504
179088, 9789493
175749, 9784831
