# Number of control cameras to place = 54 (includes 54 opportunistic sightings + 0 placed randomly)
179077, 9788499
180099, 9789013
178045, 9782778
177002, 9783026
178346, 9785798
174119, 9789577
177956, 9781872
175806, 9786992
177861, 9786215
178228, 9787491
175353, 9787686
180087, 9791886
176429, 9787628
176498, 9791722
175626, 9790843
180416, 9788318
174812, 9788388
175711, 9788411
176518, 9791507
176564, 9786058
178194, 9782281
174788, 9786173
175131, 9788391
179602, 9787291
177519, 9786334
176888, 9790875
178975, 9792362
180370, 9785356
179451, 9786370
177898, 9786406
176795, 9789783
178032, 9786029
174817, 9784886
174954, 9786774
176087, 9783127
174165, 9790807
180141, 9784421
179406, 9791220
178645, 9788027
177114, 9782360
180199, 9788035
175763, 9792458
178485, 9785490
179919, 9787604
178021, 9791099
178370, 9786665
176562, 9792969
177506, 9783279
174684, 9782430
176687, 9784871
175639, 9790400
176121, 9791205
177423, 9787992
179429, 9790354
