# Number of control cameras to place = 54 (includes 54 opportunistic sightings + 0 placed randomly)
179311, 9792580
175178, 9790483
175179, 9784622
180170, 9789317
178595, 9784638
177259, 9782393
177593, 9784835
179382, 9784168
177534, 9784383
174601, 9791367
176098, 9789956
177721, 9786904
174476, 9790288
177774, 9792035
178364, 9786642
178768, 9783602
174577, 9788187
180017, 9791915
176262, 9788978
180251, 9781949
180195, 9790638
176497, 9783075
177722, 9792901
177138, 9793026
176462, 9784757
176049, 9788041
177244, 9788122
177634, 9786047
174368, 9787690
176646, 9784095
179692, 9792620
175738, 9792903
174873, 9792357
179184, 9789539
176919, 9785438
179329, 9789512
175220, 9781847
177121, 9789886
179396, 9781889
179601, 9787650
174391, 9790861
175362, 9789616
179340, 9792453
176265, 9792923
176940, 9782537
177083, 9789669
178456, 9786241
178921, 9782932
180493, 9787367
180146, 9792532
174247, 9790713
179048, 9786645
174768, 9787501
180279, 9784429
