# Number of control cameras to place = 54 (includes 54 opportunistic sightings + 0 placed randomly)
180274, 9781939
174345, 9783067
180036, 9785095
180245, 9787728
177475, 9786942
177564, 9786338
176992, 9787624
175422, 9791548
176666, 9783891
178608, 9787955
176068, 9792364
174536, 9786099
176555, 9782078
174230, 9784781
174880, 9783058
174565, 9782374
178005, 9786122
178499, 9783350
178347, 9781653
174661, 9785211
175804, 9789396
174268, 9791149
179473, 9783168
175759, 9781731
175200, 9784131
178621, 9782912
178931, 9789217
175400, 9781904
175566, 9786890
174914, 9791126
174688, 9785308
175657, 9792800
177063, 9787486
177550, 9781953
175193, 9787810
174836, 9789439
175083, 9784014
175686, 9788292
178236, 9791981
179358, 9791688
179857, 9782791
178962, 9784021
177898, 9783345
176341, 9781909
180377, 9791507
180069, 9786114
178845, 9787780
179866, 9792992
177878, 9789787
177076, 9785998
178613, 9789396
177702, 9783791
175546, 9784989
174547, 9788664
