# Number of control cameras to place = 50 (includes 50 opportunistic sightings + 0 placed randomly)
175547, 9783343
176498, 9783406
178035, 9788312
176047, 9782944
176253, 9792555
178371, 9791340
178505, 9792235
179809, 9785100
178186, 9783816
174429, 9785504
177188, 9790970
174085, 9791931
178718, 9790273
179734, 9786313
177612, 9786867
174306, 9781818
177488, 9783886
179787, 9786468
179601, 9789435
175657, 9785301
174444, 9785801
179833, 9791081
177527, 9791373
180375, 9783251
179127, 9791558
177232, 9784311
179049, 9786816
178820, 9790465
174394, 9787035
179390, 9791098
174309, 9782446
179222, 9789218
180448, 9782755
179058, 9784198
175422, 9792362
175154, 9784041
176377, 9784057
176870, 9792088
180399, 9782862
174400, 9781768
178985, 9783079
175630, 9788627
178940, 9785295
178767, 9791122
176025, 9784909
177552, 9788388
176188, 9791643
178429, 9790238
177066, 9781797
177113, 9790144
