# Number of control cameras to place = 50 (includes 50 opportunistic sightings + 0 placed randomly)
181963, 9787680
184105, 9795820
183414, 9791006
178237, 9786743
177998, 9792264
182555, 9791425
189599, 9789077
186389, 9790422
181643, 9785415
185464, 9786374
184010, 9796374
180155, 9790258
185406, 9791756
184508, 9784187
180111, 9782093
190705, 9783229
182005, 9793035
179481, 9791011
179504, 9795337
178878, 9791206
186341, 9791852
188760, 9789581
183391, 9796742
180320, 9788182
179766, 9783241
180617, 9790788
188014, 9787233
190265, 9795103
185908, 9786166
179965, 9787194
186217, 9799074
186036, 9798202
184007, 9788801
178828, 9789697
185003, 9792002
180256, 9786884
187887, 9791423
185959, 9782095
180461, 9789397
184962, 9790195
179836, 9786740
182187, 9797779
186183, 9791609
187039, 9783522
179311, 9788811
182457, 9784535
178314, 9785947
183743, 9786697
179608, 9793188
182879, 9791740
