# Number of control cameras to place = 50 (includes 50 opportunistic sightings + 0 placed randomly)
178031, 9782927
179238, 9792949
176006, 9791738
177930, 9791576
174968, 9783784
180314, 9789280
178273, 9782479
178645, 9790418
178190, 9784874
179365, 9786433
176708, 9782266
174053, 9787208
176170, 9790264
177345, 9784326
178576, 9786181
174210, 9790851
175486, 9784409
179703, 9792526
180358, 9788007
177866, 9787695
177723, 9789143
179740, 9787735
175224, 9784567
175057, 9783406
176951, 9790602
176015, 9783973
178368, 9791703
178790, 9790677
174588, 9784818
178676, 9784969
175033, 9792912
178179, 9781687
179918, 9782995
174813, 9790415
180027, 9783745
177478, 9790768
176825, 9791219
175852, 9784601
180419, 9792825
177298, 9782157
175303, 9787516
179191, 9781666
174980, 9781958
174689, 9789456
174056, 9788631
174193, 9784114
176231, 9790606
179591, 9783607
177307, 9789277
179210, 9783033
