# Number of control cameras to place = 54 (includes 14 opportunistic sightings + 40 placed randomly)
180023, 9785055
179490, 9786608
179847, 9786550
175737, 9784510
179805, 9786448
179447, 9784694
179630, 9784757
179697, 9784952
179567, 9786646
179490, 9786608
179847, 9786550
179810, 9786055
175543, 9783888
175543, 9783888
176996, 9790407
179053, 9784098
180386, 9788029
178616, 9782053
179732, 9789129
174082, 9784348
179781, 9791714
174330, 9781597
177343, 9790420
179740, 9792260
177883, 9782546
177747, 9788918
177798, 9791523
174100, 9789119
175372, 9788103
174823, 9788292
177625, 9782587
179369, 9789713
176501, 9788474
178403, 9788194
178607, 9792272
179260, 9789450
178083, 9781836
175082, 9792126
174933, 9789915
174088, 9781704
174702, 9792073
178187, 9785192
176792, 9791169
174484, 9784479
174817, 9790390
178994, 9790169
180020, 9788508
174317, 9789964
174598, 9784487
176683, 9787178
178127, 9782946
176816, 9784762
174663, 9785227
175107, 9791322
