# Number of control cameras to place = 50 (includes 7 opportunistic sightings + 43 placed randomly)
176152, 9791443
176689, 9791339
177830, 9788427
179034, 9789008
176587, 9791343
179935, 9786609
179004, 9786921
179869, 9784090
178411, 9786144
176313, 9783381
174827, 9786754
178256, 9788558
179770, 9790919
175214, 9782457
178478, 9790590
174810, 9790540
175622, 9789043
176987, 9785861
174590, 9783942
175162, 9783188
174282, 9785738
177103, 9792875
175882, 9784749
175558, 9782479
177346, 9787789
174171, 9791190
175750, 9783324
178439, 9787007
177439, 9790959
174350, 9783511
174199, 9786493
175582, 9791402
179711, 9789648
174989, 9782774
179994, 9791634
180363, 9785472
178845, 9783912
177472, 9782519
179291, 9784036
180005, 9785493
179456, 9792678
174710, 9784631
175704, 9782161
178522, 9788807
175712, 9787132
179231, 9783167
177285, 9786596
176530, 9786841
177470, 9782918
177242, 9789575
