# Number of control cameras to place = 50 (includes 2 opportunistic sightings + 48 placed randomly)
179719, 9785340
175179, 9785092
177560, 9791970
174546, 9786600
180397, 9791582
174785, 9791154
177383, 9789462
178731, 9789910
174349, 9787886
180288, 9788071
179111, 9788099
175738, 9788463
176021, 9783114
175945, 9783881
174859, 9788731
176317, 9786414
178261, 9788529
177246, 9783125
175573, 9785337
179330, 9782129
180301, 9786754
175915, 9791375
174748, 9791596
177048, 9784485
177980, 9784428
178204, 9783154
175822, 9787697
177104, 9790185
180264, 9783375
176746, 9788141
178425, 9789926
176328, 9790402
176482, 9790889
176239, 9781732
177306, 9789381
174098, 9792296
180385, 9790626
174918, 9786523
177507, 9782541
174457, 9782860
176072, 9784771
174369, 9787781
177918, 9784771
178427, 9786886
180111, 9785980
174467, 9789679
178256, 9785690
176680, 9789440
179484, 9782552
178322, 9786099
