# Number of control cameras to place = 50 (includes 3 opportunistic sightings + 47 placed randomly)
175489, 9784560
180050, 9785111
179310, 9785848
177705, 9782664
175538, 9792527
175441, 9782520
174135, 9782006
175857, 9791543
175478, 9792089
177726, 9781649
174997, 9790889
180349, 9791260
174769, 9784357
180270, 9787417
178958, 9791715
179993, 9787119
177533, 9784033
176347, 9787176
176210, 9789511
176204, 9783245
177988, 9789739
176907, 9785337
174517, 9791696
178379, 9789207
176855, 9785671
174912, 9785827
176993, 9784840
176127, 9782661
178278, 9783526
180442, 9782209
179081, 9792448
174052, 9787893
176963, 9781842
174997, 9787472
175780, 9784203
177165, 9782020
179028, 9785122
179979, 9782278
174220, 9789307
176618, 9785132
177400, 9785303
174737, 9784207
179021, 9783894
178291, 9792667
177988, 9783221
175111, 9782437
179224, 9785051
177704, 9791139
176962, 9787849
179218, 9784725
