# Number of control cameras to place = 50 (includes 3 opportunistic sightings + 47 placed randomly)
177240, 9789162
177020, 9783688
177057, 9788920
174813, 9786741
174355, 9786010
177691, 9790865
179779, 9786855
179921, 9788262
179829, 9784280
177269, 9785638
175399, 9791622
175568, 9783676
176682, 9790306
176466, 9788534
177735, 9784893
175024, 9786744
174139, 9784754
179945, 9788681
174542, 9790381
175673, 9792917
175140, 9784655
175047, 9786067
174995, 9782510
174558, 9787942
180375, 9788921
177914, 9783945
177335, 9791623
176350, 9791250
179479, 9784589
180066, 9784477
179417, 9791715
174407, 9784927
174579, 9791686
177104, 9787699
179409, 9789606
175022, 9781632
177974, 9783162
176676, 9788512
178776, 9791672
176064, 9791542
176868, 9789773
175634, 9787313
174479, 9785198
179559, 9792756
175224, 9787207
174181, 9783383
175753, 9788940
176276, 9787002
174548, 9784925
179676, 9788425
