# Actual number of control cameras to place = 50
179996, 9782288
179996, 9784972
179996, 9786209
179996, 9787573
179996, 9790397
179996, 9792105
179996, 9792858
179996, 9795146
179996, 9797127
179996, 9798386
181778, 9782288
181778, 9784972
181778, 9786209
181778, 9787573
181778, 9790397
181778, 9792105
181778, 9792858
181778, 9795146
181778, 9797127
181778, 9798386
183462, 9782288
183462, 9784972
183462, 9786209
183462, 9787573
183462, 9790397
183462, 9792105
183462, 9792858
183462, 9795146
183462, 9797127
183462, 9798386
186102, 9782288
186102, 9784972
186102, 9786209
186102, 9787573
186102, 9790397
186102, 9792105
186102, 9792858
186102, 9795146
186102, 9797127
186102, 9798386
189121, 9782288
189121, 9784972
189121, 9786209
189121, 9787573
189121, 9790397
189121, 9792105
189121, 9792858
189121, 9795146
189121, 9797127
189121, 9798386
