# Actual number of control cameras to place = 50
179368, 9783556
179368, 9785282
179368, 9785913
179368, 9788457
179368, 9789467
179368, 9791474
179368, 9793579
179368, 9795605
179368, 9796776
179368, 9798606
180455, 9783556
180455, 9785282
180455, 9785913
180455, 9788457
180455, 9789467
180455, 9791474
180455, 9793579
180455, 9795605
180455, 9796776
180455, 9798606
184588, 9783556
184588, 9785282
184588, 9785913
184588, 9788457
184588, 9789467
184588, 9791474
184588, 9793579
184588, 9795605
184588, 9796776
184588, 9798606
186111, 9783556
186111, 9785282
186111, 9785913
186111, 9788457
186111, 9789467
186111, 9791474
186111, 9793579
186111, 9795605
186111, 9796776
186111, 9798606
188446, 9783556
188446, 9785282
188446, 9785913
188446, 9788457
188446, 9789467
188446, 9791474
188446, 9793579
188446, 9795605
188446, 9796776
188446, 9798606
