# Actual number of control cameras to place = 48
175263, 9781750
175263, 9782950
175263, 9783948
175263, 9784771
175263, 9785575
175263, 9786483
175263, 9787734
175263, 9788860
175263, 9789608
175263, 9791006
175263, 9791589
175263, 9792507
176070, 9781750
176070, 9782950
176070, 9783948
176070, 9784771
176070, 9785575
176070, 9786483
176070, 9787734
176070, 9788860
176070, 9789608
176070, 9791006
176070, 9791589
176070, 9792507
178810, 9781750
178810, 9782950
178810, 9783948
178810, 9784771
178810, 9785575
178810, 9786483
178810, 9787734
178810, 9788860
178810, 9789608
178810, 9791006
178810, 9791589
178810, 9792507
180054, 9781750
180054, 9782950
180054, 9783948
180054, 9784771
180054, 9785575
180054, 9786483
180054, 9787734
180054, 9788860
180054, 9789608
180054, 9791006
180054, 9791589
180054, 9792507
