# Actual number of control cameras to place = 60
175177, 9782036
175177, 9783256
175177, 9783938
175177, 9784932
175177, 9785606
175177, 9786587
175177, 9788098
175177, 9788969
175177, 9789597
175177, 9790878
175177, 9791318
175177, 9793010
175425, 9782036
175425, 9783256
175425, 9783938
175425, 9784932
175425, 9785606
175425, 9786587
175425, 9788098
175425, 9788969
175425, 9789597
175425, 9790878
175425, 9791318
175425, 9793010
177705, 9782036
177705, 9783256
177705, 9783938
177705, 9784932
177705, 9785606
177705, 9786587
177705, 9788098
177705, 9788969
177705, 9789597
177705, 9790878
177705, 9791318
177705, 9793010
178246, 9782036
178246, 9783256
178246, 9783938
178246, 9784932
178246, 9785606
178246, 9786587
178246, 9788098
178246, 9788969
178246, 9789597
178246, 9790878
178246, 9791318
178246, 9793010
179482, 9782036
179482, 9783256
179482, 9783938
179482, 9784932
179482, 9785606
179482, 9786587
179482, 9788098
179482, 9788969
179482, 9789597
179482, 9790878
179482, 9791318
179482, 9793010
