# Actual number of control cameras to place = 50
179875, 9782954
179875, 9784541
179875, 9786325
179875, 9787857
179875, 9790471
179875, 9791183
179875, 9792682
179875, 9795343
179875, 9796410
179875, 9798870
181722, 9782954
181722, 9784541
181722, 9786325
181722, 9787857
181722, 9790471
181722, 9791183
181722, 9792682
181722, 9795343
181722, 9796410
181722, 9798870
183380, 9782954
183380, 9784541
183380, 9786325
183380, 9787857
183380, 9790471
183380, 9791183
183380, 9792682
183380, 9795343
183380, 9796410
183380, 9798870
186085, 9782954
186085, 9784541
186085, 9786325
186085, 9787857
186085, 9790471
186085, 9791183
186085, 9792682
186085, 9795343
186085, 9796410
186085, 9798870
188882, 9782954
188882, 9784541
188882, 9786325
188882, 9787857
188882, 9790471
188882, 9791183
188882, 9792682
188882, 9795343
188882, 9796410
188882, 9798870
