# Number of control cameras to place = 50 (includes 50 opportunistic sightings + 0 placed randomly)
178166, 9790382
178376, 9789572
179870, 9789303
176922, 9783775
174171, 9790319
179959, 9784898
174438, 9790259
175720, 9791981
175338, 9787785
176866, 9792857
179773, 9784267
177147, 9791823
177057, 9787272
174580, 9786887
176649, 9791190
179202, 9786343
179127, 9786567
179290, 9788214
176575, 9790497
177149, 9781759
179090, 9791054
177701, 9783837
178803, 9788529
175443, 9790191
178649, 9781805
178238, 9792885
179869, 9787438
175695, 9783154
176656, 9784511
174757, 9786758
179722, 9785353
178810, 9791127
179271, 9788980
177923, 9783877
177262, 9788290
176797, 9792567
179637, 9791236
176294, 9783721
174832, 9782081
180103, 9791307
178236, 9785283
175489, 9789523
177903, 9790265
178733, 9787160
174322, 9787673
180090, 9790429
179298, 9785923
178282, 9786713
176334, 9781684
179898, 9789538
