# Number of control cameras to place = 50 (includes 50 opportunistic sightings + 0 placed randomly)
178804, 9792673
178648, 9791103
175285, 9783796
176630, 9785849
180484, 9792174
175931, 9792024
179077, 9791718
177866, 9782507
178314, 9790312
175329, 9785282
179542, 9784798
177935, 9787627
178052, 9785025
178685, 9788017
176313, 9785396
177266, 9782015
178409, 9791175
176249, 9792138
180223, 9788871
176863, 9785441
177965, 9789467
174889, 9785326
176142, 9786859
174765, 9788439
174477, 9791047
176374, 9785105
178006, 9791643
179874, 9784685
177734, 9781691
174633, 9789047
180104, 9785307
175946, 9791713
178699, 9785776
175468, 9785072
180364, 9788759
176444, 9788548
179039, 9785677
178726, 9791565
175962, 9786757
179790, 9788524
177361, 9782058
174913, 9788627
175891, 9787608
175650, 9787228
180058, 9787007
175994, 9786155
176094, 9787725
176879, 9788487
176456, 9790876
177753, 9790339
