# Number of control cameras to place = 54 (includes 54 opportunistic sightings + 0 placed randomly)
174519, 9789395
177359, 9787797
179463, 9782912
177596, 9789098
180055, 9786247
180479, 9792743
175295, 9784910
178516, 9784014
180136, 9787918
174655, 9782605
174595, 9791109
176004, 9792159
176032, 9783849
175978, 9786213
176138, 9792034
179896, 9791761
175070, 9792411
175800, 9787948
177579, 9791074
176696, 9782661
175187, 9792709
176202, 9792736
179883, 9785609
176068, 9785107
179783, 9786926
174847, 9783598
180405, 9792612
178536, 9785333
177657, 9792884
177975, 9783299
175367, 9789310
177186, 9792565
179467, 9783418
174811, 9792377
177346, 9788232
176099, 9786864
177175, 9784605
176352, 9791373
180409, 9786880
177873, 9790355
178087, 9789184
179315, 9781755
176855, 9785201
177259, 9789647
174519, 9791320
179894, 9784108
179935, 9781804
179251, 9788868
176407, 9781885
180444, 9782063
180441, 9783072
175071, 9784476
179502, 9792282
178874, 9791310
