# Number of control cameras to place = 54 (includes 54 opportunistic sightings + 0 placed randomly)
180226, 9792113
179774, 9791423
178443, 9788140
180318, 9788637
177186, 9790851
176511, 9792273
178652, 9785691
176578, 9781731
177818, 9791489
176045, 9784757
178148, 9789294
178809, 9787765
175394, 9790233
176691, 9788216
177722, 9784557
175469, 9782673
178214, 9788237
179827, 9786635
175295, 9792298
179063, 9784245
177913, 9784959
177773, 9783950
175135, 9792801
176217, 9792915
177709, 9786676
177904, 9786133
177471, 9789385
174079, 9791706
179104, 9784601
177240, 9782523
177958, 9783950
178860, 9787413
177305, 9786037
179980, 9786767
176497, 9785155
179774, 9791791
178545, 9792052
174433, 9788307
175868, 9782039
175378, 9789680
179493, 9785292
176688, 9784632
180446, 9782683
175512, 9784066
175987, 9789801
179173, 9791527
174323, 9792620
176938, 9789862
174051, 9789539
176977, 9785235
175838, 9787843
180442, 9784714
178244, 9787237
177206, 9787785
