# Number of control cameras to place = 50 (includes 50 opportunistic sightings + 0 placed randomly)
185828, 9782670
188294, 9790539
179974, 9797886
178392, 9783854
184970, 9786560
190494, 9788237
180956, 9793315
181552, 9783584
187714, 9784206
184171, 9791971
179910, 9787782
184792, 9790408
188225, 9793068
184613, 9794386
179249, 9785043
182612, 9799164
187625, 9782198
177819, 9784869
180627, 9785321
180170, 9789319
187689, 9799029
181442, 9798615
189997, 9788394
188337, 9787928
178042, 9794364
183098, 9795048
181566, 9782265
180214, 9796550
189627, 9791382
189642, 9785566
178660, 9782260
178100, 9796433
183200, 9796680
178534, 9790253
186954, 9787575
183768, 9785164
184790, 9794523
179795, 9792712
187863, 9794245
186718, 9782633
190394, 9798858
181574, 9784869
187511, 9787186
179552, 9793853
189459, 9788933
188944, 9786450
185037, 9792801
187829, 9783683
186092, 9786457
190465, 9783301
