# Number of control cameras to place = 50 (includes 50 opportunistic sightings + 0 placed randomly)
178823, 9799287
186053, 9787659
179321, 9794374
188072, 9798264
189225, 9792147
188618, 9799160
182969, 9786995
178557, 9785709
181364, 9796843
180803, 9783491
181912, 9787705
181249, 9788079
181208, 9793357
183802, 9783820
181384, 9792483
182720, 9789508
185929, 9798779
178107, 9799255
181603, 9790144
185305, 9790389
179827, 9785248
184498, 9795810
190015, 9797494
188066, 9789840
181699, 9789701
180151, 9782203
180845, 9794389
178827, 9794587
180646, 9792780
182899, 9796312
185201, 9796382
179990, 9795502
182458, 9792962
182468, 9794481
178654, 9784253
182418, 9785872
180462, 9796655
188502, 9788428
177822, 9785456
183203, 9782704
180253, 9785872
181050, 9783750
188930, 9789939
188955, 9785788
182059, 9782620
184107, 9782641
183982, 9791931
179930, 9783405
180963, 9790637
181112, 9792116
