# Number of control cameras to place = 54 (includes 2 opportunistic sightings + 52 placed randomly)
176578, 9787352
175645, 9787208
179731, 9784157
177683, 9792698
174706, 9790963
174502, 9790196
174409, 9789754
176528, 9784104
175700, 9785109
180058, 9789104
177168, 9790595
179021, 9787186
179986, 9786449
175201, 9786387
176589, 9787644
178593, 9789978
179635, 9788580
176194, 9786584
177885, 9789822
174170, 9790860
179480, 9788737
175232, 9791677
174332, 9792353
174989, 9790218
175922, 9781838
175926, 9784119
179651, 9783925
179320, 9791526
179954, 9791363
179237, 9790245
174592, 9787958
177972, 9787743
174491, 9786686
177509, 9789714
175607, 9782846
176416, 9787453
178603, 9786643
174297, 9783115
176025, 9786618
175468, 9792405
176006, 9783199
174057, 9789509
174222, 9784829
179854, 9789569
180350, 9785493
179425, 9783950
176580, 9788761
178589, 9787739
174936, 9784752
175391, 9790452
179978, 9792735
174633, 9782023
174439, 9785925
178565, 9782477
