# Number of control cameras to place = 54 (includes 4 opportunistic sightings + 50 placed randomly)
177734, 9786120
177253, 9785978
177949, 9785920
178569, 9784564
176606, 9782159
174628, 9787478
177584, 9786621
178959, 9788349
179245, 9792600
177913, 9788893
178367, 9782730
176936, 9789952
180252, 9791640
174223, 9788802
178731, 9784027
174194, 9787655
175205, 9783471
179331, 9788441
177107, 9789324
179107, 9791908
175459, 9786754
179225, 9781822
178307, 9790696
177763, 9787877
174475, 9782438
180181, 9792326
174708, 9784721
177318, 9790648
177473, 9789852
177219, 9786379
176359, 9792731
175956, 9783582
174537, 9792210
174241, 9787310
177639, 9784037
176453, 9782470
177022, 9788218
175673, 9788467
176067, 9785012
177827, 9783292
176871, 9789015
177231, 9789253
175957, 9789307
180249, 9787220
178645, 9782939
176843, 9786249
177897, 9782307
175566, 9788844
178774, 9787853
177105, 9792483
174067, 9784303
180081, 9791849
177216, 9790391
176895, 9783602
