# Number of control cameras to place = 54 (includes 5 opportunistic sightings + 49 placed randomly)
175423, 9786819
177222, 9786366
178057, 9786184
176563, 9786664
175327, 9786801
178150, 9789407
178787, 9781946
176612, 9782032
175460, 9790738
174115, 9791379
178385, 9783251
179051, 9786914
175521, 9783457
179640, 9787523
175264, 9787883
180285, 9786104
175239, 9787371
177099, 9788210
178339, 9787495
175132, 9784182
175836, 9784054
177057, 9788424
175713, 9787786
176438, 9788495
175877, 9788408
180035, 9785296
177008, 9792062
176157, 9784462
177441, 9790041
174287, 9792645
178622, 9786099
175177, 9782466
174062, 9792282
177218, 9786932
176327, 9792136
176649, 9787935
178033, 9782622
175609, 9790948
178088, 9786933
179900, 9786134
177894, 9792612
176968, 9783586
180470, 9791168
174984, 9790045
178983, 9792357
177753, 9782977
174810, 9783175
176375, 9790844
178747, 9784917
174994, 9787673
177589, 9792776
175275, 9782515
177517, 9784117
177308, 9789825
