# Number of control cameras to place = 54 (includes 2 opportunistic sightings + 52 placed randomly)
176067, 9783305
178877, 9787292
178746, 9788721
174957, 9783696
175271, 9789914
179341, 9784037
179897, 9785314
178046, 9790309
174885, 9786830
180047, 9787816
177147, 9789986
177423, 9792903
180199, 9792414
178138, 9792057
175544, 9785748
178742, 9792789
178344, 9789746
179072, 9782803
180158, 9792218
179526, 9792444
175427, 9790073
177969, 9789709
174578, 9789451
174102, 9788604
175408, 9784074
174466, 9786429
177216, 9782007
175384, 9784314
180273, 9788927
178619, 9792030
176180, 9785351
178484, 9789015
174912, 9785535
176762, 9792841
180207, 9788592
180237, 9789477
178723, 9787795
180092, 9787560
179777, 9784415
178594, 9792477
178639, 9792822
177941, 9788132
174534, 9784127
178750, 9786456
179194, 9791697
174572, 9784558
180099, 9789230
175347, 9790954
175269, 9791445
179731, 9781615
176345, 9787577
179574, 9785429
175135, 9790536
176834, 9786199
