# Number of control cameras to place = 50 (includes 4 opportunistic sightings + 46 placed randomly)
176152, 9784403
177247, 9786880
177047, 9788912
176152, 9784403
176267, 9786898
178807, 9788126
180270, 9781844
175985, 9786842
174456, 9786154
177603, 9786592
174149, 9792205
174116, 9790075
179372, 9782616
178684, 9782538
175351, 9790022
176402, 9788900
177506, 9785586
177086, 9788066
177884, 9786850
175579, 9783887
175224, 9792910
174315, 9787303
179966, 9784083
176126, 9789700
177257, 9786406
178153, 9789951
180423, 9785912
177798, 9788424
180044, 9781947
178059, 9792115
175276, 9788358
175220, 9791037
178807, 9788923
174348, 9782150
177318, 9788936
176548, 9792580
178678, 9792867
178022, 9787295
178311, 9791759
175273, 9789853
177918, 9788113
179000, 9783304
175051, 9781745
174237, 9782129
178868, 9789108
179469, 9781699
176867, 9785595
177394, 9788292
178077, 9784898
176277, 9784079
