# Number of control cameras to place = 50 (includes 18 opportunistic sightings + 32 placed randomly)
178439, 9782144
177662, 9788400
179391, 9786919
178766, 9788959
178554, 9782403
180304, 9786143
180600, 9785356
178951, 9782835
178136, 9788692
178629, 9782486
178896, 9788630
179820, 9786380
179588, 9783677
178493, 9782317
178416, 9782189
180539, 9785144
180440, 9785649
178054, 9782808
186940, 9789989
188581, 9784036
184081, 9786682
178712, 9784949
190244, 9783802
178291, 9795773
183013, 9785062
178935, 9782366
181778, 9792730
186042, 9798233
189210, 9794853
181740, 9784838
189093, 9786669
190545, 9794508
180203, 9785653
180849, 9786400
183040, 9789096
188055, 9788222
185335, 9793991
183863, 9788406
183811, 9798349
182583, 9786831
189185, 9782821
185361, 9789827
186855, 9795119
189802, 9790808
188998, 9798917
190042, 9787880
185208, 9783254
179569, 9791988
189028, 9790281
184453, 9795551
