# Number of control cameras to place = 50 (includes 9 opportunistic sightings + 41 placed randomly)
177359, 9785116
177359, 9785116
177359, 9785116
177359, 9785039
177359, 9785116
177359, 9785116
177359, 9785116
178116, 9786257
177548, 9784910
177187, 9787434
179902, 9784674
178064, 9786071
177439, 9789319
174679, 9783767
178526, 9784070
174845, 9792926
180349, 9783045
174467, 9788749
178339, 9787592
179927, 9790647
180172, 9785423
175923, 9789000
176370, 9784317
176152, 9792109
178972, 9784625
175479, 9792000
174643, 9792203
178742, 9786755
177483, 9792601
180482, 9787856
175862, 9782125
177638, 9788950
178023, 9790833
177031, 9789877
175620, 9784668
174266, 9792367
175983, 9790236
178311, 9781654
176038, 9786013
178760, 9784727
174895, 9787171
174822, 9792438
175543, 9784983
175286, 9785218
174139, 9792523
175031, 9783144
174182, 9791000
174709, 9790109
175066, 9783024
179181, 9784746
