# Actual number of control cameras to place = 50
178688, 9782300
178688, 9784178
178688, 9786187
178688, 9788184
178688, 9790414
178688, 9791492
178688, 9793692
178688, 9794392
178688, 9796732
178688, 9798588
182303, 9782300
182303, 9784178
182303, 9786187
182303, 9788184
182303, 9790414
182303, 9791492
182303, 9793692
182303, 9794392
182303, 9796732
182303, 9798588
184084, 9782300
184084, 9784178
184084, 9786187
184084, 9788184
184084, 9790414
184084, 9791492
184084, 9793692
184084, 9794392
184084, 9796732
184084, 9798588
186627, 9782300
186627, 9784178
186627, 9786187
186627, 9788184
186627, 9790414
186627, 9791492
186627, 9793692
186627, 9794392
186627, 9796732
186627, 9798588
190157, 9782300
190157, 9784178
190157, 9786187
190157, 9788184
190157, 9790414
190157, 9791492
190157, 9793692
190157, 9794392
190157, 9796732
190157, 9798588
