# Number of control cameras to place = 50 (includes 50 opportunistic sightings + 0 placed randomly)
189460, 9797967
185652, 9787506
181279, 9797696
186249, 9783557
187679, 9790501
182526, 9792458
181854, 9793109
178111, 9785863
181089, 9794711
190259, 9796750
186833, 9788674
190117, 9795598
185497, 9795352
189937, 9790468
184987, 9789894
183015, 9796584
178110, 9791378
182013, 9789289
177795, 9782770
181574, 9798262
186114, 9784851
187448, 9791033
189953, 9784533
178107, 9791074
177774, 9793832
183798, 9796602
186612, 9792236
187161, 9783010
177890, 9797903
185816, 9796536
178026, 9797984
186240, 9796895
187939, 9798560
185170, 9797684
189929, 9797393
179226, 9783434
186587, 9792019
189935, 9789901
180201, 9793263
190536, 9794597
186640, 9782432
188090, 9798881
185132, 9795202
180330, 9791827
182816, 9793847
182892, 9790431
184524, 9793283
180659, 9787333
184454, 9798868
184562, 9788474
