# Number of control cameras to place = 50 (includes 50 opportunistic sightings + 0 placed randomly)
188011, 9780293
187344, 9776231
187130, 9777906
186900, 9773884
185092, 9773131
186436, 9774058
184484, 9772657
184175, 9780881
185969, 9778180
186260, 9776123
185033, 9778857
184841, 9781111
190176, 9776248
189865, 9774955
185959, 9778394
187071, 9777426
190016, 9776797
185944, 9778022
189008, 9779739
186904, 9773051
185741, 9773557
188703, 9780661
186192, 9780178
186715, 9776289
187594, 9776940
187831, 9778181
186927, 9777625
185542, 9774515
188517, 9774039
188605, 9773354
189715, 9780446
188667, 9780089
189733, 9778781
183979, 9774840
185199, 9771961
186932, 9778600
184339, 9779698
188274, 9775103
186408, 9772234
190506, 9779859
184521, 9780639
188332, 9779995
187473, 9772877
188190, 9782266
189967, 9781980
186223, 9778874
185119, 9773886
185416, 9779212
186964, 9774693
188195, 9772396
