# Number of control cameras to place = 54 (includes 54 opportunistic sightings + 0 placed randomly)
184749, 9775063
190552, 9772062
187098, 9777033
184142, 9772601
189866, 9772518
188445, 9776519
185298, 9781175
185240, 9777065
184928, 9774674
184600, 9775239
184487, 9773641
189043, 9780152
188008, 9780629
184765, 9777347
188333, 9782195
188947, 9781581
190387, 9781950
185243, 9781287
190106, 9775115
184162, 9781347
184263, 9781931
186649, 9776458
185406, 9781259
187032, 9781819
188392, 9777756
184528, 9772952
190063, 9779437
187861, 9778321
185048, 9775145
185146, 9773472
187768, 9772299
184288, 9779962
187990, 9781228
190039, 9774322
185964, 9781924
187821, 9777516
187612, 9777986
189335, 9777149
188429, 9776785
184255, 9776062
189316, 9776738
188517, 9781617
185507, 9778667
189943, 9773084
186881, 9772613
190316, 9777446
187785, 9775874
187818, 9772560
188463, 9773532
189309, 9774445
185033, 9779967
187361, 9772174
187916, 9776947
190484, 9780147
