# Actual number of control cameras to place = 48
175006, 9781723
175006, 9783108
175006, 9784174
175006, 9785068
175006, 9785505
175006, 9787214
175006, 9787741
175006, 9788421
175006, 9789406
175006, 9790729
175006, 9792003
175006, 9792762
175931, 9781723
175931, 9783108
175931, 9784174
175931, 9785068
175931, 9785505
175931, 9787214
175931, 9787741
175931, 9788421
175931, 9789406
175931, 9790729
175931, 9792003
175931, 9792762
178706, 9781723
178706, 9783108
178706, 9784174
178706, 9785068
178706, 9785505
178706, 9787214
178706, 9787741
178706, 9788421
178706, 9789406
178706, 9790729
178706, 9792003
178706, 9792762
179631, 9781723
179631, 9783108
179631, 9784174
179631, 9785068
179631, 9785505
179631, 9787214
179631, 9787741
179631, 9788421
179631, 9789406
179631, 9790729
179631, 9792003
179631, 9792762
