# Actual number of control cameras to place = 48
174151, 9782005
174151, 9783299
174151, 9784299
174151, 9784557
174151, 9785665
174151, 9787026
174151, 9787832
174151, 9788596
174151, 9790078
174151, 9790864
174151, 9791877
174151, 9792412
175987, 9782005
175987, 9783299
175987, 9784299
175987, 9784557
175987, 9785665
175987, 9787026
175987, 9787832
175987, 9788596
175987, 9790078
175987, 9790864
175987, 9791877
175987, 9792412
178643, 9782005
178643, 9783299
178643, 9784299
178643, 9784557
178643, 9785665
178643, 9787026
178643, 9787832
178643, 9788596
178643, 9790078
178643, 9790864
178643, 9791877
178643, 9792412
179133, 9782005
179133, 9783299
179133, 9784299
179133, 9784557
179133, 9785665
179133, 9787026
179133, 9787832
179133, 9788596
179133, 9790078
179133, 9790864
179133, 9791877
179133, 9792412
