# Actual number of control cameras to place = 48
174115, 9781624
174115, 9782581
174115, 9783886
174115, 9784704
174115, 9785599
174115, 9787132
174115, 9787424
174115, 9788720
174115, 9790109
174115, 9790938
174115, 9791635
174115, 9792694
175952, 9781624
175952, 9782581
175952, 9783886
175952, 9784704
175952, 9785599
175952, 9787132
175952, 9787424
175952, 9788720
175952, 9790109
175952, 9790938
175952, 9791635
175952, 9792694
177478, 9781624
177478, 9782581
177478, 9783886
177478, 9784704
177478, 9785599
177478, 9787132
177478, 9787424
177478, 9788720
177478, 9790109
177478, 9790938
177478, 9791635
177478, 9792694
180360, 9781624
180360, 9782581
180360, 9783886
180360, 9784704
180360, 9785599
180360, 9787132
180360, 9787424
180360, 9788720
180360, 9790109
180360, 9790938
180360, 9791635
180360, 9792694
