# Actual number of control cameras to place = 60
174469, 9781964
174469, 9783328
174469, 9783714
174469, 9785208
174469, 9785480
174469, 9787173
174469, 9787809
174469, 9789155
174469, 9789996
174469, 9790983
174469, 9791715
174469, 9792721
175926, 9781964
175926, 9783328
175926, 9783714
175926, 9785208
175926, 9785480
175926, 9787173
175926, 9787809
175926, 9789155
175926, 9789996
175926, 9790983
175926, 9791715
175926, 9792721
177744, 9781964
177744, 9783328
177744, 9783714
177744, 9785208
177744, 9785480
177744, 9787173
177744, 9787809
177744, 9789155
177744, 9789996
177744, 9790983
177744, 9791715
177744, 9792721
178712, 9781964
178712, 9783328
178712, 9783714
178712, 9785208
178712, 9785480
178712, 9787173
178712, 9787809
178712, 9789155
178712, 9789996
178712, 9790983
178712, 9791715
178712, 9792721
180496, 9781964
180496, 9783328
180496, 9783714
180496, 9785208
180496, 9785480
180496, 9787173
180496, 9787809
180496, 9789155
180496, 9789996
180496, 9790983
180496, 9791715
180496, 9792721
