# Actual number of control cameras to place = 50
178908, 9782755
178908, 9784538
178908, 9786086
178908, 9788296
178908, 9789286
178908, 9791317
178908, 9792876
178908, 9794316
178908, 9796665
178908, 9798226
181153, 9782755
181153, 9784538
181153, 9786086
181153, 9788296
181153, 9789286
181153, 9791317
181153, 9792876
181153, 9794316
181153, 9796665
181153, 9798226
183899, 9782755
183899, 9784538
183899, 9786086
183899, 9788296
183899, 9789286
183899, 9791317
183899, 9792876
183899, 9794316
183899, 9796665
183899, 9798226
187731, 9782755
187731, 9784538
187731, 9786086
187731, 9788296
187731, 9789286
187731, 9791317
187731, 9792876
187731, 9794316
187731, 9796665
187731, 9798226
189752, 9782755
189752, 9784538
189752, 9786086
189752, 9788296
189752, 9789286
189752, 9791317
189752, 9792876
189752, 9794316
189752, 9796665
189752, 9798226
