# Number of control cameras to place = 50 (includes 50 opportunistic sightings + 0 placed randomly)
180554, 9784281
183342, 9783962
187885, 9799010
177985, 9792280
179239, 9792350
186408, 9788768
179832, 9790385
190244, 9788517
190462, 9788259
188181, 9796055
182226, 9798101
189760, 9795678
182792, 9797642
177937, 9788998
186960, 9796538
179838, 9794279
177922, 9785460
178513, 9785827
179031, 9797906
180751, 9784729
182077, 9790703
184985, 9786512
190372, 9787155
178915, 9785031
188142, 9791065
177753, 9786290
188468, 9786829
190607, 9785677
187385, 9785916
187982, 9794243
182556, 9793134
178044, 9785585
181067, 9782266
183680, 9793055
189541, 9789992
179926, 9788867
180628, 9793175
182672, 9794794
183796, 9783116
188966, 9784406
183376, 9792654
182130, 9793962
179516, 9789593
187775, 9795258
190167, 9798457
182334, 9786718
185471, 9799065
189176, 9789061
189127, 9791348
189902, 9782780
