# Number of control cameras to place = 50 (includes 50 opportunistic sightings + 0 placed randomly)
176746, 9785770
176069, 9783693
175229, 9786607
175984, 9788893
178446, 9782158
174370, 9785770
175286, 9790237
177725, 9781831
175083, 9790041
177165, 9788026
175708, 9791630
175677, 9790791
175275, 9792948
176756, 9790113
175186, 9786131
179588, 9781680
174871, 9788260
175004, 9792867
174461, 9791543
180004, 9785291
174644, 9782877
174432, 9790596
175616, 9790192
175316, 9788362
174563, 9788942
178458, 9786005
178768, 9789395
178163, 9792770
178965, 9786319
177559, 9790001
175851, 9789351
176364, 9789626
175669, 9787364
175925, 9790070
176331, 9785641
178178, 9791069
178407, 9784821
179539, 9793015
174842, 9782397
179101, 9792729
175769, 9783369
174477, 9786916
174810, 9782571
174291, 9792964
176804, 9784429
174936, 9786866
174933, 9789235
179568, 9783598
177748, 9788049
179142, 9783377
