# Number of control cameras to place = 50 (includes 50 opportunistic sightings + 0 placed randomly)
186930, 9799280
190033, 9790818
189849, 9796039
183762, 9790471
181996, 9792093
180274, 9790673
183177, 9788090
186179, 9788452
177965, 9798685
177825, 9788189
182939, 9794998
188324, 9787008
187423, 9792792
179353, 9783329
178307, 9795101
188745, 9786030
185782, 9791823
185717, 9793702
190411, 9786759
189825, 9791528
185404, 9793128
190602, 9796292
181006, 9784314
182886, 9790962
179869, 9792176
178974, 9797920
179550, 9789607
183034, 9784652
179336, 9791027
178948, 9791062
187590, 9785209
184156, 9795738
188044, 9793246
187685, 9794164
178112, 9783208
180334, 9794436
190198, 9791407
178972, 9784531
187648, 9784898
180312, 9791500
186869, 9792756
184093, 9782710
177801, 9782893
178476, 9792015
184867, 9792009
187667, 9795601
190123, 9785948
184034, 9791059
177771, 9792916
187963, 9787988
