# Number of control cameras to place = 54 (includes 54 opportunistic sightings + 0 placed randomly)
177039, 9787793
180110, 9790000
179504, 9787824
177881, 9790241
180336, 9781848
178638, 9791804
177364, 9791236
177378, 9791692
178151, 9782600
174591, 9783452
178703, 9787939
177193, 9786334
174564, 9787802
177121, 9789084
179546, 9784624
178231, 9784395
178664, 9792818
177426, 9791357
179676, 9782107
177433, 9789597
178599, 9787549
176993, 9783205
180012, 9791404
179078, 9786007
177192, 9783659
176279, 9782627
176275, 9788915
178977, 9783490
175932, 9792704
178562, 9788286
179037, 9785295
175698, 9790714
174399, 9790662
180083, 9784204
177844, 9788469
178715, 9789417
176480, 9791921
179044, 9786953
174835, 9791927
176658, 9781734
176702, 9788038
177816, 9781980
180276, 9787094
176657, 9791755
176021, 9792781
178336, 9792572
175225, 9783453
178286, 9792788
179104, 9784519
174075, 9788421
178235, 9783633
174444, 9788213
175071, 9789115
176810, 9792534
