# Number of control cameras to place = 50 (includes 50 opportunistic sightings + 0 placed randomly)
181718, 9789326
187463, 9785642
182535, 9796973
179917, 9795187
178566, 9797385
183254, 9793915
182050, 9785601
187966, 9784721
182907, 9784662
179848, 9787466
185019, 9786050
187790, 9784067
186851, 9785363
186278, 9793719
187507, 9797752
180223, 9786432
182261, 9788250
190447, 9797228
178262, 9784376
187837, 9798325
181964, 9787666
188281, 9783217
184130, 9797519
190552, 9785017
190309, 9789958
187512, 9792341
183255, 9798234
178529, 9797917
188889, 9795399
179980, 9787826
184768, 9794692
178816, 9796630
188810, 9793570
186743, 9794356
190543, 9786593
181621, 9785952
183189, 9787899
184308, 9795178
183954, 9794089
187552, 9782931
190418, 9787776
179355, 9782237
180591, 9782519
181982, 9788148
185375, 9790628
187140, 9782869
183725, 9799241
190289, 9794419
180608, 9783011
185004, 9787061
