# Number of control cameras to place = 50 (includes 50 opportunistic sightings + 0 placed randomly)
181353, 9786242
188078, 9789018
186528, 9793126
179408, 9791447
188005, 9787365
185177, 9797751
188778, 9799073
178910, 9793324
185415, 9783465
178889, 9798463
178296, 9793992
181922, 9794577
189112, 9794044
186775, 9784523
183699, 9785888
189628, 9799264
182815, 9794155
181058, 9788112
178264, 9790966
180940, 9798136
185135, 9790037
179806, 9796590
190008, 9796984
178137, 9782733
186507, 9790353
180085, 9785216
182339, 9795300
182473, 9783687
188517, 9799116
181723, 9796728
183025, 9789169
180814, 9784483
177981, 9795657
188182, 9783032
181752, 9786582
184380, 9796640
179035, 9785153
187437, 9795904
181942, 9793532
189801, 9784955
187338, 9793480
177945, 9785352
187117, 9797133
184016, 9790699
179692, 9790743
182645, 9784530
182352, 9794165
178173, 9789861
183846, 9787746
181297, 9787039
