# Number of control cameras to place = 50 (includes 1 opportunistic sightings + 49 placed randomly)
178122, 9783915
177903, 9786730
175072, 9786740
176673, 9786204
178361, 9786643
177847, 9788625
179954, 9792264
177867, 9787112
176332, 9792429
174327, 9781982
177368, 9792717
176574, 9791319
179618, 9782659
177698, 9782929
175563, 9791244
180391, 9788922
174099, 9788363
179812, 9787621
176419, 9792758
177953, 9782093
179965, 9782287
177275, 9787156
179604, 9789622
177584, 9791361
174441, 9784248
175690, 9787417
178139, 9789978
177701, 9786232
175162, 9786064
178037, 9781765
178288, 9785733
180017, 9790076
178618, 9784689
179821, 9791049
180419, 9785583
178730, 9792165
175692, 9785193
177434, 9782081
178154, 9788802
176187, 9792324
175347, 9789475
179795, 9783631
176372, 9787051
176905, 9787940
176632, 9786744
174622, 9785941
178506, 9786663
178618, 9788233
179080, 9786978
179563, 9786511
