# Number of control cameras to place = 54 (includes 0 opportunistic sightings + 54 placed randomly)
175571, 9784315
174229, 9781813
177628, 9785416
179963, 9783506
177775, 9791134
176015, 9790619
179434, 9787930
175545, 9785910
175712, 9781930
175779, 9787680
175732, 9783244
178314, 9788079
175953, 9790454
174547, 9782742
178407, 9785426
174075, 9784499
179802, 9785376
178311, 9783476
179043, 9789716
177558, 9788619
175907, 9790798
179902, 9792645
179838, 9788247
179501, 9791658
174571, 9782963
177944, 9784787
176180, 9788927
178263, 9782906
180162, 9786781
179528, 9786488
179705, 9786349
178713, 9784563
174648, 9792216
180143, 9784528
179175, 9792244
178137, 9789889
175506, 9788464
179942, 9788662
174615, 9785007
174617, 9782278
176758, 9781740
178222, 9786896
176821, 9784182
179181, 9782623
174312, 9786529
176615, 9788664
179054, 9783978
175167, 9787267
176659, 9789444
178306, 9789931
176151, 9784454
176882, 9786103
180379, 9784801
175054, 9790848
