# Actual number of control cameras to place = 48
184528, 9772018
184528, 9772691
184528, 9773651
184528, 9774923
184528, 9775376
184528, 9776456
184528, 9777697
184528, 9778157
184528, 9779522
184528, 9779916
184528, 9781326
184528, 9782136
187068, 9772018
187068, 9772691
187068, 9773651
187068, 9774923
187068, 9775376
187068, 9776456
187068, 9777697
187068, 9778157
187068, 9779522
187068, 9779916
187068, 9781326
187068, 9782136
188687, 9772018
188687, 9772691
188687, 9773651
188687, 9774923
188687, 9775376
188687, 9776456
188687, 9777697
188687, 9778157
188687, 9779522
188687, 9779916
188687, 9781326
188687, 9782136
190284, 9772018
190284, 9772691
190284, 9773651
190284, 9774923
190284, 9775376
190284, 9776456
190284, 9777697
190284, 9778157
190284, 9779522
190284, 9779916
190284, 9781326
190284, 9782136
