# Actual number of control cameras to place = 48
185278, 9772140
185278, 9772808
185278, 9774128
185278, 9774974
185278, 9775969
185278, 9776496
185278, 9777510
185278, 9778205
185278, 9779586
185278, 9780138
185278, 9781352
185278, 9781768
186824, 9772140
186824, 9772808
186824, 9774128
186824, 9774974
186824, 9775969
186824, 9776496
186824, 9777510
186824, 9778205
186824, 9779586
186824, 9780138
186824, 9781352
186824, 9781768
187743, 9772140
187743, 9772808
187743, 9774128
187743, 9774974
187743, 9775969
187743, 9776496
187743, 9777510
187743, 9778205
187743, 9779586
187743, 9780138
187743, 9781352
187743, 9781768
190279, 9772140
190279, 9772808
190279, 9774128
190279, 9774974
190279, 9775969
190279, 9776496
190279, 9777510
190279, 9778205
190279, 9779586
190279, 9780138
190279, 9781352
190279, 9781768
