# Number of control cameras to place = 54 (includes 5 opportunistic sightings + 49 placed randomly)
186948, 9777084
190327, 9778108
188611, 9779149
186584, 9773395
187587, 9777878
186319, 9773129
187178, 9781029
187443, 9777636
187888, 9772506
186937, 9780567
185415, 9779708
185818, 9773059
189074, 9781756
190184, 9772043
184634, 9780067
184893, 9778940
185881, 9775200
186261, 9772267
184118, 9774732
189461, 9776922
187015, 9778338
186723, 9772856
184129, 9774290
187976, 9774914
189864, 9776634
189273, 9772186
187123, 9780258
186075, 9777586
189262, 9777807
189584, 9777217
189930, 9781296
185594, 9782068
187221, 9772494
184668, 9776087
189513, 9778493
187133, 9772698
188218, 9775267
186344, 9776655
187210, 9776674
185222, 9771746
189483, 9773512
187496, 9772614
186569, 9773901
188266, 9776313
186200, 9777966
187847, 9775751
187910, 9772927
190194, 9778306
186952, 9775668
185096, 9781776
188809, 9773675
184827, 9776504
186989, 9774086
190049, 9779077
