# Actual number of control cameras to place = 36
176280, 9774402
176280, 9775385
176280, 9776603
176280, 9777157
176280, 9778256
176280, 9778842
176280, 9780305
176280, 9781424
176280, 9781968
176280, 9782738
176280, 9784172
176280, 9784901
176280, 9785544
176280, 9786433
176280, 9787516
176280, 9788406
176280, 9789742
176280, 9790449
178350, 9774402
178350, 9775385
178350, 9776603
178350, 9777157
178350, 9778256
178350, 9778842
178350, 9780305
178350, 9781424
178350, 9781968
178350, 9782738
178350, 9784172
178350, 9784901
178350, 9785544
178350, 9786433
178350, 9787516
178350, 9788406
178350, 9789742
178350, 9790449
