# Actual number of control cameras to place = 36
176236, 9774206
176236, 9775602
176236, 9776442
176236, 9777531
176236, 9778055
176236, 9779002
176236, 9780282
176236, 9780788
176236, 9782044
176236, 9783268
176236, 9783848
176236, 9785181
176236, 9785832
176236, 9786850
176236, 9787347
176236, 9788570
176236, 9789653
176236, 9790281
178316, 9774206
178316, 9775602
178316, 9776442
178316, 9777531
178316, 9778055
178316, 9779002
178316, 9780282
178316, 9780788
178316, 9782044
178316, 9783268
178316, 9783848
178316, 9785181
178316, 9785832
178316, 9786850
178316, 9787347
178316, 9788570
178316, 9789653
178316, 9790281
