# Actual number of control cameras to place = 50
179232, 9782532
179232, 9784724
179232, 9786957
179232, 9788522
179232, 9790136
179232, 9790947
179232, 9793036
179232, 9794758
179232, 9796360
179232, 9798212
180876, 9782532
180876, 9784724
180876, 9786957
180876, 9788522
180876, 9790136
180876, 9790947
180876, 9793036
180876, 9794758
180876, 9796360
180876, 9798212
183513, 9782532
183513, 9784724
183513, 9786957
183513, 9788522
183513, 9790136
183513, 9790947
183513, 9793036
183513, 9794758
183513, 9796360
183513, 9798212
187390, 9782532
187390, 9784724
187390, 9786957
187390, 9788522
187390, 9790136
187390, 9790947
187390, 9793036
187390, 9794758
187390, 9796360
187390, 9798212
190592, 9782532
190592, 9784724
190592, 9786957
190592, 9788522
190592, 9790136
190592, 9790947
190592, 9793036
190592, 9794758
190592, 9796360
190592, 9798212
