# Number of control cameras to place = 50 (includes 50 opportunistic sightings + 0 placed randomly)
185929, 9797040
184940, 9786026
189158, 9789132
180851, 9799289
185523, 9797874
186576, 9786825
187551, 9791730
180140, 9790377
180421, 9794294
182704, 9792912
178434, 9787779
184301, 9794841
178970, 9793014
183062, 9795807
180540, 9793446
184581, 9782245
182720, 9785932
180516, 9787039
188770, 9785672
189602, 9782900
186557, 9794552
179821, 9797873
187000, 9789661
184662, 9797848
181205, 9794154
181140, 9796421
183255, 9786128
185560, 9798700
187614, 9795278
177814, 9783413
182518, 9785443
182496, 9786906
186258, 9783717
179311, 9792626
190594, 9793118
180940, 9782591
188609, 9785261
181232, 9784485
187567, 9795795
185406, 9796591
179456, 9797356
178756, 9785558
189326, 9796856
178361, 9792247
190348, 9784531
186598, 9782886
182216, 9784022
188464, 9789681
188362, 9791596
179492, 9797765
