# Number of control cameras to place = 50 (includes 2 opportunistic sightings + 48 placed randomly)
172184, 9785919
172088, 9783829
175375, 9782376
178025, 9784831
175480, 9784040
174732, 9781461
177340, 9792280
175199, 9785421
171070, 9786893
171322, 9775448
171704, 9784547
171998, 9788390
173822, 9789891
175384, 9783115
172499, 9789904
180375, 9779210
175295, 9790442
174743, 9791550
179400, 9783308
174804, 9791183
171669, 9780034
177454, 9789078
178294, 9785162
171758, 9775730
173235, 9784968
176885, 9782849
173231, 9778335
178701, 9783828
174233, 9779172
177285, 9782132
172310, 9790805
175766, 9782368
177602, 9788209
171377, 9778718
172174, 9786620
175123, 9790199
172071, 9775931
176087, 9776969
174246, 9777586
173915, 9787030
173465, 9788541
171246, 9788314
174159, 9777801
178357, 9784795
174866, 9791925
173094, 9787698
172836, 9785142
174809, 9777221
171459, 9787418
176503, 9791325
