# Number of control cameras to place = 50 (includes 0 opportunistic sightings + 50 placed randomly)
175196, 9784117
178149, 9781021
175493, 9780218
174812, 9789608
176812, 9791549
171490, 9778526
176650, 9782162
175744, 9776235
175717, 9792457
171978, 9780827
172087, 9791021
179444, 9782601
178189, 9788087
177120, 9783937
175449, 9788637
177893, 9784781
175656, 9785566
179398, 9777230
175661, 9777730
175216, 9778869
180060, 9779025
174768, 9792078
179219, 9777047
171231, 9780722
180138, 9776742
175416, 9790924
176857, 9778407
172589, 9783943
180184, 9787797
176827, 9783370
174958, 9775789
179649, 9786569
171996, 9783578
178538, 9777079
177252, 9782272
175812, 9775945
175423, 9784087
171249, 9788542
173090, 9775816
171387, 9778921
173899, 9783927
180398, 9778268
179421, 9779762
178129, 9788172
172202, 9785288
172599, 9788299
178121, 9785388
172480, 9779402
172335, 9783886
176328, 9782864
