# Number of control cameras to place = 54 (includes 1 opportunistic sightings + 53 placed randomly)
176107, 9784828
176564, 9788192
178596, 9789996
170960, 9792136
174419, 9786231
174498, 9776397
175991, 9780249
173943, 9786739
173143, 9786571
171807, 9781573
172962, 9776353
173921, 9776905
171596, 9789822
171003, 9788779
173757, 9776793
176016, 9784218
172744, 9779252
174964, 9790783
179295, 9780642
171675, 9778206
173393, 9787794
175514, 9782086
177582, 9784867
172033, 9776085
179657, 9778690
176061, 9785839
172645, 9786213
178826, 9788852
174219, 9780387
175609, 9786694
175491, 9785416
174947, 9781684
172481, 9779830
173357, 9778086
178196, 9786720
174668, 9791853
176403, 9785064
173845, 9778369
178875, 9784714
176823, 9778458
180470, 9776923
172409, 9779201
172182, 9790866
178957, 9779459
178052, 9788728
178267, 9786288
179397, 9786313
173784, 9783795
172535, 9777092
179718, 9789298
179233, 9791532
176601, 9791926
171130, 9785963
170901, 9785865
