# Number of control cameras to place = 50 (includes 0 opportunistic sightings + 50 placed randomly)
186862, 9785606
186631, 9785391
185071, 9788713
189552, 9787522
189177, 9789969
187336, 9789426
180216, 9782359
186356, 9782619
188977, 9785995
182474, 9790557
182543, 9788000
187361, 9796210
181447, 9786675
183222, 9791619
184599, 9788256
179219, 9782670
183981, 9797877
178839, 9797516
186136, 9791172
182588, 9795521
188288, 9794609
186117, 9795769
187656, 9794438
181984, 9788013
183945, 9784696
179600, 9789726
179162, 9792940
184192, 9794553
189081, 9791057
181164, 9788735
187042, 9796429
190353, 9786018
181359, 9786976
186027, 9787383
179821, 9784759
179707, 9798796
179634, 9796336
183595, 9783724
184183, 9793878
188099, 9787578
187743, 9796143
178575, 9795291
183865, 9795745
190513, 9790329
179219, 9791862
189766, 9799222
190024, 9782402
187536, 9783607
185388, 9791643
190214, 9788744
