# Actual number of control cameras to place = 48
183976, 9771823
183976, 9773223
183976, 9774066
183976, 9775088
183976, 9775886
183976, 9776417
183976, 9777660
183976, 9778160
183976, 9779117
183976, 9780138
183976, 9780748
183976, 9782152
187116, 9771823
187116, 9773223
187116, 9774066
187116, 9775088
187116, 9775886
187116, 9776417
187116, 9777660
187116, 9778160
187116, 9779117
187116, 9780138
187116, 9780748
187116, 9782152
188274, 9771823
188274, 9773223
188274, 9774066
188274, 9775088
188274, 9775886
188274, 9776417
188274, 9777660
188274, 9778160
188274, 9779117
188274, 9780138
188274, 9780748
188274, 9782152
190326, 9771823
190326, 9773223
190326, 9774066
190326, 9775088
190326, 9775886
190326, 9776417
190326, 9777660
190326, 9778160
190326, 9779117
190326, 9780138
190326, 9780748
190326, 9782152
