# Number of control cameras to place = 50 (includes 50 opportunistic sightings + 0 placed randomly)
189709, 9779642
189807, 9779829
189178, 9780436
186392, 9781606
186579, 9773290
185332, 9778273
190257, 9772905
185637, 9780793
184234, 9778558
188823, 9771927
189982, 9774791
184687, 9772513
185155, 9776703
189954, 9775617
186967, 9774180
189571, 9780216
190043, 9773324
189244, 9775107
187292, 9772239
185334, 9775098
185347, 9778517
186631, 9773480
189566, 9780893
190369, 9779550
189080, 9774178
188639, 9775343
186384, 9777612
186368, 9772574
187912, 9776030
184971, 9779356
187807, 9776602
185567, 9781646
187220, 9776342
184622, 9780777
185297, 9777329
186941, 9774746
189675, 9773708
188871, 9780028
188032, 9772610
190104, 9782189
184824, 9778178
185480, 9775805
188186, 9780639
188069, 9776972
190176, 9779482
184371, 9773699
189407, 9771911
188041, 9778619
190572, 9780260
184458, 9774063
