# Actual number of control cameras to place = 50
179027, 9782772
179027, 9784236
179027, 9786656
179027, 9788029
179027, 9790112
179027, 9792325
179027, 9793620
179027, 9794389
179027, 9796957
179027, 9798786
181938, 9782772
181938, 9784236
181938, 9786656
181938, 9788029
181938, 9790112
181938, 9792325
181938, 9793620
181938, 9794389
181938, 9796957
181938, 9798786
184847, 9782772
184847, 9784236
184847, 9786656
184847, 9788029
184847, 9790112
184847, 9792325
184847, 9793620
184847, 9794389
184847, 9796957
184847, 9798786
187055, 9782772
187055, 9784236
187055, 9786656
187055, 9788029
187055, 9790112
187055, 9792325
187055, 9793620
187055, 9794389
187055, 9796957
187055, 9798786
188933, 9782772
188933, 9784236
188933, 9786656
188933, 9788029
188933, 9790112
188933, 9792325
188933, 9793620
188933, 9794389
188933, 9796957
188933, 9798786
