# Actual number of control cameras to place = 39
171397, 9776428
171397, 9777484
171397, 9778736
171397, 9780176
171397, 9781912
171397, 9782238
171397, 9783662
171397, 9785701
171397, 9786926
171397, 9788182
171397, 9789813
171397, 9791563
171397, 9792440
175409, 9776428
175409, 9777484
175409, 9778736
175409, 9780176
175409, 9781912
175409, 9782238
175409, 9783662
175409, 9785701
175409, 9786926
175409, 9788182
175409, 9789813
175409, 9791563
175409, 9792440
178626, 9776428
178626, 9777484
178626, 9778736
178626, 9780176
178626, 9781912
178626, 9782238
178626, 9783662
178626, 9785701
178626, 9786926
178626, 9788182
178626, 9789813
178626, 9791563
178626, 9792440
