# Actual number of control cameras to place = 52
173019, 9776254
173019, 9777755
173019, 9778216
173019, 9779524
173019, 9781630
173019, 9782669
173019, 9784735
173019, 9785742
173019, 9787063
173019, 9788881
173019, 9790271
173019, 9790898
173019, 9792818
174421, 9776254
174421, 9777755
174421, 9778216
174421, 9779524
174421, 9781630
174421, 9782669
174421, 9784735
174421, 9785742
174421, 9787063
174421, 9788881
174421, 9790271
174421, 9790898
174421, 9792818
176722, 9776254
176722, 9777755
176722, 9778216
176722, 9779524
176722, 9781630
176722, 9782669
176722, 9784735
176722, 9785742
176722, 9787063
176722, 9788881
176722, 9790271
176722, 9790898
176722, 9792818
179292, 9776254
179292, 9777755
179292, 9778216
179292, 9779524
179292, 9781630
179292, 9782669
179292, 9784735
179292, 9785742
179292, 9787063
179292, 9788881
179292, 9790271
179292, 9790898
179292, 9792818
