# Number of control cameras to place = 54 (includes 54 opportunistic sightings + 0 placed randomly)
176363, 9784310
172751, 9777727
180004, 9775482
172114, 9777517
171671, 9775599
173749, 9776312
176256, 9775790
171852, 9790421
175062, 9777892
174027, 9784124
177468, 9777633
173349, 9780595
174150, 9776117
172197, 9791494
172395, 9788731
175429, 9778337
171493, 9783526
180251, 9783708
173621, 9779380
177268, 9775820
177052, 9787222
179913, 9790480
172759, 9784489
175740, 9787870
173775, 9782710
180143, 9792310
176365, 9792817
173586, 9792241
178021, 9781284
173420, 9783304
179120, 9776946
178278, 9780914
176176, 9789510
178541, 9782194
172756, 9782666
177028, 9782468
178069, 9791811
177768, 9785268
179218, 9790469
177887, 9781092
172304, 9791514
180261, 9779753
177579, 9789988
178092, 9790984
176008, 9783313
180335, 9785537
172699, 9786218
176229, 9791871
172571, 9792212
173128, 9789670
176887, 9788990
179766, 9775350
171948, 9787019
179810, 9791589
