# Number of control cameras to place = 54 (includes 54 opportunistic sightings + 0 placed randomly)
171879, 9776147
178113, 9776361
173110, 9789672
180173, 9776403
176183, 9785883
180159, 9784089
173237, 9782145
178951, 9780782
174443, 9782696
171938, 9786977
173774, 9787431
172468, 9777698
175440, 9778648
174502, 9791182
175921, 9777254
179623, 9784954
172105, 9775986
171644, 9786629
171623, 9783430
180211, 9779077
179116, 9779357
171328, 9789460
172420, 9780159
173495, 9777270
177324, 9782293
177408, 9788970
174094, 9781285
178571, 9789386
171072, 9777363
174310, 9776379
179636, 9781504
175174, 9792765
176997, 9781312
173868, 9780986
172093, 9784505
179869, 9778887
177811, 9789545
179629, 9791299
171454, 9786720
177484, 9789238
179138, 9778293
174602, 9781965
171663, 9778825
172912, 9785374
174940, 9776944
174156, 9783600
178687, 9778083
171757, 9783265
174529, 9777390
177760, 9781220
174710, 9792173
171641, 9776556
180258, 9792836
176091, 9789226
