# Number of control cameras to place = 54 (includes 6 opportunistic sightings + 48 placed randomly)
171227, 9780969
174239, 9783854
171285, 9780203
171172, 9780688
170746, 9776965
171333, 9782242
172400, 9788432
171447, 9782361
170863, 9782338
176483, 9777177
174003, 9778134
171253, 9782376
173528, 9779245
177480, 9777323
172534, 9783889
177006, 9787144
174061, 9779724
172883, 9787096
171677, 9785322
177369, 9784509
173618, 9780813
175113, 9782067
171574, 9781207
176564, 9781601
175347, 9783941
173753, 9780053
175820, 9783291
177520, 9782374
172769, 9783228
171851, 9786094
173374, 9778783
175702, 9783026
171709, 9787937
171720, 9787340
171252, 9783573
171097, 9780569
177456, 9786959
177354, 9781959
172500, 9778462
173247, 9778702
177109, 9781244
173523, 9781875
175262, 9782202
171613, 9787602
174643, 9780551
174087, 9783638
175277, 9776808
175255, 9784722
175818, 9778225
173963, 9783539
173457, 9777678
175136, 9781328
176422, 9785948
174778, 9785417
