# Actual number of control cameras to place = 50
180054, 9782793
180054, 9784242
180054, 9786292
180054, 9788737
180054, 9789739
180054, 9791484
180054, 9792828
180054, 9795442
180054, 9796922
180054, 9798931
180644, 9782793
180644, 9784242
180644, 9786292
180644, 9788737
180644, 9789739
180644, 9791484
180644, 9792828
180644, 9795442
180644, 9796922
180644, 9798931
183975, 9782793
183975, 9784242
183975, 9786292
183975, 9788737
183975, 9789739
183975, 9791484
183975, 9792828
183975, 9795442
183975, 9796922
183975, 9798931
186681, 9782793
186681, 9784242
186681, 9786292
186681, 9788737
186681, 9789739
186681, 9791484
186681, 9792828
186681, 9795442
186681, 9796922
186681, 9798931
190321, 9782793
190321, 9784242
190321, 9786292
190321, 9788737
190321, 9789739
190321, 9791484
190321, 9792828
190321, 9795442
190321, 9796922
190321, 9798931
