# Actual number of control cameras to place = 50
178826, 9782424
178826, 9783956
178826, 9786401
178826, 9787427
178826, 9789587
178826, 9791290
178826, 9793540
178826, 9795420
178826, 9797342
178826, 9798326
182649, 9782424
182649, 9783956
182649, 9786401
182649, 9787427
182649, 9789587
182649, 9791290
182649, 9793540
182649, 9795420
182649, 9797342
182649, 9798326
185060, 9782424
185060, 9783956
185060, 9786401
185060, 9787427
185060, 9789587
185060, 9791290
185060, 9793540
185060, 9795420
185060, 9797342
185060, 9798326
187575, 9782424
187575, 9783956
187575, 9786401
187575, 9787427
187575, 9789587
187575, 9791290
187575, 9793540
187575, 9795420
187575, 9797342
187575, 9798326
189608, 9782424
189608, 9783956
189608, 9786401
189608, 9787427
189608, 9789587
189608, 9791290
189608, 9793540
189608, 9795420
189608, 9797342
189608, 9798326
