# Actual number of control cameras to place = 50
179756, 9782771
179756, 9785216
179756, 9786740
179756, 9787971
179756, 9790237
179756, 9790821
179756, 9793434
179756, 9795166
179756, 9797183
179756, 9798615
180549, 9782771
180549, 9785216
180549, 9786740
180549, 9787971
180549, 9790237
180549, 9790821
180549, 9793434
180549, 9795166
180549, 9797183
180549, 9798615
185345, 9782771
185345, 9785216
185345, 9786740
185345, 9787971
185345, 9790237
185345, 9790821
185345, 9793434
185345, 9795166
185345, 9797183
185345, 9798615
186753, 9782771
186753, 9785216
186753, 9786740
186753, 9787971
186753, 9790237
186753, 9790821
186753, 9793434
186753, 9795166
186753, 9797183
186753, 9798615
190514, 9782771
190514, 9785216
190514, 9786740
190514, 9787971
190514, 9790237
190514, 9790821
190514, 9793434
190514, 9795166
190514, 9797183
190514, 9798615
