# Number of control cameras to place = 54 (includes 54 opportunistic sightings + 0 placed randomly)
174869, 9792913
176704, 9788575
178865, 9783770
174570, 9791167
178373, 9785031
178521, 9781934
177790, 9782616
177042, 9789538
179408, 9789576
176370, 9788931
177811, 9789194
176440, 9782238
174378, 9790765
179745, 9783178
175367, 9788821
175741, 9784754
177847, 9792547
174117, 9785549
178590, 9787513
175696, 9786684
180245, 9787626
176376, 9785043
178632, 9783470
176260, 9790984
174436, 9785757
175150, 9785246
178386, 9789559
175212, 9785722
174332, 9782792
174659, 9783075
175885, 9785793
176446, 9787794
177516, 9787223
178032, 9783224
177154, 9784561
177688, 9790305
176792, 9787370
179634, 9784636
175438, 9788389
177769, 9781802
177001, 9782252
174270, 9787359
180032, 9787157
175449, 9784080
179078, 9782294
178701, 9783378
174274, 9786089
178743, 9785620
176618, 9787340
175552, 9788027
174400, 9781976
176156, 9782949
178588, 9788194
175990, 9790471
