# Number of control cameras to place = 50 (includes 50 opportunistic sightings + 0 placed randomly)
179346, 9790815
174409, 9787526
178517, 9791608
179578, 9789354
178343, 9785650
180406, 9782939
178216, 9790885
177971, 9789113
179125, 9786850
179079, 9786280
177497, 9782859
177385, 9791625
175051, 9791791
174336, 9781673
177064, 9786868
174975, 9788712
177466, 9782130
175020, 9792428
179165, 9792370
175662, 9792888
175703, 9787413
179320, 9783714
180319, 9790853
179397, 9790926
179962, 9790208
179844, 9784995
180413, 9790386
176327, 9792704
175802, 9784569
179225, 9788052
179728, 9790172
175709, 9791675
178485, 9785619
179503, 9791060
179129, 9784908
175488, 9784015
178981, 9782906
176176, 9792043
175727, 9783416
178717, 9785488
177770, 9787033
179463, 9788797
179464, 9789041
175154, 9792029
179804, 9785759
177610, 9788270
176640, 9786965
177726, 9783530
175839, 9786607
175545, 9789089
