# Number of control cameras to place = 50 (includes 50 opportunistic sightings + 0 placed randomly)
177204, 9786281
179322, 9781796
176940, 9787250
179126, 9785318
178452, 9791479
175577, 9783902
176808, 9784005
178043, 9791789
179808, 9781615
180127, 9782178
177267, 9789794
178410, 9791722
174681, 9789223
177557, 9785838
176492, 9792845
174308, 9789474
174608, 9789077
179560, 9790495
178278, 9790126
174891, 9788541
177733, 9791787
174398, 9791825
180120, 9789752
178679, 9789745
178457, 9790656
174963, 9790121
174847, 9791125
176693, 9785826
177037, 9783779
176265, 9784963
178609, 9783285
177768, 9786950
178726, 9782944
179247, 9789013
178779, 9792778
174237, 9786851
176067, 9784892
174701, 9785037
175287, 9787618
176758, 9791455
176622, 9790074
177206, 9782788
179067, 9782087
180259, 9783264
174510, 9788274
175698, 9785815
175224, 9781926
176743, 9788290
177720, 9781924
177772, 9784946
