# Number of control cameras to place = 54 (includes 54 opportunistic sightings + 0 placed randomly)
180198, 9783105
178430, 9782713
179669, 9791604
179656, 9785065
179295, 9786666
177771, 9786047
174123, 9787040
179659, 9788411
178240, 9784751
174513, 9782023
176864, 9784210
178800, 9782309
179844, 9791019
178347, 9790196
179791, 9789192
179081, 9788447
174615, 9785347
177619, 9790059
180357, 9789215
175068, 9788753
176849, 9787225
179103, 9788668
176736, 9791500
177213, 9789808
176060, 9790542
176950, 9791787
175752, 9788326
179511, 9791851
178578, 9792690
175266, 9790343
179526, 9784957
176087, 9786814
179390, 9786894
180208, 9790646
175389, 9792114
176980, 9791411
178266, 9786413
176093, 9785404
176155, 9788518
174944, 9790271
174411, 9782525
175814, 9783472
175410, 9783297
179550, 9781600
174723, 9791326
178957, 9792258
179461, 9786685
178857, 9781992
177363, 9786624
177180, 9782496
179965, 9791393
180023, 9793023
180375, 9784895
177844, 9786327
