# Number of control cameras to place = 50 (includes 50 opportunistic sightings + 0 placed randomly)
185460, 9797670
177913, 9790900
179193, 9794960
182374, 9783420
179925, 9788499
178425, 9783317
183295, 9790208
186271, 9795895
190500, 9790278
177953, 9799016
186016, 9795943
188932, 9789273
180384, 9792674
178441, 9791563
182453, 9793976
183148, 9794605
178523, 9785175
178687, 9795455
186546, 9795942
189320, 9798830
182467, 9790823
179180, 9796031
188288, 9790834
181151, 9789646
178509, 9789206
185075, 9795951
180486, 9789326
180420, 9795183
187143, 9785789
178160, 9793853
180559, 9788762
184446, 9793580
183129, 9784675
178780, 9787860
188350, 9797090
187967, 9788524
190134, 9784171
185138, 9786132
188002, 9794936
187666, 9797331
179168, 9791412
188990, 9796171
183352, 9796968
184446, 9797188
180529, 9793206
185332, 9792275
184150, 9797686
188768, 9797377
184307, 9798131
180414, 9793539
