# Number of control cameras to place = 50 (includes 12 opportunistic sightings + 38 placed randomly)
178129, 9784031
178194, 9784791
178194, 9784791
178842, 9782352
178357, 9783293
179239, 9783187
177662, 9784845
178194, 9784791
178419, 9784615
179181, 9782362
178122, 9783915
178194, 9784791
182876, 9790195
180506, 9782691
180430, 9797955
190240, 9784097
181420, 9788695
183216, 9786728
179933, 9783897
180672, 9782608
183812, 9788305
179078, 9786516
178005, 9796411
185109, 9792108
186531, 9791578
178138, 9787951
183057, 9798635
180265, 9784485
179782, 9785883
182874, 9784297
187213, 9797553
180117, 9788402
178198, 9789810
178223, 9793267
190394, 9792128
185905, 9799274
189862, 9782389
189541, 9785041
187041, 9793457
181045, 9791206
183448, 9784946
190070, 9790297
183748, 9797971
177906, 9793561
187693, 9782444
187721, 9784156
181105, 9784334
188290, 9783813
190178, 9784921
180514, 9786213
