# Number of control cameras to place = 54 (includes 1 opportunistic sightings + 53 placed randomly)
176517, 9784400
179152, 9790142
175718, 9784533
178197, 9789033
178102, 9783963
175026, 9790774
180029, 9789267
174732, 9792933
177323, 9789316
180287, 9784425
176596, 9790086
174397, 9781749
177771, 9790263
177030, 9785212
176910, 9786342
174979, 9792831
179394, 9784783
177409, 9785426
179255, 9789559
174416, 9788341
176368, 9790386
179315, 9792541
176214, 9791623
179090, 9789339
176354, 9781737
174405, 9792697
176041, 9790667
175244, 9782235
180051, 9783503
176443, 9787164
174264, 9788616
175063, 9784176
175682, 9786863
179144, 9790725
174301, 9783912
179695, 9792454
178329, 9790347
177410, 9790486
174690, 9787044
178143, 9791631
175927, 9789722
175918, 9781713
177460, 9792068
174753, 9786173
174888, 9781895
178527, 9788258
178365, 9792448
175889, 9790926
178234, 9790777
177848, 9788744
179159, 9785601
177252, 9781773
177779, 9786756
178649, 9787686
