# Number of control cameras to place = 54 (includes 11 opportunistic sightings + 43 placed randomly)
175020, 9784518
175884, 9787398
175020, 9784518
178030, 9785069
179598, 9786375
175306, 9785075
175020, 9784518
175020, 9784518
179169, 9785564
175020, 9784518
175020, 9784518
174667, 9783803
179171, 9788400
179116, 9789461
179894, 9785134
174912, 9786294
174239, 9784519
177930, 9784875
180049, 9791270
178510, 9783136
177235, 9791233
177689, 9784503
180484, 9788406
180388, 9792083
174321, 9791961
174647, 9789435
176634, 9786973
178480, 9790586
177657, 9787679
174268, 9789490
179353, 9792574
178591, 9787077
178413, 9783657
176183, 9792553
176399, 9784359
174867, 9791198
174321, 9782721
176013, 9791129
179190, 9791860
180422, 9787437
179385, 9788125
179853, 9789855
175187, 9784856
179615, 9790745
180215, 9784103
180131, 9788859
174553, 9781817
176386, 9784597
176681, 9784148
176970, 9789838
176016, 9787578
180245, 9785457
180245, 9782380
180330, 9790069
