# Number of control cameras to place = 50 (includes 13 opportunistic sightings + 37 placed randomly)
180152, 9784989
178492, 9792527
178524, 9792615
180184, 9784790
180304, 9785059
180337, 9785008
180276, 9785030
179996, 9785231
179867, 9784808
179233, 9784434
180178, 9784784
180033, 9786249
180144, 9784977
188218, 9789821
184065, 9791742
186821, 9784206
184616, 9799225
182925, 9788361
177919, 9783492
188496, 9796663
178436, 9791271
184969, 9786401
184637, 9793516
181109, 9783370
184264, 9789365
181313, 9789231
189895, 9786446
190418, 9796085
187430, 9786591
187310, 9793372
180353, 9783594
186630, 9783279
187318, 9783343
188058, 9797663
189511, 9798832
188507, 9783935
187795, 9784690
182124, 9782948
188067, 9788656
180573, 9796163
188994, 9787819
186341, 9791812
183272, 9785779
186756, 9795594
190456, 9784456
188996, 9792958
178151, 9790349
183158, 9793491
181897, 9785435
183219, 9782904
