# Number of control cameras to place = 54 (includes 1 opportunistic sightings + 53 placed randomly)
178951, 9782835
175622, 9783609
177930, 9787471
175821, 9784825
174672, 9787062
179325, 9787960
175394, 9792965
175065, 9792693
177814, 9782306
174413, 9787083
179964, 9785510
175445, 9789325
179304, 9786140
175894, 9781625
176801, 9785657
177396, 9792409
177810, 9784207
178620, 9785549
176787, 9783601
176794, 9783281
177413, 9792097
180356, 9790219
180095, 9792016
175817, 9790626
179882, 9785376
174616, 9786375
179416, 9787096
176126, 9789143
177344, 9782319
175927, 9787721
177669, 9789140
178220, 9782695
177984, 9790925
180357, 9781859
175503, 9784481
176123, 9792579
177289, 9788124
180208, 9782831
178780, 9792788
174518, 9781773
175068, 9791731
179326, 9787230
178398, 9784682
176386, 9781953
178168, 9784617
176356, 9787734
177408, 9782573
175349, 9791632
179290, 9785464
176600, 9785088
179764, 9788800
175934, 9792353
178588, 9782420
180032, 9788372
