# Number of control cameras to place = 50 (includes 6 opportunistic sightings + 44 placed randomly)
178382, 9789696
175737, 9784510
177995, 9786704
178265, 9789349
177557, 9785670
175465, 9784655
180048, 9786008
175129, 9787389
179651, 9792413
175885, 9792896
179417, 9789400
177147, 9789316
175919, 9783169
177933, 9787023
175320, 9788493
179954, 9787741
177570, 9785926
175310, 9784730
178791, 9782219
175293, 9788740
177374, 9782311
176545, 9784714
180153, 9789993
176971, 9784477
177362, 9786946
180250, 9791067
176773, 9785026
176010, 9792705
175297, 9783715
176377, 9786105
175442, 9788462
179421, 9787660
174508, 9782656
177540, 9789127
174404, 9791868
176064, 9785744
176635, 9783125
177479, 9783386
180031, 9783008
179035, 9792467
175403, 9782187
178127, 9790359
176978, 9791032
178859, 9791299
177238, 9784182
178886, 9783154
179987, 9792910
174747, 9785211
179809, 9789952
179570, 9789684
