# Actual number of control cameras to place = 50
180150, 9783452
180150, 9784099
180150, 9785699
180150, 9788121
180150, 9789099
180150, 9792226
180150, 9793607
180150, 9795495
180150, 9796031
180150, 9798203
181245, 9783452
181245, 9784099
181245, 9785699
181245, 9788121
181245, 9789099
181245, 9792226
181245, 9793607
181245, 9795495
181245, 9796031
181245, 9798203
183502, 9783452
183502, 9784099
183502, 9785699
183502, 9788121
183502, 9789099
183502, 9792226
183502, 9793607
183502, 9795495
183502, 9796031
183502, 9798203
185735, 9783452
185735, 9784099
185735, 9785699
185735, 9788121
185735, 9789099
185735, 9792226
185735, 9793607
185735, 9795495
185735, 9796031
185735, 9798203
188746, 9783452
188746, 9784099
188746, 9785699
188746, 9788121
188746, 9789099
188746, 9792226
188746, 9793607
188746, 9795495
188746, 9796031
188746, 9798203
