# Actual number of control cameras to place = 39
171487, 9775795
171487, 9777829
171487, 9779183
171487, 9780471
171487, 9781143
171487, 9783081
171487, 9784613
171487, 9785549
171487, 9786822
171487, 9788242
171487, 9789177
171487, 9791125
171487, 9793024
174216, 9775795
174216, 9777829
174216, 9779183
174216, 9780471
174216, 9781143
174216, 9783081
174216, 9784613
174216, 9785549
174216, 9786822
174216, 9788242
174216, 9789177
174216, 9791125
174216, 9793024
178929, 9775795
178929, 9777829
178929, 9779183
178929, 9780471
178929, 9781143
178929, 9783081
178929, 9784613
178929, 9785549
178929, 9786822
178929, 9788242
178929, 9789177
178929, 9791125
178929, 9793024
