# Number of control cameras to place = 54 (includes 54 opportunistic sightings + 0 placed randomly)
173184, 9792269
177350, 9787574
177470, 9789912
179707, 9785671
174667, 9782112
175999, 9791659
176258, 9781378
174693, 9783242
179867, 9781926
172234, 9782729
172782, 9790933
174441, 9776370
177562, 9788244
179619, 9785024
173034, 9783874
177771, 9787936
174653, 9791870
173926, 9775422
174508, 9784309
171482, 9782836
173616, 9790233
173252, 9778508
177649, 9792977
173627, 9778521
177091, 9780320
177043, 9781857
175448, 9778996
172260, 9780575
176168, 9786325
180443, 9782249
178216, 9785107
179171, 9777796
174827, 9777898
172545, 9784118
177735, 9777868
178243, 9785855
170883, 9785272
179838, 9777127
171630, 9787912
174827, 9778264
173570, 9784513
172025, 9786587
173289, 9776605
179629, 9792891
180355, 9781732
178797, 9776166
177519, 9787627
175279, 9784215
176530, 9776735
179671, 9791004
177789, 9788041
178496, 9786203
170892, 9791947
171409, 9779633
