# Number of control cameras to place = 50 (includes 10 opportunistic sightings + 40 placed randomly)
177811, 9785074
179049, 9784479
178121, 9786275
178167, 9785220
178579, 9783191
179076, 9786108
179477, 9785587
179426, 9785058
177811, 9785074
178329, 9785681
190394, 9784933
187489, 9786493
188611, 9791482
184987, 9785458
185179, 9787164
188239, 9790724
182684, 9795254
181968, 9789214
177996, 9788703
179399, 9790870
189989, 9789476
188231, 9792847
189705, 9797793
183473, 9799283
188751, 9785791
181829, 9795506
183237, 9788725
182626, 9796917
179605, 9789921
187849, 9796714
189266, 9798497
183277, 9794748
188679, 9790890
181298, 9793935
178821, 9795372
178148, 9784135
179441, 9787992
190008, 9787315
182960, 9789422
187064, 9793753
181016, 9791830
186882, 9786589
179036, 9788708
178800, 9783150
189585, 9784864
178107, 9798838
184821, 9784113
183778, 9787873
181401, 9783257
183045, 9784156
