# Number of control cameras to place = 50 (includes 5 opportunistic sightings + 45 placed randomly)
174119, 9782109
174346, 9781872
176587, 9785180
173705, 9782250
174305, 9781925
171233, 9778342
176276, 9780784
178641, 9789255
178169, 9779321
172152, 9788597
176751, 9792708
178619, 9791402
180064, 9781101
177982, 9781172
180168, 9777176
179395, 9786944
176534, 9784876
178227, 9786447
177614, 9783854
177884, 9779262
175347, 9792036
174755, 9792283
171846, 9776497
176548, 9779404
177402, 9790685
172650, 9787305
175849, 9778342
174110, 9788823
179733, 9788909
171121, 9780555
179640, 9791202
173244, 9788269
171920, 9792239
179836, 9781236
176219, 9788346
176360, 9790675
175638, 9783564
179540, 9779474
177203, 9784841
174188, 9790720
172538, 9783312
180360, 9785253
177885, 9781705
180262, 9791859
173494, 9777023
175122, 9780981
171958, 9775457
177111, 9790746
173308, 9790029
175775, 9786117
