# Number of control cameras to place = 50 (includes 5 opportunistic sightings + 45 placed randomly)
175855, 9776530
174916, 9787554
174916, 9787554
171626, 9782814
171392, 9782165
175636, 9778902
172209, 9784620
176234, 9790779
177335, 9783408
178698, 9791248
172547, 9782947
178117, 9775398
171202, 9782777
173628, 9778680
180172, 9792369
171834, 9777249
176140, 9790123
176283, 9786170
171895, 9783677
180120, 9782540
174867, 9784737
173626, 9784530
171158, 9781185
178390, 9776611
176579, 9791382
171787, 9777856
178314, 9784196
175504, 9775893
171929, 9776050
178410, 9781275
176842, 9792304
173173, 9784651
173219, 9789470
180436, 9788447
177967, 9781045
177924, 9786274
179956, 9776018
172891, 9782445
171322, 9784825
172752, 9780202
176869, 9787812
174138, 9781355
180315, 9777674
171797, 9790015
174396, 9792912
172388, 9782490
178727, 9785657
180419, 9781211
172413, 9791111
171271, 9775564
