# Actual number of control cameras to place = 45
178241, 9782873
178241, 9785447
178241, 9786558
178241, 9789214
178241, 9791536
178241, 9792343
178241, 9793837
178241, 9796537
178241, 9797889
180391, 9782873
180391, 9785447
180391, 9786558
180391, 9789214
180391, 9791536
180391, 9792343
180391, 9793837
180391, 9796537
180391, 9797889
184262, 9782873
184262, 9785447
184262, 9786558
184262, 9789214
184262, 9791536
184262, 9792343
184262, 9793837
184262, 9796537
184262, 9797889
186176, 9782873
186176, 9785447
186176, 9786558
186176, 9789214
186176, 9791536
186176, 9792343
186176, 9793837
186176, 9796537
186176, 9797889
188817, 9782873
188817, 9785447
188817, 9786558
188817, 9789214
188817, 9791536
188817, 9792343
188817, 9793837
188817, 9796537
188817, 9797889
