# Number of control cameras to place = 50 (includes 50 opportunistic sightings + 0 placed randomly)
186055, 9788122
182669, 9783522
188299, 9783118
185489, 9794255
186023, 9795276
180735, 9783767
189642, 9790494
185680, 9797839
187540, 9782783
189579, 9796181
179722, 9787218
178695, 9789756
185016, 9782508
186742, 9790369
179287, 9792738
179371, 9792539
185974, 9788887
178305, 9795154
181529, 9783993
179117, 9792765
181072, 9797553
190590, 9790417
181386, 9784404
185912, 9782591
190201, 9782845
178134, 9798295
183834, 9792503
190507, 9791793
185109, 9790227
178153, 9796312
180629, 9788405
188831, 9791081
183273, 9796049
181056, 9786100
183455, 9789849
185550, 9797705
186338, 9787783
183331, 9789013
183826, 9782593
183516, 9786434
178133, 9798665
188733, 9784952
180808, 9792944
180302, 9790527
187864, 9783550
186934, 9790921
188394, 9788583
180700, 9786117
186610, 9786249
190189, 9796757
