# Number of control cameras to place = 50 (includes 50 opportunistic sightings + 0 placed randomly)
190237, 9792097
187659, 9796010
184120, 9783645
189446, 9796189
188652, 9789048
184730, 9785241
190068, 9785411
181566, 9795139
178158, 9788655
187591, 9789969
178999, 9786985
186249, 9793691
187602, 9791549
190719, 9788160
179000, 9787367
182722, 9785752
182266, 9783807
180232, 9796628
178399, 9787233
190226, 9794075
188331, 9783760
189714, 9785202
186307, 9783391
177735, 9783574
184559, 9787914
187464, 9796202
190411, 9795057
179266, 9792602
179539, 9794898
185666, 9785796
178378, 9793221
186692, 9790147
185575, 9784930
180619, 9787381
179509, 9782810
186887, 9792750
185791, 9782391
177861, 9789727
178060, 9785530
179982, 9786721
189880, 9789648
183591, 9791072
189142, 9785918
186217, 9793073
186469, 9784998
190317, 9788221
179879, 9784963
179293, 9786708
179089, 9791491
187116, 9797835
