# Number of control cameras to place = 54 (includes 11 opportunistic sightings + 43 placed randomly)
183482, 9785655
180853, 9792868
182816, 9789138
185755, 9788378
182442, 9789576
181842, 9786951
183056, 9791848
183203, 9789345
182799, 9789158
185382, 9791627
184900, 9789846
187520, 9793225
181744, 9783186
190329, 9785733
190409, 9793785
190120, 9794748
180065, 9798852
178100, 9799267
184417, 9798407
179996, 9787511
190074, 9783353
183402, 9797199
189940, 9797668
177877, 9787588
189027, 9797465
184445, 9788790
187559, 9786839
180935, 9796727
183769, 9796191
186956, 9796715
178347, 9784796
188528, 9793547
178056, 9788885
180889, 9793244
184344, 9792317
183380, 9787673
178560, 9788475
178553, 9798067
183319, 9798407
180476, 9782836
185466, 9785659
181405, 9796703
177763, 9784220
182542, 9786637
180664, 9787112
186773, 9794162
190146, 9789878
178286, 9790244
183991, 9796796
181459, 9785479
185199, 9792461
178244, 9782251
188864, 9789638
186191, 9782425
