# Number of control cameras to place = 50 (includes 17 opportunistic sightings + 33 placed randomly)
185338, 9791000
185312, 9791002
185364, 9790477
180259, 9793478
182949, 9790413
185373, 9791623
185332, 9790991
185332, 9791008
185340, 9791012
185700, 9793115
181285, 9790436
185705, 9793115
185342, 9791004
180545, 9786338
185309, 9790988
181703, 9786524
184981, 9790975
187986, 9784860
178395, 9797710
178269, 9791041
189196, 9789487
184196, 9789390
177744, 9788705
184746, 9788842
190064, 9790516
187703, 9798578
182089, 9791847
185813, 9786715
187328, 9795595
178403, 9782736
181200, 9783304
182607, 9792531
181989, 9794675
180821, 9786061
181529, 9790520
182387, 9798661
181647, 9796264
180137, 9787767
182902, 9788169
189747, 9789623
180610, 9782761
180435, 9793470
188263, 9796196
179914, 9796490
177878, 9793685
188528, 9783140
185987, 9792277
184915, 9788305
189753, 9793117
188032, 9794892
