# Number of control cameras to place = 50 (includes 50 opportunistic sightings + 0 placed randomly)
174544, 9786135
174308, 9786272
175922, 9781186
176176, 9780045
178259, 9781036
174338, 9776868
177509, 9778218
178990, 9789931
178516, 9789370
175174, 9775128
178277, 9790632
178767, 9781171
175243, 9784134
178992, 9774953
175380, 9783931
175577, 9787206
177841, 9789155
176208, 9790524
178994, 9790517
178699, 9784344
178793, 9782830
179766, 9784520
178085, 9782108
175983, 9787421
174292, 9783752
178732, 9785775
176423, 9774580
178892, 9786032
176083, 9785879
179040, 9780718
180231, 9782689
174792, 9779867
174172, 9782899
177983, 9786667
175832, 9782293
178098, 9779141
177062, 9775720
174390, 9790198
174831, 9789272
176436, 9783986
180224, 9786290
173886, 9783508
176766, 9788034
174788, 9776715
178235, 9787159
175776, 9774887
176781, 9781881
175338, 9778020
176397, 9774377
176572, 9775612
