# Number of control cameras to place = 54 (includes 54 opportunistic sightings + 0 placed randomly)
177465, 9790036
178795, 9774735
173918, 9778204
176358, 9774265
177184, 9789291
177896, 9787736
173973, 9780847
177317, 9776663
178000, 9778193
179044, 9789391
178133, 9777036
177779, 9778139
176580, 9788483
179061, 9786542
174827, 9782014
177205, 9787464
175233, 9789422
178292, 9775369
173950, 9790192
174051, 9774763
173973, 9785298
176659, 9778330
177918, 9783267
174134, 9778324
176621, 9790198
176993, 9786551
180031, 9781706
174603, 9785195
175262, 9779425
176079, 9775114
179960, 9785009
174782, 9782440
179973, 9775969
179190, 9787056
180117, 9783781
175183, 9777272
179958, 9781011
179403, 9780846
174228, 9789794
174708, 9777494
175247, 9785584
177336, 9775480
179222, 9790241
174122, 9776271
177020, 9788938
179457, 9780970
174447, 9788085
179178, 9788752
177722, 9778908
175680, 9775931
174386, 9778616
176939, 9779965
178938, 9775063
174036, 9779096
