# Number of control cameras to place = 50 (includes 3 opportunistic sightings + 47 placed randomly)
174613, 9783015
178874, 9781125
178865, 9781131
179080, 9775782
177602, 9789573
179302, 9779994
177287, 9775963
176117, 9776011
178933, 9782419
177230, 9776421
175895, 9777925
177511, 9776991
180034, 9790077
175578, 9780108
178638, 9784160
177128, 9776526
178937, 9775022
174235, 9785604
175968, 9777091
178747, 9787026
177251, 9774172
176503, 9774712
174787, 9775829
173970, 9779799
173921, 9779991
174811, 9775067
176601, 9775936
180280, 9787607
177500, 9780053
180106, 9778013
177722, 9786558
175308, 9775863
174629, 9789973
176194, 9788738
175315, 9789193
175198, 9779666
174628, 9781422
179274, 9781300
174409, 9779080
177693, 9789760
176999, 9775823
177043, 9779207
180068, 9789972
177519, 9789689
173798, 9788165
178657, 9785231
179452, 9785594
178985, 9784533
179472, 9784905
179054, 9777701
