# Actual number of control cameras to place = 50
179813, 9782795
179813, 9784705
179813, 9786085
179813, 9788765
179813, 9789065
179813, 9791806
179813, 9793174
179813, 9794426
179813, 9797181
179813, 9798342
180821, 9782795
180821, 9784705
180821, 9786085
180821, 9788765
180821, 9789065
180821, 9791806
180821, 9793174
180821, 9794426
180821, 9797181
180821, 9798342
185056, 9782795
185056, 9784705
185056, 9786085
185056, 9788765
185056, 9789065
185056, 9791806
185056, 9793174
185056, 9794426
185056, 9797181
185056, 9798342
188031, 9782795
188031, 9784705
188031, 9786085
188031, 9788765
188031, 9789065
188031, 9791806
188031, 9793174
188031, 9794426
188031, 9797181
188031, 9798342
190441, 9782795
190441, 9784705
190441, 9786085
190441, 9788765
190441, 9789065
190441, 9791806
190441, 9793174
190441, 9794426
190441, 9797181
190441, 9798342
