# Number of control cameras to place = 50 (includes 1 opportunistic sightings + 49 placed randomly)
177811, 9785074
187859, 9796248
182651, 9795631
190479, 9788890
184299, 9787628
179765, 9784833
180071, 9784870
181161, 9795251
187627, 9785624
184354, 9784404
180799, 9796467
187867, 9789026
187173, 9784295
186863, 9794143
185149, 9794974
181654, 9798159
185154, 9785698
188204, 9789424
185613, 9788667
184221, 9784950
183746, 9798175
189803, 9795625
179690, 9798192
188214, 9795291
188930, 9797765
189081, 9788761
182647, 9789877
186723, 9788917
180594, 9783294
184612, 9782701
184599, 9784167
190548, 9786888
178568, 9785718
180751, 9792084
182804, 9787496
179616, 9791331
187524, 9784692
178103, 9798545
182905, 9788506
186681, 9799222
177934, 9792130
185675, 9786268
188765, 9791808
182763, 9794238
182051, 9792217
178397, 9798063
189656, 9790426
186438, 9798546
179441, 9789468
190012, 9791794
