# Actual number of control cameras to place = 50
178912, 9782976
178912, 9784913
178912, 9786603
178912, 9787407
178912, 9789491
178912, 9791831
178912, 9792790
178912, 9794533
178912, 9796399
178912, 9798891
180655, 9782976
180655, 9784913
180655, 9786603
180655, 9787407
180655, 9789491
180655, 9791831
180655, 9792790
180655, 9794533
180655, 9796399
180655, 9798891
184614, 9782976
184614, 9784913
184614, 9786603
184614, 9787407
184614, 9789491
184614, 9791831
184614, 9792790
184614, 9794533
184614, 9796399
184614, 9798891
185774, 9782976
185774, 9784913
185774, 9786603
185774, 9787407
185774, 9789491
185774, 9791831
185774, 9792790
185774, 9794533
185774, 9796399
185774, 9798891
190352, 9782976
190352, 9784913
190352, 9786603
190352, 9787407
190352, 9789491
190352, 9791831
190352, 9792790
190352, 9794533
190352, 9796399
190352, 9798891
