# Number of control cameras to place = 50 (includes 50 opportunistic sightings + 0 placed randomly)
180478, 9791675
186140, 9792966
190019, 9789115
189928, 9795706
179219, 9795838
190478, 9799255
190701, 9794814
179094, 9784847
186847, 9798231
187008, 9784649
182562, 9795796
181021, 9790355
181705, 9793451
178861, 9785884
190211, 9784663
189660, 9797168
179419, 9790688
187284, 9789963
183622, 9789124
185708, 9784684
184857, 9786242
184935, 9782990
181037, 9792230
179008, 9798180
182457, 9793310
181892, 9795834
190388, 9791905
181221, 9792341
185016, 9794785
180234, 9784958
190338, 9796189
185984, 9791628
179736, 9796547
183822, 9788507
183774, 9789712
183059, 9798830
182098, 9789020
187463, 9788582
186523, 9790066
190669, 9787309
188924, 9792171
181672, 9785348
179319, 9798353
185022, 9783829
182766, 9783070
186026, 9787557
181982, 9784195
188840, 9787019
186825, 9795190
181361, 9790717
