# Number of control cameras to place = 50 (includes 0 opportunistic sightings + 50 placed randomly)
181651, 9782163
178205, 9795856
185274, 9791718
187326, 9782912
182452, 9786351
184915, 9792736
180687, 9795964
182489, 9790626
184940, 9795262
188589, 9782136
178210, 9786201
185703, 9785526
183207, 9792332
186026, 9791595
179779, 9782395
178184, 9796184
188026, 9786874
179786, 9795133
183632, 9783970
179080, 9791160
182484, 9797666
183869, 9789624
188965, 9789845
178600, 9787451
179579, 9795448
178017, 9793606
180434, 9792551
188956, 9785548
188106, 9796882
183962, 9792504
186045, 9789005
185748, 9792959
190625, 9788885
180636, 9797785
189580, 9791696
184157, 9795024
189752, 9798506
181615, 9784654
185088, 9791856
180633, 9793476
188654, 9792883
181651, 9784361
179322, 9795089
190318, 9789889
181884, 9788181
185508, 9796327
183025, 9783600
180491, 9786181
181452, 9798323
190578, 9793427
