# Number of control cameras to place = 50 (includes 0 opportunistic sightings + 50 placed randomly)
186351, 9787857
190514, 9786228
189419, 9798727
184394, 9785446
189238, 9792123
186243, 9791841
179958, 9787598
188065, 9787387
182635, 9791235
190634, 9786060
181606, 9791301
188824, 9785346
186450, 9794535
190558, 9793802
179934, 9795676
181781, 9794619
186165, 9796692
185465, 9790618
178787, 9782933
181350, 9798621
181553, 9790088
179567, 9796499
185875, 9788458
178660, 9798694
183100, 9791396
182539, 9789039
180908, 9793028
187718, 9783968
180100, 9792176
181396, 9796500
182179, 9790556
189519, 9787856
186824, 9785168
188073, 9797956
181089, 9782149
181672, 9796245
182288, 9791491
183026, 9793699
182670, 9792433
188081, 9790501
189233, 9791267
181729, 9787037
179045, 9786024
181350, 9796800
177911, 9799164
185560, 9789890
180742, 9789751
183404, 9782509
177786, 9783073
188617, 9783286
