# Number of control cameras to place = 50 (includes 1 opportunistic sightings + 49 placed randomly)
173510, 9784472
173595, 9777773
173236, 9781476
176976, 9778175
171220, 9779205
176681, 9787086
173771, 9779425
175186, 9779127
176295, 9785879
174523, 9785579
172989, 9784479
171964, 9781113
176553, 9787391
171951, 9785536
171059, 9784689
175463, 9782069
176315, 9777045
175042, 9788658
177450, 9778116
173105, 9785263
172848, 9781259
173158, 9780540
171404, 9780175
175085, 9778720
172112, 9777670
172832, 9781111
173914, 9782768
177468, 9777900
174388, 9781082
176529, 9779873
173202, 9780770
175755, 9783394
173597, 9781000
173193, 9784108
172261, 9779819
174415, 9780815
175143, 9788326
175099, 9782938
170919, 9787830
171547, 9783102
176445, 9776959
174335, 9777493
175058, 9783238
170917, 9786931
176249, 9779825
175743, 9777293
172748, 9782269
176190, 9788393
177665, 9778379
174299, 9781991
