# Actual number of control cameras to place = 48
174683, 9782313
174683, 9782821
174683, 9783996
174683, 9785205
174683, 9785809
174683, 9787148
174683, 9787711
174683, 9788764
174683, 9790041
174683, 9790791
174683, 9791571
174683, 9792523
176367, 9782313
176367, 9782821
176367, 9783996
176367, 9785205
176367, 9785809
176367, 9787148
176367, 9787711
176367, 9788764
176367, 9790041
176367, 9790791
176367, 9791571
176367, 9792523
177550, 9782313
177550, 9782821
177550, 9783996
177550, 9785205
177550, 9785809
177550, 9787148
177550, 9787711
177550, 9788764
177550, 9790041
177550, 9790791
177550, 9791571
177550, 9792523
179117, 9782313
179117, 9782821
179117, 9783996
179117, 9785205
179117, 9785809
179117, 9787148
179117, 9787711
179117, 9788764
179117, 9790041
179117, 9790791
179117, 9791571
179117, 9792523
