# Actual number of control cameras to place = 60
174209, 9782031
174209, 9782569
174209, 9783600
174209, 9785251
174209, 9785749
174209, 9787209
174209, 9787469
174209, 9788713
174209, 9789619
174209, 9790948
174209, 9791615
174209, 9792861
176310, 9782031
176310, 9782569
176310, 9783600
176310, 9785251
176310, 9785749
176310, 9787209
176310, 9787469
176310, 9788713
176310, 9789619
176310, 9790948
176310, 9791615
176310, 9792861
177085, 9782031
177085, 9782569
177085, 9783600
177085, 9785251
177085, 9785749
177085, 9787209
177085, 9787469
177085, 9788713
177085, 9789619
177085, 9790948
177085, 9791615
177085, 9792861
178586, 9782031
178586, 9782569
178586, 9783600
178586, 9785251
178586, 9785749
178586, 9787209
178586, 9787469
178586, 9788713
178586, 9789619
178586, 9790948
178586, 9791615
178586, 9792861
180370, 9782031
180370, 9782569
180370, 9783600
180370, 9785251
180370, 9785749
180370, 9787209
180370, 9787469
180370, 9788713
180370, 9789619
180370, 9790948
180370, 9791615
180370, 9792861
