# Actual number of control cameras to place = 50
179164, 9782964
179164, 9784853
179164, 9786888
179164, 9788495
179164, 9789585
179164, 9791654
179164, 9792930
179164, 9794378
179164, 9796704
179164, 9798646
180485, 9782964
180485, 9784853
180485, 9786888
180485, 9788495
180485, 9789585
180485, 9791654
180485, 9792930
180485, 9794378
180485, 9796704
180485, 9798646
183712, 9782964
183712, 9784853
183712, 9786888
183712, 9788495
183712, 9789585
183712, 9791654
183712, 9792930
183712, 9794378
183712, 9796704
183712, 9798646
185994, 9782964
185994, 9784853
185994, 9786888
185994, 9788495
185994, 9789585
185994, 9791654
185994, 9792930
185994, 9794378
185994, 9796704
185994, 9798646
190327, 9782964
190327, 9784853
190327, 9786888
190327, 9788495
190327, 9789585
190327, 9791654
190327, 9792930
190327, 9794378
190327, 9796704
190327, 9798646
