# Actual number of control cameras to place = 48
175319, 9781945
175319, 9782591
175319, 9783769
175319, 9784745
175319, 9785905
175319, 9787024
175319, 9788106
175319, 9788993
175319, 9789760
175319, 9790368
175319, 9791431
175319, 9792854
176295, 9781945
176295, 9782591
176295, 9783769
176295, 9784745
176295, 9785905
176295, 9787024
176295, 9788106
176295, 9788993
176295, 9789760
176295, 9790368
176295, 9791431
176295, 9792854
177470, 9781945
177470, 9782591
177470, 9783769
177470, 9784745
177470, 9785905
177470, 9787024
177470, 9788106
177470, 9788993
177470, 9789760
177470, 9790368
177470, 9791431
177470, 9792854
179761, 9781945
179761, 9782591
179761, 9783769
179761, 9784745
179761, 9785905
179761, 9787024
179761, 9788106
179761, 9788993
179761, 9789760
179761, 9790368
179761, 9791431
179761, 9792854
