# Actual number of control cameras to place = 60
175141, 9781821
175141, 9782896
175141, 9783581
175141, 9784602
175141, 9786168
175141, 9786513
175141, 9788127
175141, 9789148
175141, 9789420
175141, 9790790
175141, 9791945
175141, 9792654
175579, 9781821
175579, 9782896
175579, 9783581
175579, 9784602
175579, 9786168
175579, 9786513
175579, 9788127
175579, 9789148
175579, 9789420
175579, 9790790
175579, 9791945
175579, 9792654
177758, 9781821
177758, 9782896
177758, 9783581
177758, 9784602
177758, 9786168
177758, 9786513
177758, 9788127
177758, 9789148
177758, 9789420
177758, 9790790
177758, 9791945
177758, 9792654
178470, 9781821
178470, 9782896
178470, 9783581
178470, 9784602
178470, 9786168
178470, 9786513
178470, 9788127
178470, 9789148
178470, 9789420
178470, 9790790
178470, 9791945
178470, 9792654
179724, 9781821
179724, 9782896
179724, 9783581
179724, 9784602
179724, 9786168
179724, 9786513
179724, 9788127
179724, 9789148
179724, 9789420
179724, 9790790
179724, 9791945
179724, 9792654
