# Actual number of control cameras to place = 50
177742, 9783623
177742, 9784375
177742, 9786581
177742, 9788463
177742, 9790486
177742, 9791307
177742, 9792621
177742, 9794838
177742, 9796462
177742, 9798489
182089, 9783623
182089, 9784375
182089, 9786581
182089, 9788463
182089, 9790486
182089, 9791307
182089, 9792621
182089, 9794838
182089, 9796462
182089, 9798489
183765, 9783623
183765, 9784375
183765, 9786581
183765, 9788463
183765, 9790486
183765, 9791307
183765, 9792621
183765, 9794838
183765, 9796462
183765, 9798489
185959, 9783623
185959, 9784375
185959, 9786581
185959, 9788463
185959, 9790486
185959, 9791307
185959, 9792621
185959, 9794838
185959, 9796462
185959, 9798489
190378, 9783623
190378, 9784375
190378, 9786581
190378, 9788463
190378, 9790486
190378, 9791307
190378, 9792621
190378, 9794838
190378, 9796462
190378, 9798489
