# Number of control cameras to place = 54 (includes 54 opportunistic sightings + 0 placed randomly)
178390, 9790920
178035, 9783526
177314, 9791957
177298, 9783665
175144, 9792524
175334, 9791898
177952, 9784399
179519, 9790092
175398, 9785386
180295, 9789932
175881, 9785181
176068, 9790295
178938, 9791213
180374, 9783323
177715, 9789940
177601, 9783101
176441, 9782740
178553, 9788639
179643, 9785777
174866, 9789467
180004, 9782444
177377, 9787858
176637, 9792156
177982, 9791542
179332, 9788051
176844, 9782803
178778, 9789457
176457, 9786107
174583, 9787904
177665, 9792034
174208, 9792219
177237, 9785334
180385, 9789188
180072, 9789774
175544, 9785711
175568, 9789169
174895, 9782805
180433, 9792169
178064, 9787961
179789, 9792621
174475, 9791967
176600, 9786678
175791, 9785818
177609, 9791866
179347, 9786621
178907, 9792255
178862, 9790164
176568, 9785513
175934, 9782651
177308, 9783996
175094, 9788092
179792, 9791707
176307, 9784803
174134, 9788391
