# Number of control cameras to place = 50 (includes 50 opportunistic sightings + 0 placed randomly)
176288, 9785108
176310, 9785462
176353, 9789610
174905, 9790044
178410, 9783223
180034, 9792838
174432, 9784691
174087, 9789187
179746, 9790566
174987, 9790135
176012, 9783841
178227, 9782551
179414, 9781854
175458, 9782514
175237, 9783658
178753, 9783761
177912, 9787395
175024, 9786069
178671, 9784834
179723, 9783334
179468, 9790816
179289, 9785020
176697, 9788167
175055, 9781950
178605, 9787831
176500, 9786299
178528, 9782111
177354, 9786711
179843, 9789110
176513, 9784065
176558, 9788781
175634, 9782435
174721, 9793012
178139, 9782451
174836, 9790637
178671, 9783222
179032, 9788035
177891, 9790451
180107, 9785392
174145, 9782375
175430, 9790267
179795, 9785053
178711, 9792818
176383, 9782861
174257, 9785999
179728, 9788320
177421, 9790853
178315, 9782607
179864, 9788854
174361, 9783372
