# Number of control cameras to place = 50 (includes 50 opportunistic sightings + 0 placed randomly)
189479, 9784129
180733, 9790700
185050, 9790118
182219, 9786891
179966, 9789513
183848, 9793832
184008, 9796877
182221, 9790339
186619, 9788695
182485, 9786206
185415, 9788742
188216, 9789591
177732, 9793200
178144, 9783934
179256, 9784203
180193, 9785823
185152, 9789048
180773, 9789914
182927, 9786559
187018, 9785521
178715, 9796527
188086, 9796740
188761, 9796589
180810, 9795601
181147, 9795719
186789, 9785806
182807, 9793275
190445, 9799156
184336, 9783228
182905, 9794416
182673, 9798497
186033, 9786792
183974, 9796443
181533, 9786776
187198, 9795666
180988, 9792636
187082, 9798871
190559, 9794932
186941, 9786580
178921, 9789310
190212, 9794816
183926, 9784771
180229, 9782292
181030, 9793522
180763, 9787617
187756, 9792371
177748, 9797382
179630, 9784110
187190, 9791972
180143, 9793458
