# Number of control cameras to place = 54 (includes 54 opportunistic sightings + 0 placed randomly)
180434, 9782482
174699, 9781828
174915, 9781998
180139, 9785126
176308, 9784382
177586, 9787451
178325, 9782950
174350, 9789780
175757, 9792183
177153, 9788388
179469, 9787944
174247, 9784732
174375, 9785286
174849, 9787757
179103, 9781679
175338, 9783447
175115, 9785418
179573, 9788649
175162, 9791578
174145, 9789728
179377, 9787563
179833, 9788316
174716, 9783886
179817, 9782675
176874, 9785101
180350, 9788624
174429, 9791880
178339, 9792025
178254, 9782629
175064, 9784345
177006, 9782203
174486, 9781996
175751, 9783058
175838, 9786623
175975, 9786698
174897, 9782916
175287, 9787843
175709, 9787261
179534, 9786577
178835, 9790079
180247, 9788493
179585, 9785302
177910, 9787548
174517, 9792202
180346, 9791728
179550, 9782047
179096, 9783464
176389, 9788706
177992, 9792705
178313, 9792500
177402, 9788512
174718, 9792714
174452, 9788024
178547, 9785827
