# Number of control cameras to place = 50 (includes 50 opportunistic sightings + 0 placed randomly)
182049, 9789015
184439, 9795400
178175, 9785818
181565, 9797730
189232, 9784132
178617, 9791723
185636, 9792575
180968, 9796262
185131, 9792215
180780, 9784904
183510, 9793040
185273, 9796242
184438, 9791643
181726, 9788754
183222, 9787261
180528, 9794388
180577, 9793562
190012, 9790216
180750, 9793541
181035, 9782719
184344, 9794616
181065, 9790863
186527, 9793148
187922, 9786153
185699, 9787374
179083, 9793845
189002, 9793823
182723, 9790202
180133, 9786302
185467, 9787788
179278, 9798109
178851, 9789694
182326, 9798801
181948, 9794520
180043, 9791439
183528, 9796158
189070, 9794808
181316, 9789465
185626, 9786386
182165, 9790683
180798, 9787284
180328, 9790188
180921, 9798716
185592, 9782725
178594, 9795173
186633, 9788527
182933, 9789019
178337, 9798722
180559, 9795447
178953, 9795498
