# Number of control cameras to place = 50 (includes 50 opportunistic sightings + 0 placed randomly)
181868, 9796647
186953, 9783950
184942, 9794027
182104, 9799017
182176, 9799156
179516, 9796319
185325, 9796606
188703, 9796742
179867, 9799292
186739, 9787176
183224, 9785228
182322, 9797250
187415, 9788379
185159, 9796054
183186, 9786038
186746, 9792263
180017, 9784673
186889, 9787629
185779, 9785774
185740, 9786332
179097, 9794559
179014, 9786242
186358, 9785366
183496, 9788930
187881, 9790522
188180, 9788638
187790, 9788364
184367, 9798061
178562, 9788281
184834, 9782295
181284, 9797670
188039, 9787845
184053, 9783422
179118, 9784678
182569, 9782691
187793, 9796280
178064, 9796391
188644, 9783984
189408, 9794613
180193, 9789417
180952, 9787287
190523, 9784429
188899, 9795996
181788, 9787870
178644, 9782557
180113, 9793510
182423, 9794126
188439, 9797813
179939, 9798977
186693, 9785383
