# Number of control cameras to place = 50 (includes 1 opportunistic sightings + 49 placed randomly)
180276, 9785030
187420, 9794228
184967, 9791830
182694, 9787325
186321, 9785533
182901, 9790885
188487, 9784620
183466, 9784488
181890, 9797106
178745, 9791888
179922, 9783306
189998, 9787407
187373, 9784171
181461, 9792030
185959, 9782132
186048, 9782386
187246, 9783822
179258, 9794199
186747, 9783085
189730, 9786261
190378, 9788771
178713, 9784264
187575, 9788017
181711, 9794881
188542, 9786138
184002, 9791483
178339, 9798031
179051, 9798821
183113, 9797165
179057, 9787960
187492, 9789020
180864, 9797376
188444, 9795984
183154, 9799143
186883, 9795748
178928, 9796166
190117, 9789653
189872, 9782694
186428, 9790390
186050, 9796059
180057, 9782098
188973, 9798037
181724, 9786046
183879, 9783886
188300, 9799157
186412, 9795835
179780, 9788354
182327, 9794280
188309, 9793321
179588, 9789250
