# Number of control cameras to place = 50 (includes 9 opportunistic sightings + 41 placed randomly)
177837, 9783302
178060, 9785470
180262, 9784565
178789, 9782402
178971, 9783371
179508, 9786516
178338, 9785440
180092, 9786102
178501, 9783701
188549, 9785652
190279, 9786299
182391, 9791319
184873, 9786219
181013, 9792451
188715, 9798405
183281, 9789966
190108, 9785345
185026, 9786263
188644, 9794299
190304, 9791198
180897, 9794165
185821, 9795368
187329, 9787739
188215, 9783354
186371, 9785810
181886, 9785017
189393, 9784255
188905, 9787104
183853, 9782168
188276, 9792378
185144, 9783750
188464, 9796392
189588, 9791772
184607, 9798173
183283, 9789135
178662, 9786989
183650, 9796672
188958, 9787345
179108, 9789051
183767, 9796185
181961, 9791219
179428, 9784305
183394, 9797348
187931, 9794964
185268, 9796978
177922, 9791637
188920, 9785793
179686, 9786629
179094, 9792250
179086, 9794329
