# Number of control cameras to place = 54 (includes 6 opportunistic sightings + 48 placed randomly)
176563, 9786664
179962, 9785623
178183, 9785494
175610, 9786950
175327, 9786801
178057, 9786184
178227, 9792065
175391, 9789578
177409, 9788478
177355, 9781950
176735, 9784444
180277, 9785183
177066, 9787303
178287, 9788359
176115, 9790450
176463, 9789494
175761, 9783617
175213, 9790246
176675, 9782388
178807, 9787496
175038, 9787696
180336, 9789451
178680, 9782607
177640, 9790354
176217, 9789854
178673, 9787918
178560, 9789161
175387, 9782194
177683, 9792216
178606, 9791020
179134, 9783936
178734, 9790112
179690, 9784445
179540, 9787499
176366, 9791436
178030, 9788027
175066, 9784242
176342, 9785263
179586, 9789859
176046, 9781927
175257, 9781975
179086, 9790900
179579, 9784778
179095, 9789403
174989, 9783955
176280, 9792298
179682, 9787750
178006, 9784263
177056, 9788127
174585, 9791456
174111, 9785247
176511, 9790301
180351, 9790519
174746, 9784471
