# Number of control cameras to place = 50 (includes 6 opportunistic sightings + 44 placed randomly)
175508, 9783719
178491, 9783717
175551, 9783691
176871, 9782965
176192, 9783086
176541, 9784755
180139, 9789798
178559, 9787039
176129, 9791561
178059, 9785558
177600, 9784641
174165, 9792997
176784, 9781769
174282, 9788777
176394, 9782046
180265, 9785037
179819, 9785964
177626, 9784905
175355, 9792197
180044, 9791038
174568, 9787429
177887, 9786683
178803, 9783144
180133, 9786687
177741, 9790068
176232, 9785095
176956, 9787644
177332, 9787559
179039, 9787572
178151, 9784626
177326, 9790974
178653, 9784541
176932, 9788460
174304, 9785016
174643, 9789722
179622, 9790404
175696, 9786204
174557, 9783838
178974, 9791009
177269, 9789828
174455, 9789213
179168, 9787746
175911, 9787740
175176, 9791039
174457, 9788207
179972, 9787815
175249, 9790296
179622, 9784294
178452, 9791787
178659, 9785095
