# Number of control cameras to place = 54 (includes 10 opportunistic sightings + 44 placed randomly)
175782, 9786825
176185, 9787671
176039, 9787267
176892, 9787619
175753, 9787070
176979, 9787461
175752, 9786576
175137, 9785995
176619, 9784125
176619, 9784125
175691, 9785418
174468, 9785609
176278, 9786708
180500, 9787183
179857, 9791533
180305, 9791850
174152, 9786694
177087, 9783398
180397, 9784221
175318, 9792966
178350, 9789489
176228, 9783815
177836, 9784173
175880, 9784192
175108, 9786453
176029, 9786017
179132, 9782320
175829, 9790815
175442, 9788018
177755, 9788769
176343, 9790055
179453, 9785605
176240, 9790835
178987, 9786897
174115, 9789247
174736, 9789726
178752, 9784885
178902, 9782437
178617, 9782817
176978, 9782384
176344, 9791363
178979, 9792000
174657, 9785780
177152, 9787417
176287, 9785926
180104, 9785571
179626, 9786573
179252, 9788714
177235, 9783763
179561, 9782213
179055, 9791240
175021, 9785613
179681, 9785367
176922, 9786873
