# Number of control cameras to place = 50 (includes 2 opportunistic sightings + 48 placed randomly)
178257, 9783923
177173, 9785177
179069, 9791373
178610, 9788359
179388, 9784730
178545, 9789851
176204, 9782744
178044, 9782439
180191, 9792353
178285, 9791790
174783, 9785440
179997, 9792700
179057, 9788454
176932, 9784218
179587, 9783317
179320, 9790302
180442, 9787214
174260, 9790270
179200, 9784821
178379, 9785626
179081, 9784030
174736, 9788777
174739, 9783256
177353, 9790198
176452, 9789385
179113, 9789748
179194, 9787912
179907, 9786622
174767, 9785664
174559, 9789877
175119, 9783660
180108, 9784200
179400, 9792151
180075, 9783070
177468, 9786728
175936, 9783643
180407, 9787071
177634, 9792497
175315, 9792274
176743, 9786679
176771, 9781924
177424, 9785951
175390, 9791196
179156, 9791838
176375, 9789636
178200, 9791522
177574, 9785881
178999, 9787953
179772, 9791804
178517, 9782554
