# Actual number of control cameras to place = 60
175087, 9782216
175087, 9782910
175087, 9783649
175087, 9785018
175087, 9786152
175087, 9786498
175087, 9787803
175087, 9788776
175087, 9789733
175087, 9790599
175087, 9791853
175087, 9792633
176171, 9782216
176171, 9782910
176171, 9783649
176171, 9785018
176171, 9786152
176171, 9786498
176171, 9787803
176171, 9788776
176171, 9789733
176171, 9790599
176171, 9791853
176171, 9792633
176916, 9782216
176916, 9782910
176916, 9783649
176916, 9785018
176916, 9786152
176916, 9786498
176916, 9787803
176916, 9788776
176916, 9789733
176916, 9790599
176916, 9791853
176916, 9792633
178560, 9782216
178560, 9782910
178560, 9783649
178560, 9785018
178560, 9786152
178560, 9786498
178560, 9787803
178560, 9788776
178560, 9789733
178560, 9790599
178560, 9791853
178560, 9792633
179634, 9782216
179634, 9782910
179634, 9783649
179634, 9785018
179634, 9786152
179634, 9786498
179634, 9787803
179634, 9788776
179634, 9789733
179634, 9790599
179634, 9791853
179634, 9792633
