# Actual number of control cameras to place = 48
174121, 9782118
174121, 9783117
174121, 9783573
174121, 9785239
174121, 9785601
174121, 9787132
174121, 9787803
174121, 9788521
174121, 9789504
174121, 9790394
174121, 9791770
174121, 9792491
177131, 9782118
177131, 9783117
177131, 9783573
177131, 9785239
177131, 9785601
177131, 9787132
177131, 9787803
177131, 9788521
177131, 9789504
177131, 9790394
177131, 9791770
177131, 9792491
177661, 9782118
177661, 9783117
177661, 9783573
177661, 9785239
177661, 9785601
177661, 9787132
177661, 9787803
177661, 9788521
177661, 9789504
177661, 9790394
177661, 9791770
177661, 9792491
179272, 9782118
179272, 9783117
179272, 9783573
179272, 9785239
179272, 9785601
179272, 9787132
179272, 9787803
179272, 9788521
179272, 9789504
179272, 9790394
179272, 9791770
179272, 9792491
