# Actual number of control cameras to place = 50
178251, 9782777
178251, 9784087
178251, 9785833
178251, 9787845
178251, 9789585
178251, 9792117
178251, 9793209
178251, 9794843
178251, 9796100
178251, 9798541
182421, 9782777
182421, 9784087
182421, 9785833
182421, 9787845
182421, 9789585
182421, 9792117
182421, 9793209
182421, 9794843
182421, 9796100
182421, 9798541
183151, 9782777
183151, 9784087
183151, 9785833
183151, 9787845
183151, 9789585
183151, 9792117
183151, 9793209
183151, 9794843
183151, 9796100
183151, 9798541
185758, 9782777
185758, 9784087
185758, 9785833
185758, 9787845
185758, 9789585
185758, 9792117
185758, 9793209
185758, 9794843
185758, 9796100
185758, 9798541
189617, 9782777
189617, 9784087
189617, 9785833
189617, 9787845
189617, 9789585
189617, 9792117
189617, 9793209
189617, 9794843
189617, 9796100
189617, 9798541
