# Actual number of control cameras to place = 60
174920, 9781904
174920, 9782899
174920, 9783640
174920, 9784546
174920, 9786026
174920, 9786715
174920, 9787560
174920, 9788989
174920, 9790037
174920, 9791056
174920, 9791338
174920, 9792679
175462, 9781904
175462, 9782899
175462, 9783640
175462, 9784546
175462, 9786026
175462, 9786715
175462, 9787560
175462, 9788989
175462, 9790037
175462, 9791056
175462, 9791338
175462, 9792679
176938, 9781904
176938, 9782899
176938, 9783640
176938, 9784546
176938, 9786026
176938, 9786715
176938, 9787560
176938, 9788989
176938, 9790037
176938, 9791056
176938, 9791338
176938, 9792679
178620, 9781904
178620, 9782899
178620, 9783640
178620, 9784546
178620, 9786026
178620, 9786715
178620, 9787560
178620, 9788989
178620, 9790037
178620, 9791056
178620, 9791338
178620, 9792679
179577, 9781904
179577, 9782899
179577, 9783640
179577, 9784546
179577, 9786026
179577, 9786715
179577, 9787560
179577, 9788989
179577, 9790037
179577, 9791056
179577, 9791338
179577, 9792679
