# Actual number of control cameras to place = 60
174441, 9782228
174441, 9783309
174441, 9784119
174441, 9784598
174441, 9785901
174441, 9786710
174441, 9787621
174441, 9788587
174441, 9789781
174441, 9790429
174441, 9791849
174441, 9792355
175653, 9782228
175653, 9783309
175653, 9784119
175653, 9784598
175653, 9785901
175653, 9786710
175653, 9787621
175653, 9788587
175653, 9789781
175653, 9790429
175653, 9791849
175653, 9792355
177488, 9782228
177488, 9783309
177488, 9784119
177488, 9784598
177488, 9785901
177488, 9786710
177488, 9787621
177488, 9788587
177488, 9789781
177488, 9790429
177488, 9791849
177488, 9792355
178093, 9782228
178093, 9783309
178093, 9784119
178093, 9784598
178093, 9785901
178093, 9786710
178093, 9787621
178093, 9788587
178093, 9789781
178093, 9790429
178093, 9791849
178093, 9792355
180233, 9782228
180233, 9783309
180233, 9784119
180233, 9784598
180233, 9785901
180233, 9786710
180233, 9787621
180233, 9788587
180233, 9789781
180233, 9790429
180233, 9791849
180233, 9792355
