# Number of control cameras to place = 50 (includes 50 opportunistic sightings + 0 placed randomly)
179178, 9791552
174948, 9791514
179792, 9786109
178217, 9791510
179821, 9789981
176227, 9782002
174690, 9790114
175580, 9790667
178970, 9784777
178476, 9792482
176311, 9790454
175056, 9790616
180287, 9788735
179043, 9784533
175343, 9790924
180201, 9783593
175353, 9785452
177041, 9787016
178306, 9785732
175058, 9789418
175418, 9790491
176431, 9791294
179342, 9782416
178771, 9788074
176523, 9781878
177426, 9786403
180206, 9786784
180321, 9786484
177993, 9785919
174898, 9782585
179396, 9790737
179414, 9784185
175280, 9782818
178185, 9791212
177831, 9786504
175579, 9781723
175399, 9789018
175612, 9783523
177131, 9788818
175415, 9791416
178070, 9789312
177849, 9782335
179046, 9784933
174765, 9782838
180340, 9787067
177891, 9783659
177465, 9788609
175281, 9792202
174322, 9784782
178874, 9782719
