# Number of control cameras to place = 50 (includes 50 opportunistic sightings + 0 placed randomly)
184835, 9790964
178292, 9794226
188731, 9786929
188632, 9784680
189666, 9792665
189848, 9790548
179017, 9795692
187275, 9785385
186546, 9783177
181121, 9793975
179555, 9797139
182582, 9797908
185577, 9784214
187202, 9795406
186078, 9788749
177793, 9786069
185979, 9783287
182539, 9790840
177853, 9793220
184293, 9789249
185937, 9785290
188476, 9785492
180564, 9788685
190544, 9786835
189213, 9783454
179834, 9784882
178336, 9790349
187508, 9793933
182947, 9795956
179904, 9786982
186679, 9782317
184745, 9791747
178311, 9788367
187452, 9792637
178423, 9784833
181988, 9794789
181659, 9788499
179360, 9787256
190130, 9783917
190071, 9792653
185515, 9797740
186246, 9793848
179657, 9787524
181917, 9787819
183943, 9785822
179000, 9782324
185967, 9796969
178351, 9793225
179461, 9792621
188698, 9782315
