# Number of control cameras to place = 50 (includes 50 opportunistic sightings + 0 placed randomly)
180010, 9784846
189904, 9789750
178394, 9783757
178706, 9788339
180847, 9796844
188455, 9784367
186063, 9786853
185995, 9789234
188173, 9788878
187380, 9787068
190213, 9783699
187852, 9784070
182368, 9784488
183491, 9785802
186599, 9788575
183233, 9797377
184228, 9792654
182153, 9796053
180283, 9795496
177758, 9799253
178308, 9789230
183812, 9795705
190055, 9788676
185882, 9788398
188047, 9783705
181878, 9790342
184618, 9787626
188933, 9795098
188469, 9797391
182203, 9791081
186772, 9797275
183242, 9787306
178228, 9791826
190289, 9796970
183245, 9795350
184231, 9793862
182357, 9787196
190396, 9783460
190469, 9796252
182036, 9785389
184297, 9789412
187914, 9791365
186126, 9783675
187068, 9791783
185248, 9799081
186541, 9794658
190520, 9791732
181101, 9797995
178272, 9797932
183226, 9796806
