# Number of control cameras to place = 50 (includes 50 opportunistic sightings + 0 placed randomly)
174658, 9784314
177977, 9783885
180234, 9783332
174812, 9784613
177725, 9790660
179713, 9785516
179146, 9782520
179430, 9787802
177387, 9788464
175737, 9782052
180463, 9790663
178313, 9782918
178871, 9786201
174542, 9783231
178576, 9789147
175669, 9786989
180276, 9782228
178562, 9784374
174317, 9787176
177019, 9791731
178857, 9786349
180208, 9784544
178180, 9792320
175713, 9786417
174743, 9785476
179521, 9781686
177531, 9783679
177405, 9791352
178364, 9786422
177606, 9785950
176393, 9789058
178895, 9783006
175097, 9782056
180397, 9791938
177592, 9783423
177962, 9784535
178129, 9785262
179957, 9789388
175983, 9792042
177389, 9792390
179050, 9785230
180331, 9783887
175482, 9788999
176102, 9788453
174960, 9792594
175595, 9783415
174225, 9784106
176009, 9783708
174499, 9783622
174571, 9785736
