# Number of control cameras to place = 50 (includes 50 opportunistic sightings + 0 placed randomly)
184383, 9783099
184720, 9797623
185714, 9797375
190294, 9788613
185017, 9796075
186033, 9788742
178921, 9797919
178677, 9783674
184475, 9789198
181191, 9792696
190213, 9787194
177726, 9797752
190290, 9784717
181971, 9796479
185814, 9798536
179952, 9789830
183560, 9791603
182712, 9792838
189176, 9791863
186033, 9796353
181216, 9787701
189361, 9790568
180985, 9790610
179268, 9798125
177910, 9794980
181126, 9785198
187293, 9784192
190078, 9783613
189645, 9798669
180630, 9788251
186941, 9795509
190272, 9797695
185264, 9790359
184080, 9792707
182618, 9786501
179652, 9798926
183261, 9785044
189042, 9795009
182358, 9787190
181589, 9790763
181603, 9794054
188741, 9783313
180023, 9794908
181810, 9786117
189018, 9796923
184364, 9788220
189373, 9790047
185761, 9783679
183185, 9791605
188747, 9787056
