# Number of control cameras to place = 54 (includes 4 opportunistic sightings + 50 placed randomly)
176587, 9785180
176906, 9789163
176814, 9789232
176908, 9789136
178540, 9782005
176327, 9790228
174305, 9786244
177531, 9792903
177872, 9789883
177237, 9784293
179818, 9792946
179666, 9781799
176284, 9788837
174208, 9783195
178110, 9792122
176467, 9789153
178244, 9785615
177079, 9792361
175943, 9786611
174570, 9783869
180404, 9785152
178320, 9782234
176612, 9787565
174692, 9786121
180311, 9790930
178360, 9792423
176563, 9784319
179897, 9792218
180485, 9782080
177506, 9792392
179290, 9789974
175632, 9788249
178851, 9786643
175329, 9788748
177810, 9790269
175673, 9787959
179731, 9782609
178435, 9788201
174439, 9790491
180333, 9782053
180051, 9782637
179225, 9784020
175180, 9785773
174121, 9784161
178161, 9787052
177808, 9792436
178249, 9787108
176894, 9782545
175916, 9788039
174821, 9783480
176457, 9786363
177303, 9786133
179468, 9789790
176062, 9788479
