# Number of control cameras to place = 54 (includes 7 opportunistic sightings + 47 placed randomly)
176407, 9783687
178127, 9789477
177270, 9787051
177220, 9783137
176432, 9783456
178124, 9789477
178105, 9789505
180373, 9782887
178827, 9787714
179440, 9792743
176912, 9788177
175555, 9787082
178659, 9791950
176242, 9792164
177021, 9791047
175971, 9788031
175194, 9790270
179229, 9788261
176731, 9788948
179345, 9785199
174481, 9790055
175866, 9783779
178611, 9781691
178095, 9792106
176331, 9786389
176360, 9792174
179302, 9782526
178394, 9783941
178857, 9784787
175246, 9787882
179779, 9785852
177345, 9788125
175839, 9785015
177462, 9786947
179297, 9784240
177601, 9790033
174846, 9785385
174953, 9786085
174202, 9784652
178962, 9782127
178575, 9781955
177579, 9788294
179876, 9791383
175020, 9789239
179759, 9786120
174805, 9783015
177650, 9784167
176877, 9782851
177207, 9786033
178460, 9783417
179132, 9784429
179942, 9792032
180253, 9785938
175815, 9788023
