# Number of control cameras to place = 50 (includes 5 opportunistic sightings + 45 placed randomly)
179810, 9786055
180023, 9785055
179697, 9784952
179805, 9786448
179630, 9784757
186789, 9783271
189238, 9782851
189465, 9784511
179428, 9784073
182265, 9797710
188813, 9793352
184091, 9782206
185397, 9790200
179882, 9786974
184148, 9785445
190359, 9783212
184047, 9799291
184034, 9791262
183022, 9787016
178888, 9785336
186292, 9782715
182142, 9793738
190660, 9789815
183327, 9794568
184906, 9792222
182286, 9791990
179399, 9794851
178570, 9797037
184824, 9786377
188739, 9783187
179031, 9782217
178342, 9790372
178686, 9786457
188337, 9799153
178207, 9791621
179834, 9796943
177878, 9786713
181128, 9782643
180556, 9782715
182498, 9785874
182463, 9791068
188404, 9792306
183417, 9787164
186106, 9787957
178755, 9794586
190695, 9794241
179978, 9786614
179169, 9791590
190671, 9782182
179669, 9785052
