# Number of control cameras to place = 50 (includes 12 opportunistic sightings + 38 placed randomly)
180050, 9785111
176418, 9782828
175540, 9784733
179540, 9783440
179115, 9785668
174325, 9784971
179310, 9785848
179021, 9783060
179232, 9783178
174665, 9785336
175540, 9784733
178690, 9783047
175693, 9791195
175981, 9784305
176587, 9782223
177566, 9783116
176332, 9789757
178018, 9782924
176914, 9788146
175592, 9783194
179514, 9784676
176831, 9784198
178193, 9792772
174979, 9790783
179943, 9789892
179030, 9783498
179804, 9790609
177505, 9785090
174147, 9786610
178457, 9790317
180357, 9788537
177101, 9792919
178906, 9790880
178560, 9792414
174942, 9790407
175924, 9788337
177776, 9789992
176460, 9784676
178356, 9787383
177130, 9782313
179863, 9792388
178499, 9792188
175183, 9789845
176517, 9791780
178704, 9788457
177701, 9785015
175975, 9784077
177597, 9790521
178266, 9784491
180155, 9784205
