# Number of control cameras to place = 50 (includes 9 opportunistic sightings + 41 placed randomly)
179053, 9788215
178498, 9785176
178914, 9782350
179317, 9786393
179508, 9786516
177699, 9784983
178728, 9782478
178494, 9783664
179221, 9783515
182015, 9786160
190227, 9791251
186180, 9784425
184488, 9790073
186500, 9790651
187437, 9787403
179277, 9791603
183123, 9798267
180305, 9790157
181869, 9798665
189055, 9799296
188439, 9795346
180353, 9794175
179057, 9791842
178950, 9793172
186702, 9790885
178783, 9795566
181901, 9796085
182168, 9787311
182869, 9783513
180575, 9797445
184456, 9790550
183112, 9794959
188547, 9797529
188690, 9792552
187150, 9782528
185978, 9783417
178256, 9797143
188863, 9796982
179657, 9786935
181054, 9792155
180794, 9788057
183217, 9793790
190312, 9796636
179564, 9791147
181742, 9791328
181520, 9786123
185684, 9782131
178532, 9793205
189844, 9793837
190645, 9783543
