# Number of control cameras to place = 50 (includes 7 opportunistic sightings + 43 placed randomly)
179398, 9785886
177949, 9785044
178030, 9785069
177889, 9785034
178281, 9785147
179598, 9786375
179169, 9785564
190084, 9792153
188581, 9797518
188356, 9783576
189076, 9784108
188576, 9792056
183590, 9788506
177949, 9782903
186415, 9797200
177956, 9783095
182533, 9791980
188412, 9791112
180519, 9793315
184098, 9789826
182456, 9793612
183031, 9794278
187643, 9784601
185566, 9789971
186268, 9784828
179082, 9794352
185669, 9790273
186255, 9783511
179382, 9784236
187433, 9783636
184315, 9784401
185627, 9797846
179647, 9798202
183758, 9783095
190295, 9785207
182866, 9788550
188793, 9786687
185162, 9786609
180328, 9795920
184626, 9789600
180421, 9797118
185862, 9795390
183616, 9794006
186928, 9793304
182409, 9784302
186647, 9784826
185749, 9797301
185550, 9783900
183050, 9792312
182744, 9790203
