# Actual number of control cameras to place = 50
179970, 9782943
179970, 9783860
179970, 9787038
179970, 9788078
179970, 9789364
179970, 9791818
179970, 9794070
179970, 9795630
179970, 9797488
179970, 9798805
181622, 9782943
181622, 9783860
181622, 9787038
181622, 9788078
181622, 9789364
181622, 9791818
181622, 9794070
181622, 9795630
181622, 9797488
181622, 9798805
184587, 9782943
184587, 9783860
184587, 9787038
184587, 9788078
184587, 9789364
184587, 9791818
184587, 9794070
184587, 9795630
184587, 9797488
184587, 9798805
186106, 9782943
186106, 9783860
186106, 9787038
186106, 9788078
186106, 9789364
186106, 9791818
186106, 9794070
186106, 9795630
186106, 9797488
186106, 9798805
189157, 9782943
189157, 9783860
189157, 9787038
189157, 9788078
189157, 9789364
189157, 9791818
189157, 9794070
189157, 9795630
189157, 9797488
189157, 9798805
