# Actual number of control cameras to place = 50
177778, 9782983
177778, 9785059
177778, 9786536
177778, 9787445
177778, 9789724
177778, 9791192
177778, 9793221
177778, 9795807
177778, 9796613
177778, 9799134
180412, 9782983
180412, 9785059
180412, 9786536
180412, 9787445
180412, 9789724
180412, 9791192
180412, 9793221
180412, 9795807
180412, 9796613
180412, 9799134
183986, 9782983
183986, 9785059
183986, 9786536
183986, 9787445
183986, 9789724
183986, 9791192
183986, 9793221
183986, 9795807
183986, 9796613
183986, 9799134
186952, 9782983
186952, 9785059
186952, 9786536
186952, 9787445
186952, 9789724
186952, 9791192
186952, 9793221
186952, 9795807
186952, 9796613
186952, 9799134
188819, 9782983
188819, 9785059
188819, 9786536
188819, 9787445
188819, 9789724
188819, 9791192
188819, 9793221
188819, 9795807
188819, 9796613
188819, 9799134
