# Number of control cameras to place = 54 (includes 54 opportunistic sightings + 0 placed randomly)
190333, 9797601
186401, 9796072
179918, 9790347
179679, 9783919
178932, 9794371
183371, 9788700
184511, 9784034
178281, 9784213
178598, 9791906
179334, 9793344
187232, 9782278
179221, 9793510
185083, 9793234
185590, 9786591
190633, 9787031
186224, 9788319
180771, 9782207
179695, 9789207
190671, 9785156
180299, 9795998
188129, 9796039
180389, 9797856
187053, 9783182
186412, 9792890
182734, 9796153
177754, 9799194
182120, 9784120
190074, 9789748
189883, 9784909
184116, 9787673
183760, 9792235
189561, 9791819
182121, 9791644
189863, 9783893
183265, 9786703
190153, 9788508
178355, 9790965
189312, 9783336
186915, 9782481
187191, 9783956
186773, 9789440
184110, 9794308
180652, 9787926
183488, 9791260
186855, 9783978
190101, 9792200
183331, 9786304
186668, 9787492
180823, 9798392
185767, 9789265
187125, 9793079
185195, 9795294
179379, 9788425
177875, 9788560
