# Number of control cameras to place = 50 (includes 50 opportunistic sightings + 0 placed randomly)
177993, 9795932
186333, 9797751
186606, 9796746
179743, 9797068
189062, 9787453
184626, 9794758
178156, 9792413
189222, 9788496
190627, 9782887
187300, 9791187
181632, 9788768
180887, 9792067
185616, 9792380
188231, 9783600
188411, 9797826
186340, 9782602
180659, 9794845
181640, 9795191
184318, 9790926
188789, 9784176
179254, 9795675
180478, 9784567
186661, 9791798
181892, 9782711
182859, 9789156
187974, 9785058
186980, 9791052
180862, 9787824
183312, 9792634
185182, 9796146
180381, 9786909
181733, 9789928
188119, 9792661
185521, 9789190
186304, 9792871
189486, 9783733
187859, 9792884
182924, 9783247
190481, 9792064
186669, 9788373
186506, 9792839
190047, 9792943
185678, 9799213
189255, 9791836
189541, 9788964
187483, 9794767
187833, 9794356
180004, 9782252
179935, 9782411
182442, 9783270
