# Number of control cameras to place = 50 (includes 21 opportunistic sightings + 29 placed randomly)
183103, 9789440
185371, 9791626
185379, 9791764
181520, 9788255
182894, 9791469
184534, 9785073
184920, 9788561
184989, 9789306
185341, 9790706
185380, 9791762
184314, 9789169
183593, 9789773
185866, 9787208
185044, 9792084
185377, 9791763
185382, 9792079
185392, 9791762
185105, 9790470
185383, 9791764
185371, 9791620
185380, 9791761
184625, 9789995
181651, 9793776
177843, 9795443
190386, 9793001
180686, 9796733
180195, 9785963
179347, 9786706
185819, 9792134
187474, 9787843
179126, 9784319
180394, 9792617
185758, 9796455
187868, 9796353
184443, 9796137
180034, 9798686
180250, 9795059
186313, 9794525
182604, 9784177
178891, 9785247
178201, 9791198
182887, 9795304
181857, 9794096
178108, 9783074
185237, 9790159
183397, 9792603
180975, 9785661
178841, 9795137
185411, 9787631
188836, 9798974
