# Number of control cameras to place = 50 (includes 15 opportunistic sightings + 35 placed randomly)
183601, 9788784
178540, 9794795
183559, 9788812
183853, 9792410
183761, 9789912
184665, 9784863
184499, 9790862
181040, 9789856
185921, 9788050
181053, 9789867
184498, 9790865
180979, 9791372
183792, 9789914
184498, 9790864
180748, 9790717
190593, 9783602
180163, 9789190
187679, 9798617
187826, 9787381
184839, 9798457
180345, 9794532
185805, 9798670
189061, 9783640
180604, 9788354
184010, 9782421
187186, 9796800
184832, 9783398
184630, 9785905
187079, 9785226
186511, 9784770
187626, 9788095
184745, 9797269
190630, 9796300
186834, 9790720
177740, 9788510
179364, 9783622
182882, 9794235
185294, 9785827
188236, 9797543
183672, 9783123
181895, 9784129
185407, 9799195
181316, 9798956
182344, 9786385
181007, 9787574
187306, 9787288
188759, 9795215
179951, 9795232
190039, 9784280
187323, 9796048
