# Number of control cameras to place = 54 (includes 54 opportunistic sightings + 0 placed randomly)
189430, 9779551
187820, 9775275
186994, 9775584
187090, 9777545
184367, 9773841
185489, 9779273
187274, 9772079
185635, 9774545
184059, 9777270
184985, 9775130
187239, 9773175
186536, 9779329
184494, 9778273
186973, 9774293
188609, 9780548
189823, 9778536
188779, 9771890
190358, 9776144
188230, 9777090
190523, 9778291
185504, 9775746
184794, 9777922
185436, 9780407
185777, 9777118
187942, 9775061
189647, 9777197
190467, 9777586
185848, 9780286
185198, 9773890
187056, 9780682
184007, 9781119
187754, 9781070
188561, 9777898
187394, 9778000
185568, 9781029
185315, 9773074
186056, 9780947
185128, 9782127
188987, 9775000
185772, 9776069
185853, 9775654
187254, 9781857
187830, 9779028
190381, 9778817
190282, 9772420
185084, 9775419
190398, 9779725
186823, 9779430
190344, 9776299
184427, 9779120
187982, 9778941
188039, 9781906
188821, 9779295
186726, 9781672
