# Actual number of control cameras to place = 48
171952, 9777240
171952, 9778176
171952, 9779490
171952, 9780074
171952, 9781630
171952, 9781924
171952, 9783449
171952, 9784002
171952, 9785160
171952, 9786671
171952, 9787722
171952, 9788026
173882, 9777240
173882, 9778176
173882, 9779490
173882, 9780074
173882, 9781630
173882, 9781924
173882, 9783449
173882, 9784002
173882, 9785160
173882, 9786671
173882, 9787722
173882, 9788026
174919, 9777240
174919, 9778176
174919, 9779490
174919, 9780074
174919, 9781630
174919, 9781924
174919, 9783449
174919, 9784002
174919, 9785160
174919, 9786671
174919, 9787722
174919, 9788026
177022, 9777240
177022, 9778176
177022, 9779490
177022, 9780074
177022, 9781630
177022, 9781924
177022, 9783449
177022, 9784002
177022, 9785160
177022, 9786671
177022, 9787722
177022, 9788026
