# Actual number of control cameras to place = 60
171635, 9777214
171635, 9778360
171635, 9779262
171635, 9780424
171635, 9781641
171635, 9781983
171635, 9783326
171635, 9784488
171635, 9785167
171635, 9786193
171635, 9787131
171635, 9788636
172581, 9777214
172581, 9778360
172581, 9779262
172581, 9780424
172581, 9781641
172581, 9781983
172581, 9783326
172581, 9784488
172581, 9785167
172581, 9786193
172581, 9787131
172581, 9788636
174362, 9777214
174362, 9778360
174362, 9779262
174362, 9780424
174362, 9781641
174362, 9781983
174362, 9783326
174362, 9784488
174362, 9785167
174362, 9786193
174362, 9787131
174362, 9788636
175180, 9777214
175180, 9778360
175180, 9779262
175180, 9780424
175180, 9781641
175180, 9781983
175180, 9783326
175180, 9784488
175180, 9785167
175180, 9786193
175180, 9787131
175180, 9788636
177025, 9777214
177025, 9778360
177025, 9779262
177025, 9780424
177025, 9781641
177025, 9781983
177025, 9783326
177025, 9784488
177025, 9785167
177025, 9786193
177025, 9787131
177025, 9788636
