# Actual number of control cameras to place = 48
171419, 9777328
171419, 9777914
171419, 9779137
171419, 9780343
171419, 9781263
171419, 9782609
171419, 9782911
171419, 9784206
171419, 9784913
171419, 9786300
171419, 9787575
171419, 9788490
173893, 9777328
173893, 9777914
173893, 9779137
173893, 9780343
173893, 9781263
173893, 9782609
173893, 9782911
173893, 9784206
173893, 9784913
173893, 9786300
173893, 9787575
173893, 9788490
174449, 9777328
174449, 9777914
174449, 9779137
174449, 9780343
174449, 9781263
174449, 9782609
174449, 9782911
174449, 9784206
174449, 9784913
174449, 9786300
174449, 9787575
174449, 9788490
176540, 9777328
176540, 9777914
176540, 9779137
176540, 9780343
176540, 9781263
176540, 9782609
176540, 9782911
176540, 9784206
176540, 9784913
176540, 9786300
176540, 9787575
176540, 9788490
