# Actual number of control cameras to place = 60
171683, 9777222
171683, 9778145
171683, 9778843
171683, 9780051
171683, 9781456
171683, 9781917
171683, 9783264
171683, 9784141
171683, 9785152
171683, 9786067
171683, 9787302
171683, 9788698
172508, 9777222
172508, 9778145
172508, 9778843
172508, 9780051
172508, 9781456
172508, 9781917
172508, 9783264
172508, 9784141
172508, 9785152
172508, 9786067
172508, 9787302
172508, 9788698
174554, 9777222
174554, 9778145
174554, 9778843
174554, 9780051
174554, 9781456
174554, 9781917
174554, 9783264
174554, 9784141
174554, 9785152
174554, 9786067
174554, 9787302
174554, 9788698
176081, 9777222
176081, 9778145
176081, 9778843
176081, 9780051
176081, 9781456
176081, 9781917
176081, 9783264
176081, 9784141
176081, 9785152
176081, 9786067
176081, 9787302
176081, 9788698
177528, 9777222
177528, 9778145
177528, 9778843
177528, 9780051
177528, 9781456
177528, 9781917
177528, 9783264
177528, 9784141
177528, 9785152
177528, 9786067
177528, 9787302
177528, 9788698
