# Number of control cameras to place = 50 (includes 50 opportunistic sightings + 0 placed randomly)
180124, 9796734
181625, 9784715
180165, 9790076
190069, 9793248
181561, 9788730
188603, 9794874
188225, 9793322
188243, 9789026
189189, 9797600
180513, 9798191
185294, 9790532
188280, 9797818
183772, 9799108
181003, 9783982
178402, 9797126
184592, 9788808
187438, 9787966
181604, 9793124
189545, 9783546
190662, 9786111
184560, 9794177
184470, 9790091
185965, 9798134
185186, 9782675
189535, 9789467
182141, 9787603
185074, 9793780
185556, 9783827
184840, 9788803
183269, 9783877
188908, 9795379
185101, 9794270
182111, 9788029
179524, 9792689
184144, 9795226
180760, 9797257
182670, 9787438
180850, 9798824
182561, 9798431
181074, 9782168
189224, 9786636
189149, 9799114
185276, 9782403
178135, 9793168
184846, 9797784
187451, 9797452
187754, 9782379
182855, 9788032
189293, 9784866
181101, 9797297
