# Number of control cameras to place = 50 (includes 0 opportunistic sightings + 50 placed randomly)
186361, 9783885
188808, 9783172
182937, 9794834
189316, 9786481
182500, 9785391
184842, 9790266
183173, 9784113
188139, 9787643
185160, 9796412
179800, 9783812
183438, 9787251
184372, 9789499
182886, 9791010
184290, 9792764
184131, 9795845
185434, 9783392
177808, 9796778
179200, 9785367
181759, 9783066
186010, 9797837
190264, 9791581
186262, 9785046
189213, 9785138
180450, 9789008
181369, 9792643
188370, 9795787
190616, 9792248
189838, 9782212
187257, 9786755
180933, 9798115
182540, 9795551
187376, 9794723
181795, 9796478
181366, 9786759
182213, 9788450
184524, 9795508
179369, 9797272
182209, 9791411
181560, 9789033
179635, 9795964
190137, 9784393
183240, 9787119
186193, 9795828
183256, 9796574
186742, 9786193
178810, 9797949
184312, 9789067
183328, 9783498
185106, 9796921
184956, 9788149
