# Number of control cameras to place = 50 (includes 0 opportunistic sightings + 50 placed randomly)
186476, 9787927
190275, 9795767
178727, 9798550
183427, 9788545
187317, 9784974
179972, 9793298
188152, 9795453
179846, 9787441
179980, 9794090
189263, 9784328
188252, 9790221
177818, 9794995
189938, 9798708
185136, 9783098
186888, 9796397
178960, 9784942
178648, 9786316
185185, 9789519
179029, 9788374
178111, 9796897
187146, 9789458
178002, 9795250
178193, 9797592
184952, 9793306
182314, 9789720
189023, 9790685
180728, 9795140
183129, 9790631
186807, 9793144
178628, 9795340
188974, 9786951
185590, 9791280
189473, 9795220
181797, 9796196
180374, 9783974
189751, 9789873
188030, 9792038
181238, 9788689
185035, 9786125
185094, 9792241
181070, 9799015
178067, 9784572
185950, 9785625
190674, 9784823
189930, 9794250
179756, 9786990
182729, 9783372
189496, 9786478
186477, 9791843
182378, 9787171
