# Number of control cameras to place = 54 (includes 11 opportunistic sightings + 43 placed randomly)
173365, 9785347
173102, 9784134
173467, 9785133
173057, 9784637
173055, 9784543
173365, 9785347
173467, 9785133
173013, 9784544
173102, 9784134
171106, 9782218
173013, 9784544
174399, 9780561
173259, 9786825
176902, 9781866
174721, 9785649
173652, 9781573
175141, 9788193
177600, 9785971
176131, 9779546
172427, 9787168
172755, 9786618
175317, 9784629
174523, 9777087
176297, 9787522
171093, 9781469
176243, 9778900
176047, 9780636
172249, 9777802
172066, 9780822
177589, 9785731
174635, 9784525
172016, 9779188
172148, 9780325
176125, 9777141
174265, 9786816
171834, 9783564
172461, 9782357
173336, 9782275
175626, 9784131
175664, 9785613
171433, 9781730
177244, 9778070
175040, 9784643
175848, 9781863
174359, 9788440
171817, 9783854
176054, 9783873
171000, 9785607
175638, 9780229
175875, 9784381
174377, 9784541
172723, 9779933
172861, 9784641
176111, 9779809
