# Number of control cameras to place = 54 (includes 9 opportunistic sightings + 45 placed randomly)
171392, 9782165
171626, 9782814
171364, 9782176
171364, 9782176
171364, 9782176
171392, 9782165
171392, 9782165
171392, 9782165
171626, 9782814
176665, 9778151
172180, 9787190
174411, 9781085
172910, 9783564
174857, 9782607
171472, 9780082
177682, 9780992
177562, 9786728
171121, 9782834
174901, 9785217
176204, 9782355
174395, 9779340
175622, 9783287
176300, 9785111
177008, 9786065
176686, 9777755
177149, 9786064
177230, 9784281
175239, 9781000
174531, 9784749
175239, 9782687
177683, 9777757
174602, 9783244
171934, 9782021
177120, 9782908
173780, 9780034
175946, 9781133
177330, 9777564
175744, 9778285
172738, 9785238
174213, 9784059
171051, 9780192
175867, 9777443
173827, 9785321
175293, 9777960
172094, 9783036
176316, 9784267
177516, 9784234
172210, 9786974
172614, 9786673
177253, 9783513
175868, 9786916
174798, 9781758
175652, 9779681
173560, 9780451
