# Number of control cameras to place = 54 (includes 7 opportunistic sightings + 47 placed randomly)
174360, 9782204
172772, 9782444
174792, 9785557
173283, 9782179
172966, 9783218
172231, 9784788
173680, 9782418
176913, 9781184
172613, 9777292
176137, 9780143
173519, 9787159
177007, 9784663
174603, 9788421
177404, 9781252
175243, 9779822
174216, 9785345
174218, 9778388
177678, 9776967
174393, 9785354
175436, 9785143
176919, 9779017
172539, 9776980
177297, 9787787
176480, 9786594
177591, 9783527
177314, 9781644
175500, 9777436
173240, 9783165
173256, 9785014
174311, 9781803
176059, 9784887
176734, 9777037
175745, 9788096
172409, 9778763
174878, 9779229
171181, 9787141
173107, 9787108
171598, 9785307
172713, 9788289
176443, 9784981
171165, 9779072
170958, 9788529
173881, 9787197
172684, 9779598
172178, 9779078
172941, 9777470
177517, 9786298
174009, 9780285
175039, 9788180
174539, 9786029
176188, 9777584
170954, 9785617
174563, 9783014
175977, 9778503
