# Number of control cameras to place = 50 (includes 9 opportunistic sightings + 41 placed randomly)
172011, 9782188
171986, 9783091
172083, 9785712
171346, 9782188
171954, 9785335
171954, 9785335
172083, 9785712
173992, 9783290
171446, 9782091
171384, 9778394
171475, 9786449
175821, 9777531
174785, 9788581
172121, 9786381
175823, 9777383
171366, 9778989
177174, 9778553
171126, 9782440
177182, 9786188
175093, 9783532
172509, 9780223
175346, 9783253
171894, 9777295
170957, 9779320
172267, 9778051
176278, 9787182
176318, 9780446
177524, 9777545
177498, 9785683
173883, 9777253
173729, 9784864
173632, 9788530
176108, 9779208
176778, 9780033
173398, 9780481
175636, 9785942
173202, 9781140
174312, 9777708
175283, 9778673
176791, 9777659
173586, 9782600
171666, 9778779
177482, 9785346
176669, 9782976
176690, 9783929
171607, 9787012
173242, 9783184
171517, 9782939
174400, 9777260
177059, 9778451
