# Number of control cameras to place = 50 (includes 0 opportunistic sightings + 50 placed randomly)
189494, 9797882
178888, 9785417
185372, 9792697
181668, 9791580
189996, 9787124
182507, 9797544
183374, 9795109
179346, 9784342
185696, 9791478
188626, 9790312
190526, 9784438
185153, 9784632
189388, 9798671
184231, 9791618
186457, 9787701
185991, 9787918
190100, 9795419
189277, 9792043
183838, 9792344
185437, 9795563
190161, 9797805
179588, 9789299
182074, 9792281
190156, 9784931
185489, 9786820
184596, 9797077
187642, 9786741
181041, 9794022
185127, 9791007
179810, 9794383
185598, 9790311
188480, 9796779
183013, 9796137
179745, 9791144
181667, 9795002
189981, 9791684
184284, 9798269
188064, 9787560
181470, 9783378
187560, 9786214
184591, 9787047
178766, 9792856
188222, 9786754
179198, 9792525
185578, 9789660
179019, 9785732
188950, 9788916
182569, 9788406
180688, 9795427
189445, 9796204
