# Actual number of control cameras to place = 60
174106, 9782251
174106, 9783239
174106, 9784164
174106, 9785202
174106, 9785595
174106, 9787156
174106, 9787929
174106, 9788988
174106, 9789937
174106, 9790637
174106, 9791519
174106, 9792658
176192, 9782251
176192, 9783239
176192, 9784164
176192, 9785202
176192, 9785595
176192, 9787156
176192, 9787929
176192, 9788988
176192, 9789937
176192, 9790637
176192, 9791519
176192, 9792658
177551, 9782251
177551, 9783239
177551, 9784164
177551, 9785202
177551, 9785595
177551, 9787156
177551, 9787929
177551, 9788988
177551, 9789937
177551, 9790637
177551, 9791519
177551, 9792658
178134, 9782251
178134, 9783239
178134, 9784164
178134, 9785202
178134, 9785595
178134, 9787156
178134, 9787929
178134, 9788988
178134, 9789937
178134, 9790637
178134, 9791519
178134, 9792658
180218, 9782251
180218, 9783239
180218, 9784164
180218, 9785202
180218, 9785595
180218, 9787156
180218, 9787929
180218, 9788988
180218, 9789937
180218, 9790637
180218, 9791519
180218, 9792658
