# Actual number of control cameras to place = 60
174839, 9781880
174839, 9782929
174839, 9784193
174839, 9784552
174839, 9785546
174839, 9786874
174839, 9787876
174839, 9789024
174839, 9789400
174839, 9790773
174839, 9791489
174839, 9792685
175406, 9781880
175406, 9782929
175406, 9784193
175406, 9784552
175406, 9785546
175406, 9786874
175406, 9787876
175406, 9789024
175406, 9789400
175406, 9790773
175406, 9791489
175406, 9792685
177239, 9781880
177239, 9782929
177239, 9784193
177239, 9784552
177239, 9785546
177239, 9786874
177239, 9787876
177239, 9789024
177239, 9789400
177239, 9790773
177239, 9791489
177239, 9792685
178060, 9781880
178060, 9782929
178060, 9784193
178060, 9784552
178060, 9785546
178060, 9786874
178060, 9787876
178060, 9789024
178060, 9789400
178060, 9790773
178060, 9791489
178060, 9792685
180002, 9781880
180002, 9782929
180002, 9784193
180002, 9784552
180002, 9785546
180002, 9786874
180002, 9787876
180002, 9789024
180002, 9789400
180002, 9790773
180002, 9791489
180002, 9792685
