# Actual number of control cameras to place = 48
175207, 9781710
175207, 9782637
175207, 9784252
175207, 9784604
175207, 9785921
175207, 9786817
175207, 9787979
175207, 9788595
175207, 9790101
175207, 9790374
175207, 9791750
175207, 9792940
176255, 9781710
176255, 9782637
176255, 9784252
176255, 9784604
176255, 9785921
176255, 9786817
176255, 9787979
176255, 9788595
176255, 9790101
176255, 9790374
176255, 9791750
176255, 9792940
178541, 9781710
178541, 9782637
178541, 9784252
178541, 9784604
178541, 9785921
178541, 9786817
178541, 9787979
178541, 9788595
178541, 9790101
178541, 9790374
178541, 9791750
178541, 9792940
180477, 9781710
180477, 9782637
180477, 9784252
180477, 9784604
180477, 9785921
180477, 9786817
180477, 9787979
180477, 9788595
180477, 9790101
180477, 9790374
180477, 9791750
180477, 9792940
