# Actual number of control cameras to place = 48
174290, 9781606
174290, 9783287
174290, 9784193
174290, 9784826
174290, 9786190
174290, 9786934
174290, 9787689
174290, 9789060
174290, 9789883
174290, 9790341
174290, 9791838
174290, 9792711
177116, 9781606
177116, 9783287
177116, 9784193
177116, 9784826
177116, 9786190
177116, 9786934
177116, 9787689
177116, 9789060
177116, 9789883
177116, 9790341
177116, 9791838
177116, 9792711
178332, 9781606
178332, 9783287
178332, 9784193
178332, 9784826
178332, 9786190
178332, 9786934
178332, 9787689
178332, 9789060
178332, 9789883
178332, 9790341
178332, 9791838
178332, 9792711
179701, 9781606
179701, 9783287
179701, 9784193
179701, 9784826
179701, 9786190
179701, 9786934
179701, 9787689
179701, 9789060
179701, 9789883
179701, 9790341
179701, 9791838
179701, 9792711
