# Actual number of control cameras to place = 48
174477, 9782162
174477, 9783213
174477, 9783835
174477, 9785102
174477, 9785951
174477, 9786911
174477, 9788182
174477, 9788808
174477, 9789526
174477, 9790403
174477, 9791995
174477, 9792345
176048, 9782162
176048, 9783213
176048, 9783835
176048, 9785102
176048, 9785951
176048, 9786911
176048, 9788182
176048, 9788808
176048, 9789526
176048, 9790403
176048, 9791995
176048, 9792345
177488, 9782162
177488, 9783213
177488, 9783835
177488, 9785102
177488, 9785951
177488, 9786911
177488, 9788182
177488, 9788808
177488, 9789526
177488, 9790403
177488, 9791995
177488, 9792345
180321, 9782162
180321, 9783213
180321, 9783835
180321, 9785102
180321, 9785951
180321, 9786911
180321, 9788182
180321, 9788808
180321, 9789526
180321, 9790403
180321, 9791995
180321, 9792345
