# Number of control cameras to place = 50 (includes 50 opportunistic sightings + 0 placed randomly)
179023, 9783208
176480, 9782761
178524, 9785435
177501, 9781893
175145, 9784037
175128, 9783480
176501, 9787105
178410, 9790460
174343, 9785057
174895, 9788450
180166, 9781979
178032, 9783011
177503, 9787086
174563, 9789132
176172, 9786156
177537, 9784233
176023, 9787947
175091, 9789579
176145, 9791348
178483, 9791507
175747, 9792331
175763, 9787344
179167, 9787752
179969, 9782732
180126, 9788996
178340, 9792468
178884, 9784165
175189, 9790746
178923, 9791485
179181, 9788171
179240, 9785406
178864, 9789467
179191, 9783541
176324, 9788721
178517, 9784502
175326, 9781697
179712, 9789758
178335, 9786397
177918, 9788363
177393, 9782598
174916, 9787418
178969, 9782094
175559, 9791496
174079, 9783364
175001, 9786494
178273, 9782634
177917, 9784302
175182, 9792173
175407, 9791573
179036, 9788800
