# Number of control cameras to place = 50 (includes 50 opportunistic sightings + 0 placed randomly)
189134, 9783385
185738, 9791654
189974, 9793913
185523, 9798642
182833, 9798430
185937, 9796098
178486, 9784761
190092, 9787280
183265, 9797231
181064, 9787756
183264, 9784829
189349, 9793409
187783, 9790400
187400, 9798645
186910, 9793642
190568, 9785474
187571, 9782296
178684, 9782106
182788, 9788946
189087, 9782738
178231, 9798685
187891, 9791999
185215, 9786848
189030, 9789401
188309, 9796190
183171, 9797171
187096, 9792585
180240, 9795464
186142, 9791997
181883, 9796681
182387, 9795140
182264, 9797120
184069, 9797196
190218, 9797176
182023, 9790819
180539, 9784844
189558, 9793284
189744, 9798519
179350, 9793274
177860, 9796245
178105, 9786320
179417, 9791000
182060, 9798033
185900, 9798894
178431, 9785273
184507, 9792014
182206, 9784667
180321, 9784991
180333, 9791596
178383, 9794482
