# Number of control cameras to place = 50 (includes 50 opportunistic sightings + 0 placed randomly)
186171, 9790370
177880, 9795572
185454, 9786505
180471, 9782305
186048, 9786555
177994, 9792909
190574, 9787933
179201, 9796908
177967, 9797668
189864, 9783809
187932, 9789626
181189, 9788858
178586, 9793927
187494, 9783979
185700, 9783523
179692, 9792516
182901, 9797678
183538, 9795194
182021, 9787834
187934, 9792269
180562, 9789200
186009, 9798029
179888, 9787483
181239, 9792576
183070, 9796760
177738, 9797715
178353, 9785630
187199, 9782460
182631, 9783096
186031, 9789699
184773, 9786258
182482, 9794865
186465, 9782902
179865, 9786357
183432, 9791164
179729, 9797242
183531, 9782330
189927, 9795728
181191, 9794754
183152, 9783045
187849, 9787275
181370, 9782758
189995, 9793994
178922, 9793075
188149, 9787552
187658, 9799141
185377, 9798696
179986, 9789454
183890, 9783589
188740, 9787500
