# Number of control cameras to place = 54 (includes 54 opportunistic sightings + 0 placed randomly)
177774, 9785596
175587, 9783772
175290, 9784461
175854, 9791011
176235, 9783765
175096, 9781639
175268, 9784831
177614, 9783968
178030, 9786636
177287, 9787254
179014, 9786328
176013, 9791418
178847, 9792836
174305, 9790086
179367, 9788591
178677, 9792880
177476, 9792562
178333, 9783062
178248, 9790141
176548, 9782925
179393, 9792624
180231, 9790009
174892, 9784664
179776, 9791919
177754, 9786432
179555, 9784434
179662, 9789070
179503, 9790552
175585, 9792370
176234, 9785910
178071, 9782633
178528, 9782493
174876, 9784968
176750, 9792548
175958, 9790485
174787, 9791015
178084, 9785197
176120, 9792385
178136, 9784449
179122, 9785866
177786, 9786196
175861, 9789106
176086, 9784984
178778, 9787325
176505, 9792468
176775, 9789570
180148, 9789362
179975, 9792548
179427, 9785089
174270, 9788478
176074, 9791073
178203, 9783978
178009, 9786287
177899, 9786574
