# Number of control cameras to place = 50 (includes 50 opportunistic sightings + 0 placed randomly)
180236, 9784371
176653, 9781855
177493, 9785662
178564, 9787667
174416, 9785539
178875, 9790557
180438, 9788253
177977, 9792822
179738, 9790425
178606, 9788616
178325, 9791157
175264, 9789587
176612, 9783017
176212, 9790272
175562, 9787222
177689, 9783640
174750, 9786321
176251, 9785122
175920, 9786561
174945, 9789652
177317, 9788498
177446, 9784856
174943, 9782819
179175, 9785328
176579, 9789128
176315, 9789106
180054, 9787253
178691, 9790617
179475, 9785114
179780, 9783526
176258, 9792560
177652, 9791962
176295, 9789746
174521, 9792230
178608, 9784321
178948, 9787313
180039, 9790365
177183, 9792422
175964, 9787980
179621, 9788341
177347, 9785532
177899, 9792085
176309, 9785587
177743, 9783105
176385, 9783620
177751, 9792375
179111, 9784955
176435, 9785836
179107, 9790805
179475, 9787546
