# Number of control cameras to place = 50 (includes 50 opportunistic sightings + 0 placed randomly)
188390, 9798100
178928, 9795597
189138, 9782594
180081, 9788219
182688, 9782427
189673, 9793156
180621, 9798294
182102, 9784122
183507, 9784640
185651, 9798548
190266, 9786890
178886, 9795237
184171, 9796524
179727, 9796811
182623, 9787966
185715, 9792140
181454, 9787950
178701, 9790318
189623, 9788763
188597, 9791418
182433, 9788866
178788, 9793816
177738, 9791437
187719, 9792372
187163, 9792691
183992, 9791175
179475, 9795597
183544, 9794408
185164, 9793267
182765, 9783771
184643, 9785863
188756, 9786322
178210, 9786238
180955, 9787740
190673, 9784982
178794, 9797881
184116, 9790939
188319, 9794173
178324, 9794782
186357, 9783076
179426, 9784333
187081, 9791013
183905, 9796916
177778, 9795948
184380, 9791201
185883, 9784328
179557, 9794641
189309, 9787905
183799, 9790856
190277, 9795064
