# Number of control cameras to place = 50 (includes 50 opportunistic sightings + 0 placed randomly)
190159, 9784115
179629, 9798381
179483, 9783979
188079, 9798341
187284, 9792438
189451, 9797177
182176, 9798394
184843, 9797464
182939, 9789125
178752, 9795758
189178, 9789281
188042, 9794483
183568, 9795845
179340, 9786938
179691, 9791209
178289, 9798034
186564, 9794009
187041, 9797633
182356, 9790212
188397, 9787059
190045, 9792177
178168, 9791271
182361, 9788477
183796, 9794967
185097, 9798770
184634, 9798990
190416, 9783382
184746, 9785234
184438, 9791356
179847, 9786547
178891, 9798653
178836, 9787993
183938, 9795769
188727, 9782137
187196, 9783411
180638, 9783047
179273, 9785769
187990, 9791865
187089, 9793030
184979, 9798445
181992, 9795630
185233, 9783904
181459, 9790671
187999, 9793272
179064, 9793959
180330, 9796563
182777, 9788448
190599, 9796516
178756, 9792181
184495, 9789030
