# Number of control cameras to place = 50 (includes 50 opportunistic sightings + 0 placed randomly)
186323, 9789234
183373, 9786585
183435, 9795763
188735, 9789007
180295, 9796242
178421, 9788690
185030, 9793939
189659, 9787575
189747, 9788480
181235, 9786679
186989, 9783139
184157, 9798481
185187, 9795059
190208, 9797802
183464, 9787206
186198, 9785360
178366, 9788815
180409, 9793078
183121, 9793142
181332, 9797367
188687, 9794978
182683, 9789777
189474, 9791760
180598, 9793635
188722, 9784784
190688, 9793817
185513, 9790160
187577, 9786321
182791, 9782446
189264, 9784491
178998, 9783012
186552, 9792706
183504, 9786832
185411, 9790387
180612, 9794342
179977, 9782837
184383, 9794761
185800, 9792946
186913, 9788569
189893, 9792132
178203, 9782690
189878, 9792264
181569, 9788296
183591, 9795953
183495, 9782159
188168, 9797829
188006, 9788452
184328, 9792411
179618, 9796601
181429, 9798063
