# Number of control cameras to place = 50 (includes 50 opportunistic sightings + 0 placed randomly)
187792, 9795839
186374, 9783550
182004, 9783002
187421, 9791327
188388, 9795606
177920, 9794148
181127, 9797551
178319, 9783401
189535, 9793433
179914, 9784822
187851, 9794056
190638, 9799093
182037, 9793028
184780, 9790612
181923, 9793824
178243, 9786695
180713, 9795877
187509, 9787498
181207, 9787567
179088, 9795959
185183, 9795905
182917, 9783923
181512, 9795906
181944, 9796503
182119, 9787567
188335, 9797037
178203, 9789060
178390, 9794815
185573, 9790937
182123, 9783134
186299, 9796353
184668, 9786608
178590, 9795687
182049, 9784379
179528, 9788545
185480, 9789836
182825, 9782588
187265, 9785695
182582, 9790320
179260, 9787831
185652, 9794144
190095, 9783715
189844, 9793953
186104, 9794517
190086, 9784031
188854, 9782284
185873, 9792999
178410, 9784060
190242, 9791680
188825, 9798328
