# Number of control cameras to place = 50 (includes 0 opportunistic sightings + 50 placed randomly)
185859, 9788466
187219, 9784388
185902, 9784717
185259, 9789924
184109, 9787514
181955, 9791766
182066, 9798532
180493, 9797290
184873, 9793109
179559, 9788256
178363, 9791617
183089, 9795862
187891, 9790620
179096, 9791125
179225, 9786514
188148, 9783218
182568, 9786884
181177, 9783815
181856, 9786617
189018, 9786618
180278, 9789219
180638, 9792887
188230, 9794031
187737, 9793980
187304, 9798784
190086, 9788937
179929, 9796695
178420, 9794560
189021, 9794608
178769, 9791854
183894, 9791586
180714, 9792408
190573, 9794216
186519, 9783387
182214, 9799247
184367, 9795533
183765, 9790932
190525, 9795477
190364, 9795501
179434, 9782546
183333, 9793104
187033, 9791659
183923, 9783994
188403, 9791458
186484, 9784255
182842, 9797736
181647, 9793165
189702, 9782406
182639, 9796627
189424, 9782263
