# Number of control cameras to place = 54 (includes 1 opportunistic sightings + 53 placed randomly)
177981, 9783015
180117, 9786060
176972, 9790534
180141, 9782467
179359, 9790711
177471, 9789421
179890, 9782466
177821, 9787674
175260, 9786953
177438, 9782560
175142, 9786561
176573, 9791699
175959, 9782883
175064, 9786828
176798, 9788025
176308, 9792938
178337, 9783560
176071, 9781773
176563, 9787415
176200, 9788141
174253, 9782521
174655, 9791965
176723, 9789829
176818, 9788912
176763, 9781973
175488, 9784986
177958, 9783568
174672, 9786715
176678, 9785393
177671, 9786740
177312, 9789180
178855, 9790445
175271, 9784643
176229, 9783671
177516, 9782100
176796, 9782183
174260, 9791041
178550, 9793011
179892, 9784104
178373, 9792362
174644, 9783026
177192, 9787926
175664, 9790097
178016, 9789928
178727, 9789765
178026, 9790494
178493, 9784346
174908, 9788944
180455, 9785430
179532, 9782747
176530, 9785320
174408, 9782543
179684, 9792021
174143, 9784494
