# Number of control cameras to place = 50 (includes 13 opportunistic sightings + 37 placed randomly)
177466, 9784733
176593, 9784570
176144, 9784944
175822, 9786935
174890, 9786384
177861, 9783100
178133, 9782790
178615, 9787438
177493, 9783782
175376, 9787323
176030, 9785679
177253, 9784909
175376, 9787323
177196, 9786156
180173, 9783606
176418, 9790848
180341, 9789010
175445, 9782119
176245, 9788905
175196, 9791179
178237, 9784508
178665, 9790309
178720, 9787180
178816, 9784632
176731, 9785398
180437, 9782323
179747, 9787557
179192, 9789471
177155, 9789420
178843, 9791107
179098, 9787015
179786, 9787696
179971, 9787360
177529, 9791108
174296, 9788934
177962, 9786638
179868, 9792868
177737, 9789733
179206, 9785804
174568, 9790856
176499, 9788228
174406, 9783108
180235, 9789600
179048, 9785227
177510, 9788669
177621, 9781672
177236, 9786757
178082, 9790856
176570, 9788486
176876, 9792061
