# Number of control cameras to place = 50 (includes 8 opportunistic sightings + 42 placed randomly)
177794, 9787148
178579, 9787662
179138, 9787679
178857, 9787676
179910, 9785277
179976, 9785411
179443, 9787523
179306, 9787523
180123, 9790605
180997, 9789089
181273, 9783153
190626, 9798050
177780, 9790658
190420, 9784361
184034, 9794403
189296, 9788864
184321, 9796392
186067, 9788663
182128, 9783303
184048, 9795723
180187, 9797878
185748, 9795974
184393, 9797252
182262, 9790353
178557, 9794576
178780, 9789496
184125, 9793394
182654, 9784057
178264, 9791778
179180, 9789614
187686, 9798538
188177, 9797837
187834, 9795979
186719, 9792020
189444, 9782825
188570, 9791058
185242, 9791036
183032, 9797356
178887, 9784236
186119, 9792053
190111, 9783834
178091, 9786038
186306, 9788922
185496, 9784943
183134, 9795326
181124, 9788461
184655, 9788301
189918, 9789432
181943, 9787580
187698, 9783110
