# Number of control cameras to place = 50 (includes 0 opportunistic sightings + 50 placed randomly)
177868, 9794624
180815, 9798336
189399, 9794841
188747, 9785649
177906, 9786576
181116, 9795917
180195, 9795000
182691, 9788491
190646, 9787749
185914, 9790185
186498, 9787921
181274, 9786013
183820, 9795394
182771, 9796413
186920, 9788986
186850, 9789551
189779, 9794648
190235, 9789710
186206, 9786546
187412, 9792428
181404, 9795673
177944, 9790508
189197, 9796154
184293, 9797740
183942, 9789661
188699, 9782317
179506, 9786072
179938, 9789724
190455, 9794232
180622, 9783677
186315, 9788378
187825, 9797055
178243, 9782537
189815, 9784580
184442, 9786674
182799, 9783660
185472, 9784917
183199, 9792280
190096, 9784307
182023, 9787161
179463, 9786721
189638, 9788966
185716, 9787745
181253, 9783963
184822, 9788957
184296, 9793452
185373, 9789632
184155, 9784677
183142, 9793742
183860, 9782528
