# Number of control cameras to place = 50 (includes 17 opportunistic sightings + 33 placed randomly)
179248, 9782654
178475, 9783442
178402, 9785027
179051, 9782307
178990, 9784790
179244, 9782655
177956, 9784934
179244, 9782655
178475, 9783442
179468, 9784578
178552, 9782557
178477, 9783384
178475, 9783442
178696, 9782507
178698, 9782507
178905, 9782291
178475, 9783442
179016, 9795744
187653, 9798892
184905, 9797301
178860, 9791474
180875, 9794711
178555, 9792919
180349, 9782372
179901, 9783040
183978, 9796309
187816, 9782263
185303, 9783327
188958, 9787903
180810, 9785520
186120, 9791679
183877, 9787336
189350, 9791559
183027, 9798124
189831, 9796604
188297, 9798074
179715, 9794015
188646, 9793621
180559, 9793013
183512, 9798889
189523, 9789950
189030, 9789874
180928, 9791939
187602, 9789620
183251, 9793232
180408, 9790009
180467, 9784861
188359, 9791210
182497, 9794048
184341, 9786264
