# Number of control cameras to place = 54 (includes 5 opportunistic sightings + 49 placed randomly)
178320, 9782737
178678, 9782602
178311, 9782756
176196, 9784533
177437, 9783193
178765, 9789993
176485, 9787198
176781, 9786744
177806, 9782504
177836, 9785208
178043, 9783433
179666, 9785218
179825, 9789508
179428, 9785692
177482, 9786528
179816, 9788164
178119, 9785537
177206, 9791697
179264, 9791693
178677, 9785136
175047, 9790213
179657, 9782718
177004, 9789695
174494, 9782474
178856, 9792305
174794, 9792549
179897, 9784488
176682, 9791228
175891, 9784863
177073, 9792853
180294, 9787745
177383, 9783941
178894, 9791398
178304, 9781699
174429, 9782163
178525, 9788389
180187, 9783164
174435, 9786173
174668, 9786909
174421, 9789591
178101, 9783070
174560, 9791266
175988, 9790868
177142, 9784765
179556, 9792981
179955, 9787188
174497, 9784145
180133, 9790504
176566, 9792934
178333, 9786536
177694, 9792911
174552, 9786663
177543, 9786660
174969, 9783311
