# Number of control cameras to place = 50 (includes 6 opportunistic sightings + 44 placed randomly)
174916, 9787554
175903, 9786036
177036, 9787881
175877, 9786233
174917, 9787534
174917, 9787534
179087, 9782797
179435, 9787879
176216, 9790358
176315, 9782755
174983, 9785274
174868, 9792831
179748, 9782097
177544, 9783435
174048, 9782404
174833, 9782829
177143, 9782352
177573, 9790023
175695, 9789339
178385, 9788017
176053, 9783720
174644, 9787624
178818, 9787802
179563, 9782231
174957, 9781845
175568, 9786695
174992, 9788452
175114, 9784346
176283, 9789788
176337, 9788690
176367, 9783799
174890, 9792301
177998, 9782675
179225, 9781634
178040, 9782947
174895, 9789618
177348, 9788234
179684, 9788158
179475, 9786821
177080, 9785013
175970, 9782723
177153, 9788584
179410, 9789310
176572, 9790222
177114, 9791327
176227, 9792105
175266, 9789109
175034, 9783040
179332, 9788186
176104, 9787038
