# Actual number of control cameras to place = 45
179801, 9783672
179801, 9784257
179801, 9787097
179801, 9789150
179801, 9790069
179801, 9791972
179801, 9795376
179801, 9796805
179801, 9798572
182666, 9783672
182666, 9784257
182666, 9787097
182666, 9789150
182666, 9790069
182666, 9791972
182666, 9795376
182666, 9796805
182666, 9798572
183897, 9783672
183897, 9784257
183897, 9787097
183897, 9789150
183897, 9790069
183897, 9791972
183897, 9795376
183897, 9796805
183897, 9798572
185769, 9783672
185769, 9784257
185769, 9787097
185769, 9789150
185769, 9790069
185769, 9791972
185769, 9795376
185769, 9796805
185769, 9798572
190307, 9783672
190307, 9784257
190307, 9787097
190307, 9789150
190307, 9790069
190307, 9791972
190307, 9795376
190307, 9796805
190307, 9798572
