# Actual number of control cameras to place = 50
178673, 9783293
178673, 9783904
178673, 9785749
178673, 9788619
178673, 9790431
178673, 9791396
178673, 9793584
178673, 9795702
178673, 9796161
178673, 9798482
181894, 9783293
181894, 9783904
181894, 9785749
181894, 9788619
181894, 9790431
181894, 9791396
181894, 9793584
181894, 9795702
181894, 9796161
181894, 9798482
183743, 9783293
183743, 9783904
183743, 9785749
183743, 9788619
183743, 9790431
183743, 9791396
183743, 9793584
183743, 9795702
183743, 9796161
183743, 9798482
186934, 9783293
186934, 9783904
186934, 9785749
186934, 9788619
186934, 9790431
186934, 9791396
186934, 9793584
186934, 9795702
186934, 9796161
186934, 9798482
189867, 9783293
189867, 9783904
189867, 9785749
189867, 9788619
189867, 9790431
189867, 9791396
189867, 9793584
189867, 9795702
189867, 9796161
189867, 9798482
