# Number of control cameras to place = 50 (includes 50 opportunistic sightings + 0 placed randomly)
178685, 9799118
185006, 9791150
189334, 9789390
185305, 9787828
185959, 9789964
184717, 9794750
181077, 9793141
183651, 9798308
189824, 9785894
180466, 9790654
181887, 9788387
178313, 9791930
179416, 9787626
182052, 9790312
186496, 9786654
185685, 9790253
179190, 9785756
190346, 9792767
187332, 9783288
190113, 9798157
179502, 9790254
182698, 9795044
190472, 9790296
179514, 9798881
177990, 9789874
183908, 9796545
183653, 9782941
179354, 9789621
178548, 9796291
188501, 9795622
186527, 9787983
188432, 9782789
184195, 9789661
189952, 9789715
189769, 9798133
186479, 9790639
182029, 9785310
178455, 9783092
185412, 9788668
189995, 9788349
183962, 9785741
187312, 9786815
178737, 9784518
186485, 9785531
186001, 9791045
178095, 9797174
189199, 9798668
186897, 9788482
178470, 9797584
180037, 9790106
