# Number of control cameras to place = 54 (includes 0 opportunistic sightings + 54 placed randomly)
186444, 9788835
179851, 9795801
179415, 9795955
185914, 9793887
178053, 9798425
179401, 9797179
186983, 9793617
190501, 9787528
181293, 9796487
184892, 9785353
186433, 9794402
178429, 9787830
183936, 9797515
177869, 9783189
184478, 9798698
185884, 9794156
189763, 9788033
190045, 9787074
190515, 9788524
181792, 9795995
184450, 9783231
186068, 9783752
180905, 9786979
184512, 9797665
179770, 9783397
185396, 9786612
179919, 9789489
177903, 9785573
185652, 9785852
179845, 9798691
178516, 9786872
186481, 9794640
184671, 9790834
179280, 9796675
183097, 9793819
180694, 9793497
185998, 9786765
184769, 9783801
184326, 9794495
182276, 9782544
177956, 9791196
179306, 9792726
187285, 9795320
180870, 9784215
190214, 9794390
180320, 9784671
190438, 9799060
189689, 9785662
180828, 9784790
184357, 9788527
183286, 9796872
182385, 9793105
185235, 9790144
179159, 9786278
