# Number of control cameras to place = 54 (includes 4 opportunistic sightings + 50 placed randomly)
185367, 9791617
183773, 9790521
185363, 9791683
185374, 9791679
186362, 9782739
188652, 9783775
182970, 9798051
181370, 9795635
187508, 9789146
185395, 9793341
182515, 9790807
187243, 9793222
187504, 9782848
178323, 9790847
185138, 9792532
182946, 9785592
189495, 9791218
178882, 9783640
184578, 9793703
187345, 9783217
190213, 9787363
183939, 9794110
178190, 9795715
189133, 9792056
180171, 9790780
180641, 9783754
184841, 9783792
180631, 9784385
184598, 9788628
180342, 9785882
182258, 9795761
178454, 9786945
188674, 9787332
178788, 9791468
187850, 9797456
188394, 9797106
181015, 9788912
185169, 9789501
183401, 9786699
182902, 9786298
189341, 9793725
185251, 9787391
180020, 9792801
179839, 9790796
181304, 9785968
189360, 9798204
188334, 9788763
179926, 9797715
181615, 9794655
184965, 9783738
179469, 9782144
189358, 9785998
189714, 9786189
179236, 9784000
