# Number of control cameras to place = 54 (includes 2 opportunistic sightings + 52 placed randomly)
185357, 9792096
185378, 9791656
185776, 9796149
181079, 9788501
187086, 9791138
187696, 9787430
179679, 9782785
187325, 9784577
188243, 9796816
183926, 9783296
179100, 9798072
182142, 9795860
186375, 9788589
180259, 9795121
185469, 9798646
188070, 9798113
180762, 9784076
185979, 9788180
185865, 9795666
188103, 9785929
188212, 9793158
188693, 9784292
183762, 9796416
186350, 9789635
182559, 9786575
181491, 9793937
189517, 9783614
180811, 9789264
190649, 9797597
181101, 9783410
179042, 9789994
186106, 9793500
186033, 9783999
181390, 9797483
182639, 9793192
190471, 9787154
185104, 9791523
186394, 9798651
184238, 9789102
181937, 9798891
180606, 9790447
187511, 9782826
189594, 9790259
180404, 9792239
187721, 9793910
188219, 9784069
179402, 9786134
188586, 9782278
178926, 9783417
179746, 9794848
185481, 9789573
185864, 9799036
184209, 9790475
182028, 9789027
