# Number of control cameras to place = 54 (includes 54 opportunistic sightings + 0 placed randomly)
176754, 9787443
177065, 9785222
174513, 9785984
179318, 9779841
176300, 9785533
177944, 9781308
171844, 9781909
177523, 9779264
176880, 9781938
171640, 9781561
179489, 9775903
179689, 9782477
173045, 9791247
179419, 9776635
175599, 9782380
172561, 9783589
175339, 9791278
171613, 9787905
174416, 9781993
179990, 9790332
179699, 9791634
171894, 9790083
178564, 9777833
173788, 9791416
173448, 9785739
172232, 9791357
175338, 9777485
178011, 9783800
176339, 9786968
173979, 9778927
174984, 9790344
171057, 9776911
175260, 9791944
175734, 9792450
180283, 9789060
173566, 9781552
172860, 9792070
176039, 9785192
178471, 9775542
173241, 9785736
178864, 9782065
172393, 9783652
171370, 9778560
171990, 9781752
173653, 9784248
172503, 9786603
175473, 9785303
172224, 9778217
176262, 9778056
171021, 9778300
174533, 9788036
172045, 9779374
178642, 9783791
178910, 9780140
