# Number of control cameras to place = 54 (includes 54 opportunistic sightings + 0 placed randomly)
179530, 9781441
179503, 9783305
179384, 9784313
178595, 9784797
178269, 9779830
178705, 9782443
172470, 9782126
177545, 9789957
173098, 9789691
174310, 9780471
179230, 9791321
175883, 9788573
177117, 9781992
171328, 9792524
172817, 9775550
177196, 9786466
175938, 9776189
176547, 9786208
171896, 9778240
172188, 9781466
178166, 9781956
174053, 9776418
172098, 9784781
178481, 9783639
171531, 9788109
172098, 9790891
173675, 9780711
174161, 9784571
179501, 9790643
178600, 9779566
173123, 9783285
171192, 9777052
171824, 9777381
172679, 9790909
171590, 9778699
180392, 9784223
176476, 9787213
175180, 9785677
173709, 9782855
177798, 9783536
179966, 9787601
175109, 9784058
174076, 9781215
175653, 9781648
174263, 9780035
179746, 9776637
176724, 9791888
179746, 9785997
172782, 9775771
180178, 9791155
172387, 9790578
174407, 9783202
177659, 9786652
180211, 9775548
