# Number of control cameras to place = 54 (includes 54 opportunistic sightings + 0 placed randomly)
180399, 9776901
176674, 9781576
176702, 9779304
179426, 9786834
175871, 9780846
171839, 9787331
178034, 9790482
178414, 9784235
178533, 9790575
173458, 9790725
170984, 9789278
179201, 9792455
178434, 9779901
175595, 9775386
180002, 9781043
171573, 9783035
174466, 9776799
172881, 9792221
172605, 9788009
176839, 9782742
171090, 9788794
170928, 9782126
173510, 9785620
176399, 9789532
179878, 9783695
171453, 9784437
175027, 9784515
172094, 9787530
171363, 9781577
173547, 9792188
175716, 9785131
175462, 9781374
179262, 9790499
177891, 9778833
172370, 9786960
174709, 9791992
179816, 9782099
179438, 9790013
177558, 9792886
171962, 9787922
175359, 9787329
176509, 9785249
174696, 9783935
174504, 9781860
179712, 9791112
176494, 9787706
172058, 9784796
174511, 9787878
176734, 9779021
178773, 9781636
174355, 9783510
174393, 9776333
175153, 9777956
172533, 9790798
