# Number of control cameras to place = 54 (includes 54 opportunistic sightings + 0 placed randomly)
177853, 9781724
174856, 9779670
178283, 9777221
177242, 9788206
177689, 9777820
176788, 9781947
172444, 9784458
175811, 9792777
178029, 9776378
179185, 9785630
176228, 9785184
172078, 9777626
173703, 9776755
172441, 9784789
173274, 9784541
176816, 9788826
171737, 9778369
177853, 9792522
176049, 9782889
179328, 9784882
174407, 9782411
171499, 9778791
175291, 9784126
178066, 9778469
172771, 9790298
179073, 9786356
179998, 9785682
180435, 9782448
171711, 9777353
174617, 9786771
173811, 9786258
179471, 9781803
176097, 9788952
179514, 9791875
178084, 9779104
180198, 9787113
173190, 9784205
175020, 9790172
173331, 9789926
176925, 9792334
171406, 9783430
174920, 9780605
173027, 9780164
171548, 9783537
179252, 9780806
176492, 9782837
178265, 9792616
178744, 9779186
180007, 9789804
172037, 9775472
176523, 9788164
172412, 9778189
175960, 9781176
180287, 9792161
