# Number of control cameras to place = 50 (includes 2 opportunistic sightings + 48 placed randomly)
177878, 9785925
178115, 9786216
178273, 9789217
178943, 9785290
186180, 9789632
189867, 9794157
178695, 9784417
186445, 9785172
186809, 9788302
188828, 9790123
181465, 9796884
183306, 9782907
187878, 9792976
190484, 9791964
187002, 9787942
186876, 9792072
189276, 9798263
184865, 9783448
181880, 9791188
188400, 9794421
182369, 9796312
178084, 9789965
182265, 9789926
187263, 9789790
185074, 9783481
177910, 9796999
189603, 9796728
186521, 9789986
182845, 9783862
183466, 9798593
184063, 9789290
188377, 9785358
190058, 9797768
182110, 9789987
188756, 9793399
185791, 9798230
187777, 9788590
185765, 9782129
189988, 9786063
187441, 9797002
188233, 9798016
189973, 9796190
179080, 9785260
182108, 9796680
188454, 9792614
185326, 9797835
180334, 9789971
187621, 9797593
178049, 9793638
183744, 9783650
