# Number of control cameras to place = 54 (includes 6 opportunistic sightings + 48 placed randomly)
172204, 9784739
176085, 9785880
172042, 9783479
177972, 9782649
176951, 9785098
171817, 9783371
174982, 9789375
174936, 9786335
176999, 9778762
176280, 9787269
173529, 9777959
180128, 9792958
171633, 9778199
178723, 9779219
178315, 9792402
172633, 9783149
180214, 9776901
173516, 9780628
175523, 9781854
180390, 9777727
176593, 9783195
179570, 9779697
177911, 9786617
179958, 9775315
175722, 9786696
171487, 9775854
173010, 9791829
171891, 9791517
180418, 9791374
172236, 9785066
179256, 9784215
172297, 9791211
172793, 9791418
177396, 9786664
174106, 9785244
175225, 9782516
172471, 9783436
174001, 9785911
172820, 9783613
178984, 9775562
173772, 9779007
174065, 9788033
177667, 9783622
180361, 9784503
172577, 9778039
177103, 9785094
180231, 9791879
175801, 9792693
179264, 9791922
175704, 9780112
174134, 9785507
172012, 9786755
171316, 9782163
172257, 9786126
