# Number of control cameras to place = 54 (includes 5 opportunistic sightings + 49 placed randomly)
173570, 9778763
171106, 9782218
171106, 9782218
175130, 9786827
171383, 9782184
175889, 9792608
178307, 9776484
176462, 9790646
177339, 9781693
177378, 9784932
178669, 9782273
176808, 9784990
172776, 9791059
178870, 9792299
176635, 9792522
179083, 9789196
173114, 9791656
174445, 9784963
172893, 9775542
176664, 9785659
172767, 9781550
175305, 9791294
170899, 9791632
175496, 9783605
176846, 9784755
178411, 9791345
171757, 9784615
170954, 9786308
177744, 9776385
178225, 9776697
175921, 9783200
173513, 9786710
177137, 9775338
176334, 9792675
179949, 9789229
179822, 9777224
174210, 9791493
178597, 9789082
175776, 9775817
177995, 9792255
173062, 9792552
171496, 9782954
173895, 9775947
172543, 9775709
172820, 9778409
174369, 9787685
172675, 9782569
180443, 9788214
174195, 9781355
180148, 9776846
178878, 9790562
173841, 9778789
172113, 9790100
177264, 9788818
