# Number of control cameras to place = 50 (includes 3 opportunistic sightings + 47 placed randomly)
178105, 9789505
178127, 9789477
178124, 9789477
187992, 9787678
187872, 9786630
183275, 9797331
184818, 9796853
186004, 9796069
188724, 9795137
180713, 9795148
184431, 9784520
181738, 9782256
189773, 9796009
188114, 9783872
179721, 9794944
179317, 9798516
188433, 9793114
184018, 9788933
180358, 9788650
179776, 9797921
187096, 9787191
184690, 9795898
180274, 9793100
181796, 9788512
184154, 9797713
183470, 9785676
187790, 9789620
181429, 9794504
186889, 9793795
179278, 9790440
180682, 9796782
189472, 9794461
179390, 9786511
187135, 9791783
178639, 9795820
182435, 9787908
179394, 9798830
180165, 9785933
188867, 9796733
190556, 9794993
183888, 9785912
183376, 9788572
184559, 9794254
181841, 9783465
178864, 9797477
181983, 9791544
187176, 9786442
177748, 9793059
187149, 9794792
188848, 9788395
