# Number of control cameras to place = 50 (includes 6 opportunistic sightings + 44 placed randomly)
175616, 9782928
176122, 9782226
177710, 9775449
177888, 9782556
175705, 9783182
177864, 9777219
178600, 9776005
178253, 9778113
178208, 9784720
180178, 9781639
178485, 9785836
171417, 9779447
172668, 9786291
179205, 9775649
176104, 9780891
177609, 9790151
175430, 9790826
172353, 9779481
178122, 9793008
178534, 9779105
171367, 9782679
172527, 9779781
179011, 9778856
174966, 9788104
179942, 9776387
176042, 9791685
176235, 9783366
180414, 9788327
179091, 9776266
179307, 9787119
171208, 9782738
171622, 9790834
180419, 9781228
179172, 9792136
171217, 9791929
172147, 9788525
172062, 9778189
178449, 9781894
179845, 9788071
177888, 9776776
177308, 9788449
180283, 9788511
178905, 9776749
171919, 9789685
171537, 9783245
177367, 9781410
171387, 9789731
177085, 9790589
172527, 9778556
179946, 9775455
