# Actual number of control cameras to place = 50
180120, 9782256
180120, 9784038
180120, 9786809
180120, 9788028
180120, 9789675
180120, 9791435
180120, 9793184
180120, 9795254
180120, 9797134
180120, 9798366
181979, 9782256
181979, 9784038
181979, 9786809
181979, 9788028
181979, 9789675
181979, 9791435
181979, 9793184
181979, 9795254
181979, 9797134
181979, 9798366
183025, 9782256
183025, 9784038
183025, 9786809
183025, 9788028
183025, 9789675
183025, 9791435
183025, 9793184
183025, 9795254
183025, 9797134
183025, 9798366
186368, 9782256
186368, 9784038
186368, 9786809
186368, 9788028
186368, 9789675
186368, 9791435
186368, 9793184
186368, 9795254
186368, 9797134
186368, 9798366
189507, 9782256
189507, 9784038
189507, 9786809
189507, 9788028
189507, 9789675
189507, 9791435
189507, 9793184
189507, 9795254
189507, 9797134
189507, 9798366
