# Actual number of control cameras to place = 48
172302, 9777408
172302, 9777854
172302, 9779187
172302, 9779885
172302, 9781294
172302, 9782302
172302, 9783570
172302, 9784416
172302, 9785149
172302, 9786347
172302, 9787680
172302, 9788637
173833, 9777408
173833, 9777854
173833, 9779187
173833, 9779885
173833, 9781294
173833, 9782302
173833, 9783570
173833, 9784416
173833, 9785149
173833, 9786347
173833, 9787680
173833, 9788637
175745, 9777408
175745, 9777854
175745, 9779187
175745, 9779885
175745, 9781294
175745, 9782302
175745, 9783570
175745, 9784416
175745, 9785149
175745, 9786347
175745, 9787680
175745, 9788637
177297, 9777408
177297, 9777854
177297, 9779187
177297, 9779885
177297, 9781294
177297, 9782302
177297, 9783570
177297, 9784416
177297, 9785149
177297, 9786347
177297, 9787680
177297, 9788637
