# Actual number of control cameras to place = 60
170906, 9777339
170906, 9778403
170906, 9778926
170906, 9780624
170906, 9781448
170906, 9782254
170906, 9783566
170906, 9783897
170906, 9785264
170906, 9785939
170906, 9787751
170906, 9788009
172578, 9777339
172578, 9778403
172578, 9778926
172578, 9780624
172578, 9781448
172578, 9782254
172578, 9783566
172578, 9783897
172578, 9785264
172578, 9785939
172578, 9787751
172578, 9788009
174499, 9777339
174499, 9778403
174499, 9778926
174499, 9780624
174499, 9781448
174499, 9782254
174499, 9783566
174499, 9783897
174499, 9785264
174499, 9785939
174499, 9787751
174499, 9788009
175192, 9777339
175192, 9778403
175192, 9778926
175192, 9780624
175192, 9781448
175192, 9782254
175192, 9783566
175192, 9783897
175192, 9785264
175192, 9785939
175192, 9787751
175192, 9788009
177406, 9777339
177406, 9778403
177406, 9778926
177406, 9780624
177406, 9781448
177406, 9782254
177406, 9783566
177406, 9783897
177406, 9785264
177406, 9785939
177406, 9787751
177406, 9788009
