# Number of control cameras to place = 50 (includes 50 opportunistic sightings + 0 placed randomly)
175247, 9783035
175274, 9782211
172812, 9778429
177241, 9782689
172666, 9777671
174464, 9779979
172876, 9781603
174090, 9786360
175881, 9785411
177137, 9778658
173950, 9777618
171806, 9778562
175488, 9779394
173051, 9778982
176522, 9785959
177647, 9788533
177188, 9777776
175030, 9788619
176346, 9783557
176020, 9788336
172016, 9779327
173404, 9782549
174615, 9777179
176581, 9783063
175779, 9779174
173214, 9787402
174662, 9788600
174515, 9777282
172691, 9777500
172289, 9779215
174524, 9777763
176080, 9777321
175078, 9782276
172071, 9785268
174928, 9784402
173416, 9785894
172321, 9788579
173192, 9786147
176953, 9786024
171725, 9785778
177413, 9786086
171526, 9788018
173222, 9777751
174169, 9778400
175242, 9778831
172862, 9781847
177441, 9787467
171551, 9787731
175356, 9781201
173543, 9788572
