# Number of control cameras to place = 50 (includes 50 opportunistic sightings + 0 placed randomly)
174033, 9778555
175962, 9777017
171774, 9783381
172512, 9780628
171556, 9788470
174206, 9785258
173373, 9786811
171532, 9785395
175437, 9778158
176158, 9787201
177617, 9784757
177058, 9778878
171879, 9777496
177039, 9778728
171928, 9786229
173920, 9783249
173468, 9784565
176725, 9783470
173709, 9778117
176903, 9779748
175035, 9787062
172047, 9780490
177336, 9782814
173989, 9783858
171757, 9779368
174515, 9786767
177627, 9783660
172455, 9787372
174253, 9784506
176451, 9785645
171749, 9783895
172690, 9785056
176154, 9783383
173666, 9787538
171022, 9788691
177082, 9786275
173298, 9783057
175222, 9783355
177333, 9783047
171981, 9787270
171920, 9783865
173568, 9779554
173906, 9779844
171627, 9778730
171456, 9785792
177250, 9782676
173597, 9782295
175943, 9779549
173368, 9778697
177071, 9781508
