# Number of control cameras to place = 50 (includes 0 opportunistic sightings + 50 placed randomly)
187025, 9794026
187565, 9784721
190086, 9796479
187373, 9790609
186091, 9784782
185406, 9786207
182252, 9798492
183772, 9793720
178325, 9791345
187571, 9786165
188785, 9796156
185471, 9785015
183793, 9793281
182939, 9792247
187306, 9791065
179909, 9783481
190360, 9785266
186420, 9788172
181772, 9786606
182571, 9788674
189623, 9790454
180486, 9794276
184441, 9790620
183472, 9790129
189890, 9796238
183245, 9788452
181391, 9789778
187802, 9799131
181724, 9787262
185532, 9798691
184084, 9791790
186172, 9793254
185485, 9797818
187152, 9790810
185178, 9789724
189589, 9791324
180872, 9790938
180851, 9795940
185459, 9797515
178829, 9798948
186292, 9795295
181281, 9794046
181929, 9798184
185345, 9794490
186558, 9798639
185102, 9788360
186348, 9788985
180055, 9788891
181501, 9790996
190575, 9788509
