# Number of control cameras to place = 50 (includes 7 opportunistic sightings + 43 placed randomly)
172145, 9786052
171984, 9784738
171494, 9783313
171494, 9783313
171494, 9783313
174739, 9785206
173447, 9785439
171778, 9779393
175945, 9787393
171263, 9778324
177440, 9776967
171170, 9783806
174487, 9780188
171943, 9779072
173312, 9777205
172664, 9782992
175980, 9782926
171310, 9777373
172423, 9782252
175115, 9784228
176923, 9777274
171989, 9787748
177426, 9777086
171507, 9786539
173044, 9786500
176827, 9784332
171568, 9785547
175229, 9788592
172544, 9783227
173771, 9779463
173650, 9777194
175696, 9779706
173615, 9786074
171381, 9778157
176442, 9781078
173208, 9782289
172733, 9777157
172616, 9785076
171242, 9779103
171370, 9786207
172696, 9788585
176228, 9788140
177057, 9782391
175572, 9779990
175576, 9779170
174574, 9784999
177707, 9780291
176078, 9785916
174111, 9782670
173049, 9779612
