# Actual number of control cameras to place = 48
184680, 9772118
184680, 9773085
184680, 9774085
184680, 9774831
184680, 9775350
184680, 9776696
184680, 9777596
184680, 9778697
184680, 9779520
184680, 9780404
184680, 9780891
184680, 9782247
185900, 9772118
185900, 9773085
185900, 9774085
185900, 9774831
185900, 9775350
185900, 9776696
185900, 9777596
185900, 9778697
185900, 9779520
185900, 9780404
185900, 9780891
185900, 9782247
187991, 9772118
187991, 9773085
187991, 9774085
187991, 9774831
187991, 9775350
187991, 9776696
187991, 9777596
187991, 9778697
187991, 9779520
187991, 9780404
187991, 9780891
187991, 9782247
190236, 9772118
190236, 9773085
190236, 9774085
190236, 9774831
190236, 9775350
190236, 9776696
190236, 9777596
190236, 9778697
190236, 9779520
190236, 9780404
190236, 9780891
190236, 9782247
