# Number of control cameras to place = 50 (includes 17 opportunistic sightings + 33 placed randomly)
184978, 9777776
186023, 9777041
186162, 9777562
190198, 9776159
188558, 9779093
188562, 9779105
186997, 9776231
188566, 9779095
186732, 9779760
188565, 9779102
188732, 9772888
187800, 9774169
188773, 9777168
186748, 9777355
188764, 9775868
190100, 9777680
188611, 9779158
188807, 9773104
189530, 9773193
185406, 9771944
185338, 9781287
190181, 9780642
187729, 9776760
190300, 9772372
187631, 9771864
185570, 9775723
187348, 9773764
189999, 9780503
184397, 9775177
184157, 9773053
185066, 9781451
185480, 9780678
188009, 9777030
190484, 9777825
187412, 9772002
185140, 9781533
184300, 9772887
188249, 9774958
184208, 9775672
189667, 9782261
184435, 9774765
187247, 9774706
185154, 9775950
189011, 9778719
188239, 9776564
185985, 9774783
189926, 9779207
185748, 9777378
189099, 9772729
189346, 9775391
