# Number of control cameras to place = 54 (includes 4 opportunistic sightings + 50 placed randomly)
186365, 9773514
189493, 9778252
188522, 9778781
189870, 9779328
188424, 9779449
190530, 9779377
190403, 9774076
188961, 9775414
189937, 9772458
189600, 9771776
185213, 9778873
190272, 9778319
187934, 9773695
187302, 9774436
184779, 9777771
189487, 9772467
184275, 9780948
186542, 9777142
187029, 9780933
185436, 9771953
184978, 9777249
187884, 9778966
185648, 9775452
189670, 9775884
187247, 9774641
186178, 9775352
187370, 9778373
186840, 9778137
186864, 9782136
186110, 9774033
185367, 9775990
190330, 9778977
184383, 9778036
190108, 9778628
185387, 9780662
187650, 9776505
187959, 9776117
188818, 9773563
187759, 9775338
190356, 9772321
189193, 9778029
188574, 9774335
184776, 9774946
184685, 9779819
186766, 9775406
187135, 9773593
188492, 9773120
185763, 9777820
189475, 9776423
187587, 9775617
188484, 9780901
187743, 9777268
185005, 9780612
189293, 9773615
