# Actual number of control cameras to place = 50
179795, 9782200
179795, 9784583
179795, 9786073
179795, 9788748
179795, 9790119
179795, 9791697
179795, 9794009
179795, 9795449
179795, 9797113
179795, 9798276
182459, 9782200
182459, 9784583
182459, 9786073
182459, 9788748
182459, 9790119
182459, 9791697
182459, 9794009
182459, 9795449
182459, 9797113
182459, 9798276
183724, 9782200
183724, 9784583
183724, 9786073
183724, 9788748
183724, 9790119
183724, 9791697
183724, 9794009
183724, 9795449
183724, 9797113
183724, 9798276
186241, 9782200
186241, 9784583
186241, 9786073
186241, 9788748
186241, 9790119
186241, 9791697
186241, 9794009
186241, 9795449
186241, 9797113
186241, 9798276
190003, 9782200
190003, 9784583
190003, 9786073
190003, 9788748
190003, 9790119
190003, 9791697
190003, 9794009
190003, 9795449
190003, 9797113
190003, 9798276
