# Actual number of control cameras to place = 45
180048, 9783109
180048, 9784339
180048, 9786641
180048, 9788881
180048, 9790553
180048, 9792563
180048, 9794990
180048, 9796037
180048, 9798563
182343, 9783109
182343, 9784339
182343, 9786641
182343, 9788881
182343, 9790553
182343, 9792563
182343, 9794990
182343, 9796037
182343, 9798563
183633, 9783109
183633, 9784339
183633, 9786641
183633, 9788881
183633, 9790553
183633, 9792563
183633, 9794990
183633, 9796037
183633, 9798563
186321, 9783109
186321, 9784339
186321, 9786641
186321, 9788881
186321, 9790553
186321, 9792563
186321, 9794990
186321, 9796037
186321, 9798563
189349, 9783109
189349, 9784339
189349, 9786641
189349, 9788881
189349, 9790553
189349, 9792563
189349, 9794990
189349, 9796037
189349, 9798563
