# Number of control cameras to place = 50 (includes 50 opportunistic sightings + 0 placed randomly)
184861, 9784022
180390, 9795090
177812, 9795588
185386, 9787158
181869, 9799129
186397, 9796933
178283, 9793681
186198, 9783672
186418, 9794230
183941, 9794209
189867, 9797444
179451, 9793248
190418, 9788881
184733, 9788933
187957, 9795645
187624, 9790095
189761, 9791090
187895, 9791600
182390, 9790485
189901, 9792465
178361, 9789773
190497, 9798119
189690, 9793221
180404, 9786395
189537, 9782165
187496, 9789149
184623, 9790267
188582, 9789241
184716, 9798664
177787, 9784283
181518, 9782831
178852, 9788603
188528, 9787081
185434, 9785111
187803, 9782712
180007, 9798500
184690, 9792118
183590, 9798913
178934, 9784037
184561, 9787543
185611, 9793508
187654, 9789365
181094, 9783493
182687, 9794927
182377, 9790894
181766, 9796268
178215, 9785434
190292, 9782201
190092, 9783452
184040, 9787598
