# Number of control cameras to place = 50 (includes 50 opportunistic sightings + 0 placed randomly)
185602, 9790071
178538, 9794390
185021, 9791011
186461, 9782916
186546, 9787245
189059, 9788948
184565, 9790397
187082, 9784327
178405, 9794743
180183, 9795085
188293, 9790385
186270, 9783901
188922, 9795777
185235, 9793097
187569, 9789861
180838, 9785669
183139, 9785460
186039, 9794250
178270, 9796275
184253, 9788819
179390, 9787252
183132, 9793827
185449, 9788454
178304, 9793095
178023, 9798642
183637, 9795511
180801, 9794748
182376, 9795492
181105, 9797547
183717, 9785922
187134, 9784158
184307, 9793799
178690, 9796600
183618, 9794815
185729, 9783624
182702, 9786074
187059, 9796754
189084, 9788148
185942, 9785879
186164, 9797211
186219, 9783214
181341, 9794029
182994, 9791575
190232, 9784429
188433, 9799176
188361, 9790851
177803, 9796458
183663, 9792051
178917, 9797670
187621, 9790230
