# Number of control cameras to place = 54 (includes 54 opportunistic sightings + 0 placed randomly)
182333, 9789849
190671, 9789389
182340, 9790289
181001, 9791706
184717, 9790237
183215, 9794202
189482, 9787507
184631, 9798687
187366, 9799076
180170, 9796096
185208, 9794890
185732, 9793658
178038, 9782918
187157, 9790117
188130, 9794270
184569, 9793591
181713, 9789693
180009, 9789025
185195, 9794235
187930, 9796131
179058, 9788559
179091, 9784144
182326, 9782955
180189, 9787627
182361, 9795649
180998, 9796059
178337, 9792136
180811, 9794935
183213, 9785079
181091, 9789349
189367, 9798527
190196, 9790321
185425, 9784008
186626, 9787076
183607, 9782726
178924, 9790053
184557, 9782950
177863, 9789107
184428, 9787029
187272, 9791380
184737, 9782653
179292, 9795956
183828, 9795612
183241, 9792202
179406, 9796691
184344, 9798807
185665, 9795463
189566, 9786733
183797, 9788568
180122, 9790487
180750, 9793627
178854, 9786437
186663, 9798499
178695, 9783087
