# Number of control cameras to place = 54 (includes 11 opportunistic sightings + 43 placed randomly)
185079, 9790374
183044, 9790603
185340, 9791465
185400, 9791760
185846, 9789924
184282, 9790395
185361, 9791531
185328, 9791126
189459, 9787348
185379, 9791764
184774, 9792037
182234, 9791689
187040, 9796641
180457, 9792044
188334, 9787403
186639, 9794379
186452, 9787780
185491, 9789712
185395, 9790539
181055, 9792426
182053, 9782918
190408, 9796225
184123, 9790504
187371, 9785650
182913, 9794278
182207, 9792035
189915, 9797668
178817, 9786411
178458, 9783444
188838, 9783509
179668, 9794320
186079, 9784562
180678, 9791600
181238, 9785593
180800, 9783475
181789, 9790257
183042, 9788632
190490, 9792085
183892, 9785755
187840, 9788992
180819, 9789230
182087, 9791199
179442, 9783649
183327, 9788877
184277, 9785350
183660, 9785537
184358, 9787605
187091, 9783157
180945, 9787396
179076, 9796080
178860, 9786597
188540, 9795927
188557, 9786121
186849, 9791419
