# Number of control cameras to place = 50 (includes 13 opportunistic sightings + 37 placed randomly)
185365, 9791679
186512, 9785768
185742, 9790608
181462, 9792430
183244, 9789947
185337, 9791121
185377, 9791540
184634, 9784860
185363, 9791683
182462, 9791562
185118, 9789911
185367, 9791678
182492, 9794203
179235, 9782379
189772, 9789697
187832, 9789014
186780, 9787635
180436, 9785529
184621, 9786508
180839, 9797758
180731, 9785209
179417, 9787480
186729, 9786033
183837, 9792674
186905, 9788537
184625, 9793869
185074, 9790074
186730, 9783241
183472, 9789568
183603, 9785789
179560, 9786578
180126, 9795983
186624, 9790881
177937, 9794515
185247, 9790786
181253, 9789425
188797, 9788383
187578, 9786774
179489, 9790830
190549, 9784028
184912, 9787935
186143, 9785672
189690, 9793415
181152, 9793435
180125, 9787456
184114, 9792750
187229, 9789889
181175, 9783859
187969, 9794405
187400, 9796689
