# Number of control cameras to place = 50 (includes 8 opportunistic sightings + 42 placed randomly)
184724, 9785017
181444, 9792459
185285, 9792249
180648, 9789405
184833, 9785588
184172, 9790780
179030, 9790529
181747, 9791382
184815, 9782958
181327, 9792684
184030, 9789800
183098, 9789893
178938, 9788274
190052, 9782483
186917, 9794851
185154, 9789919
179125, 9785426
184147, 9783712
179751, 9788407
182257, 9798846
186753, 9786021
181999, 9785418
184092, 9787849
179026, 9785902
186666, 9796960
185718, 9796912
190311, 9784977
185730, 9791232
178694, 9785738
181379, 9785516
185866, 9788341
188052, 9787438
180270, 9795942
185610, 9789200
181685, 9789441
177803, 9796266
187008, 9799230
181825, 9792627
184320, 9790355
177751, 9794347
179361, 9783403
188685, 9790093
180407, 9785260
179109, 9796654
186701, 9789568
188451, 9785780
185851, 9788966
182077, 9796043
182589, 9782881
181913, 9783594
