# Number of control cameras to place = 50 (includes 11 opportunistic sightings + 39 placed randomly)
185326, 9791208
184843, 9790809
185134, 9789717
187800, 9796051
185454, 9792362
184448, 9790797
185336, 9791006
185329, 9792127
180504, 9790037
184830, 9787994
185454, 9792362
183587, 9792105
184252, 9784542
188899, 9784513
189370, 9788034
189212, 9798771
186721, 9791251
186761, 9795815
188356, 9790489
179148, 9798363
183181, 9785395
188839, 9787733
177932, 9799221
187336, 9791064
188996, 9799105
180415, 9789225
181753, 9790428
189234, 9782220
182844, 9783600
187121, 9787571
189685, 9785331
188387, 9787109
180953, 9784652
185152, 9788246
181484, 9788880
187115, 9790123
190389, 9782559
188532, 9788228
190071, 9786698
186910, 9787831
188261, 9787905
181171, 9786921
185054, 9797609
186053, 9791675
178950, 9789657
186579, 9796295
190560, 9783273
178028, 9798580
188441, 9783373
188435, 9799293
