# Number of control cameras to place = 50 (includes 0 opportunistic sightings + 50 placed randomly)
179387, 9786974
186576, 9797523
189517, 9796752
190106, 9787889
178528, 9787652
183261, 9794826
184980, 9785377
182311, 9792077
184066, 9790228
181352, 9797441
182679, 9795647
184669, 9786592
188857, 9789269
179282, 9795074
177925, 9797241
187097, 9795243
190259, 9784612
185925, 9794991
184867, 9789059
189271, 9789823
186147, 9783394
188191, 9786217
183861, 9786809
183423, 9784212
182597, 9791306
183315, 9785543
180100, 9798920
180733, 9788252
189480, 9786962
178554, 9798280
181764, 9787586
180504, 9798911
181032, 9785992
181163, 9793412
186390, 9782425
186187, 9785706
184065, 9791516
190677, 9790481
189142, 9788106
184745, 9786296
180982, 9792559
178432, 9782896
182874, 9798869
185953, 9784732
181000, 9798772
188467, 9796352
178988, 9789228
179089, 9783096
178074, 9789452
185405, 9783699
