# Actual number of control cameras to place = 48
185396, 9772272
185396, 9772846
185396, 9773899
185396, 9774956
185396, 9775761
185396, 9776563
185396, 9777122
185396, 9778111
185396, 9779576
185396, 9779893
185396, 9781387
185396, 9782005
186061, 9772272
186061, 9772846
186061, 9773899
186061, 9774956
186061, 9775761
186061, 9776563
186061, 9777122
186061, 9778111
186061, 9779576
186061, 9779893
186061, 9781387
186061, 9782005
188301, 9772272
188301, 9772846
188301, 9773899
188301, 9774956
188301, 9775761
188301, 9776563
188301, 9777122
188301, 9778111
188301, 9779576
188301, 9779893
188301, 9781387
188301, 9782005
189143, 9772272
189143, 9772846
189143, 9773899
189143, 9774956
189143, 9775761
189143, 9776563
189143, 9777122
189143, 9778111
189143, 9779576
189143, 9779893
189143, 9781387
189143, 9782005
