# Number of control cameras to place = 54 (includes 54 opportunistic sightings + 0 placed randomly)
184007, 9773008
187709, 9773346
185939, 9776392
189283, 9779095
186742, 9773818
188651, 9781853
190430, 9772288
185892, 9779623
185471, 9776455
190060, 9776055
188638, 9774085
188775, 9777696
186706, 9772783
184411, 9774393
185219, 9779289
185624, 9780098
184036, 9774877
184500, 9777325
185341, 9780511
186439, 9776759
187875, 9774770
187325, 9775728
186315, 9775755
188798, 9778901
187016, 9779961
189676, 9776360
185925, 9778808
189453, 9776238
186031, 9775015
185333, 9780103
186965, 9775718
188536, 9776692
187726, 9774908
187493, 9777889
185645, 9772924
188866, 9781452
190111, 9773821
186312, 9779508
185320, 9777079
186249, 9779165
189912, 9782063
184871, 9773248
186769, 9779025
186587, 9780364
185110, 9778036
188229, 9776572
185270, 9777226
185727, 9779485
189609, 9779229
189652, 9777193
184929, 9776226
184094, 9780869
186084, 9775674
187613, 9775699
