# Actual number of control cameras to place = 52
171896, 9775887
171896, 9777296
171896, 9778705
171896, 9779585
171896, 9781842
171896, 9782494
171896, 9783950
171896, 9785311
171896, 9786425
171896, 9788746
171896, 9789674
171896, 9791019
171896, 9792635
173649, 9775887
173649, 9777296
173649, 9778705
173649, 9779585
173649, 9781842
173649, 9782494
173649, 9783950
173649, 9785311
173649, 9786425
173649, 9788746
173649, 9789674
173649, 9791019
173649, 9792635
176400, 9775887
176400, 9777296
176400, 9778705
176400, 9779585
176400, 9781842
176400, 9782494
176400, 9783950
176400, 9785311
176400, 9786425
176400, 9788746
176400, 9789674
176400, 9791019
176400, 9792635
178673, 9775887
178673, 9777296
178673, 9778705
178673, 9779585
178673, 9781842
178673, 9782494
178673, 9783950
178673, 9785311
178673, 9786425
178673, 9788746
178673, 9789674
178673, 9791019
178673, 9792635
