# Actual number of control cameras to place = 39
172250, 9775791
172250, 9777606
172250, 9778401
172250, 9780101
172250, 9781670
172250, 9782721
172250, 9783774
172250, 9785324
172250, 9787087
172250, 9788706
172250, 9789144
172250, 9791288
172250, 9792795
175654, 9775791
175654, 9777606
175654, 9778401
175654, 9780101
175654, 9781670
175654, 9782721
175654, 9783774
175654, 9785324
175654, 9787087
175654, 9788706
175654, 9789144
175654, 9791288
175654, 9792795
179470, 9775791
179470, 9777606
179470, 9778401
179470, 9780101
179470, 9781670
179470, 9782721
179470, 9783774
179470, 9785324
179470, 9787087
179470, 9788706
179470, 9789144
179470, 9791288
179470, 9792795
