# Number of control cameras to place = 50 (includes 50 opportunistic sightings + 0 placed randomly)
189004, 9790384
188626, 9797760
189489, 9794076
179365, 9783384
187223, 9792147
182648, 9792577
189389, 9799101
189430, 9787779
181248, 9792116
187029, 9783108
177976, 9789663
178407, 9788612
179278, 9786875
180187, 9793283
188515, 9790068
180244, 9784488
178697, 9787939
187320, 9798177
188882, 9794739
189413, 9793264
187853, 9786037
179323, 9797837
186856, 9786174
178084, 9783444
177949, 9798519
190615, 9790526
187635, 9797592
182631, 9789019
183701, 9796836
188158, 9784547
190501, 9785125
183212, 9783891
181051, 9799167
185656, 9783423
188076, 9790166
179627, 9797396
188438, 9796124
190161, 9795613
186425, 9783104
184365, 9796516
178344, 9791646
179074, 9785897
186392, 9788562
183735, 9789513
189467, 9792185
185246, 9791351
186952, 9790066
187171, 9792622
182809, 9795398
183634, 9798460
