# Number of control cameras to place = 54 (includes 54 opportunistic sightings + 0 placed randomly)
171713, 9785111
175496, 9776412
171756, 9775780
180249, 9783972
180178, 9783359
178965, 9790142
176431, 9792858
177855, 9782023
172344, 9790566
174337, 9775683
172206, 9789148
176131, 9780993
179837, 9788133
179798, 9792606
173628, 9775898
177689, 9785328
178076, 9779037
171074, 9787754
172149, 9778816
174014, 9779990
175305, 9778908
179370, 9782329
173065, 9789820
178182, 9782327
178445, 9788741
177509, 9788651
175145, 9783995
173145, 9790898
178456, 9789153
176205, 9784901
172458, 9789973
174317, 9792951
179001, 9783240
178015, 9792848
176723, 9781609
171897, 9780107
172944, 9785648
179105, 9776531
174934, 9790854
172580, 9777595
177521, 9778140
177981, 9776751
170931, 9781927
171828, 9792109
172796, 9790855
173638, 9776469
178823, 9791877
178314, 9781820
178708, 9778877
180090, 9782504
172765, 9785806
174815, 9790258
176735, 9786159
180474, 9790174
