# Number of control cameras to place = 50 (includes 50 opportunistic sightings + 0 placed randomly)
178885, 9784810
174169, 9781064
174350, 9775725
174059, 9790071
179500, 9782666
171678, 9787914
176063, 9781009
172394, 9787157
180053, 9785217
171619, 9776281
170859, 9785766
175870, 9786206
180307, 9778371
175074, 9790347
179933, 9786605
177651, 9775526
174441, 9792360
179386, 9788543
173469, 9790631
180124, 9786142
171597, 9789166
176132, 9790705
172044, 9777568
177473, 9791872
177370, 9780944
177751, 9790522
172833, 9777778
179670, 9780709
177684, 9778161
176708, 9784182
179463, 9789565
178933, 9778273
171636, 9780142
172322, 9779756
179268, 9790839
172903, 9784062
175567, 9783527
172559, 9790720
175331, 9778953
171028, 9790190
178006, 9776923
178946, 9775932
174801, 9783757
174561, 9780051
177432, 9780003
180122, 9779544
180350, 9779691
175850, 9785419
172606, 9776585
176695, 9788629
