# Number of control cameras to place = 54 (includes 23 opportunistic sightings + 31 placed randomly)
171383, 9782184
173604, 9782817
171106, 9782218
172111, 9785071
178115, 9786216
171106, 9782218
177935, 9785989
174285, 9784042
177906, 9781961
171383, 9782184
174642, 9785504
171106, 9782218
174720, 9785020
174389, 9785951
178143, 9781968
178142, 9782086
172860, 9782279
171383, 9782184
178115, 9786216
171735, 9785335
174809, 9784675
171106, 9782218
173330, 9782302
177393, 9782018
175490, 9792313
176437, 9780162
177829, 9781032
173903, 9792960
171684, 9785577
176314, 9791326
175467, 9778197
172030, 9783548
171411, 9778790
175796, 9778199
176473, 9785206
174434, 9779336
175149, 9786571
174627, 9784357
178109, 9788148
176674, 9780181
177129, 9789284
173595, 9786178
172888, 9790528
171795, 9785541
172992, 9777733
176650, 9791486
179317, 9789628
171261, 9792721
177399, 9784449
171317, 9782937
178242, 9785807
171349, 9793007
175067, 9777445
179270, 9792388
