# Number of control cameras to place = 50 (includes 0 opportunistic sightings + 50 placed randomly)
179407, 9799236
189127, 9793440
189741, 9785542
178392, 9793597
185355, 9796000
185426, 9796927
181306, 9789928
183931, 9791531
185313, 9790025
183069, 9798437
190024, 9792734
188398, 9787123
187440, 9785505
179822, 9786113
181799, 9794153
189665, 9794938
177782, 9783742
182093, 9798874
178500, 9797226
185272, 9796318
189251, 9795377
189717, 9786180
182520, 9786899
189012, 9789095
185529, 9795000
179745, 9783691
188386, 9790690
187564, 9798853
183861, 9788853
183856, 9789191
179681, 9791828
178327, 9782155
187561, 9782677
179698, 9788320
184458, 9794808
188558, 9794668
178275, 9782773
184576, 9790165
184176, 9784293
188236, 9797693
179340, 9782840
179686, 9792692
179827, 9796309
180604, 9798839
188480, 9792902
183829, 9785778
184638, 9790560
186120, 9794662
182615, 9786516
183816, 9792688
