# Number of control cameras to place = 54 (includes 0 opportunistic sightings + 54 placed randomly)
176993, 9783375
171194, 9783471
178461, 9782821
179758, 9777371
178175, 9789883
177633, 9792874
176649, 9792330
172624, 9775485
172133, 9789671
179651, 9780001
176088, 9788410
180106, 9775804
174849, 9787594
178415, 9778136
176864, 9781085
173560, 9776414
180291, 9787075
178765, 9786232
179946, 9779685
175729, 9787657
177425, 9792737
176790, 9788800
172253, 9777157
173007, 9791718
178124, 9790169
174354, 9784345
172103, 9779452
180439, 9781666
180357, 9784548
172151, 9777935
172691, 9782624
176914, 9778178
172099, 9778838
173081, 9785817
173705, 9781058
172499, 9792110
174218, 9789016
177389, 9790600
174770, 9779204
178575, 9785915
178902, 9787881
171584, 9785502
177095, 9790130
173260, 9775870
180399, 9790858
173428, 9792183
180473, 9791925
172756, 9788626
178605, 9777987
172448, 9775918
175301, 9785980
171674, 9779569
178023, 9790947
175270, 9781122
