# Actual number of control cameras to place = 48
185403, 9771961
185403, 9773124
185403, 9774136
185403, 9774784
185403, 9775369
185403, 9776716
185403, 9777491
185403, 9778620
185403, 9778929
185403, 9780033
185403, 9780847
185403, 9781811
186401, 9771961
186401, 9773124
186401, 9774136
186401, 9774784
186401, 9775369
186401, 9776716
186401, 9777491
186401, 9778620
186401, 9778929
186401, 9780033
186401, 9780847
186401, 9781811
188283, 9771961
188283, 9773124
188283, 9774136
188283, 9774784
188283, 9775369
188283, 9776716
188283, 9777491
188283, 9778620
188283, 9778929
188283, 9780033
188283, 9780847
188283, 9781811
189203, 9771961
189203, 9773124
189203, 9774136
189203, 9774784
189203, 9775369
189203, 9776716
189203, 9777491
189203, 9778620
189203, 9778929
189203, 9780033
189203, 9780847
189203, 9781811
