# Actual number of control cameras to place = 42
178690, 9772676
178690, 9774133
178690, 9775751
178690, 9777761
178690, 9779513
178690, 9781887
178690, 9782373
178690, 9784173
178690, 9786087
178690, 9788796
178690, 9790465
178690, 9791226
178690, 9794140
178690, 9795613
186188, 9772676
186188, 9774133
186188, 9775751
186188, 9777761
186188, 9779513
186188, 9781887
186188, 9782373
186188, 9784173
186188, 9786087
186188, 9788796
186188, 9790465
186188, 9791226
186188, 9794140
186188, 9795613
189093, 9772676
189093, 9774133
189093, 9775751
189093, 9777761
189093, 9779513
189093, 9781887
189093, 9782373
189093, 9784173
189093, 9786087
189093, 9788796
189093, 9790465
189093, 9791226
189093, 9794140
189093, 9795613
