# Actual number of control cameras to place = 50
178748, 9782837
178748, 9784043
178748, 9786341
178748, 9788232
178748, 9789762
178748, 9792262
178748, 9793626
178748, 9795128
178748, 9797166
178748, 9798513
180365, 9782837
180365, 9784043
180365, 9786341
180365, 9788232
180365, 9789762
180365, 9792262
180365, 9793626
180365, 9795128
180365, 9797166
180365, 9798513
184670, 9782837
184670, 9784043
184670, 9786341
184670, 9788232
184670, 9789762
184670, 9792262
184670, 9793626
184670, 9795128
184670, 9797166
184670, 9798513
185857, 9782837
185857, 9784043
185857, 9786341
185857, 9788232
185857, 9789762
185857, 9792262
185857, 9793626
185857, 9795128
185857, 9797166
185857, 9798513
188618, 9782837
188618, 9784043
188618, 9786341
188618, 9788232
188618, 9789762
188618, 9792262
188618, 9793626
188618, 9795128
188618, 9797166
188618, 9798513
