# Actual number of control cameras to place = 50
179865, 9783081
179865, 9784673
179865, 9786495
179865, 9788761
179865, 9789696
179865, 9791731
179865, 9793855
179865, 9794353
179865, 9796627
179865, 9798583
180393, 9783081
180393, 9784673
180393, 9786495
180393, 9788761
180393, 9789696
180393, 9791731
180393, 9793855
180393, 9794353
180393, 9796627
180393, 9798583
183693, 9783081
183693, 9784673
183693, 9786495
183693, 9788761
183693, 9789696
183693, 9791731
183693, 9793855
183693, 9794353
183693, 9796627
183693, 9798583
186416, 9783081
186416, 9784673
186416, 9786495
186416, 9788761
186416, 9789696
186416, 9791731
186416, 9793855
186416, 9794353
186416, 9796627
186416, 9798583
189403, 9783081
189403, 9784673
189403, 9786495
189403, 9788761
189403, 9789696
189403, 9791731
189403, 9793855
189403, 9794353
189403, 9796627
189403, 9798583
