# Number of control cameras to place = 50 (includes 50 opportunistic sightings + 0 placed randomly)
178066, 9797607
189219, 9784268
182876, 9797123
190363, 9788229
188258, 9787052
186043, 9783422
183026, 9785536
187497, 9783988
178324, 9787836
189504, 9796609
186396, 9789853
184718, 9783099
180266, 9796452
189239, 9789286
188297, 9793544
178868, 9787511
187145, 9792038
184956, 9785144
182731, 9791146
189566, 9799152
183295, 9782227
183840, 9788913
183095, 9793297
180887, 9788657
186741, 9790391
182844, 9792804
179680, 9792239
185918, 9790414
189587, 9796200
177984, 9791678
178495, 9788264
181205, 9786420
187307, 9784959
190544, 9795073
179353, 9796224
179037, 9783424
186369, 9792849
179957, 9791720
190163, 9788146
185685, 9784975
185279, 9789580
188907, 9795557
181615, 9798075
187588, 9788577
185614, 9786879
178211, 9787645
185407, 9788729
181013, 9783500
178663, 9795321
187440, 9786721
