# Number of control cameras to place = 50 (includes 7 opportunistic sightings + 43 placed randomly)
189592, 9778826
187779, 9776756
186744, 9777354
185932, 9777150
190112, 9777236
189847, 9772312
185761, 9775082
187741, 9779015
184521, 9775666
189081, 9775053
190088, 9779574
185164, 9779342
186554, 9781822
188263, 9777465
187265, 9774309
184689, 9778233
190492, 9778942
186193, 9778108
189217, 9780350
187839, 9775355
186957, 9777262
185799, 9775785
187232, 9778602
186100, 9773119
189819, 9776152
188305, 9781800
184872, 9772699
189974, 9772432
186339, 9777838
184335, 9775820
186899, 9778754
186177, 9772387
185637, 9776889
185617, 9777831
189743, 9778218
186619, 9778903
187148, 9778994
186157, 9773377
189668, 9774506
188276, 9774820
187720, 9781126
186421, 9773138
190432, 9780081
186871, 9773331
185103, 9776693
185475, 9774545
187487, 9776230
189829, 9779360
190485, 9779652
185717, 9772769
