# Actual number of control cameras to place = 50
179847, 9783248
179847, 9784889
179847, 9785705
179847, 9788079
179847, 9789539
179847, 9791040
179847, 9793870
179847, 9795471
179847, 9797240
179847, 9798168
180614, 9783248
180614, 9784889
180614, 9785705
180614, 9788079
180614, 9789539
180614, 9791040
180614, 9793870
180614, 9795471
180614, 9797240
180614, 9798168
183020, 9783248
183020, 9784889
183020, 9785705
183020, 9788079
183020, 9789539
183020, 9791040
183020, 9793870
183020, 9795471
183020, 9797240
183020, 9798168
186809, 9783248
186809, 9784889
186809, 9785705
186809, 9788079
186809, 9789539
186809, 9791040
186809, 9793870
186809, 9795471
186809, 9797240
186809, 9798168
190692, 9783248
190692, 9784889
190692, 9785705
190692, 9788079
190692, 9789539
190692, 9791040
190692, 9793870
190692, 9795471
190692, 9797240
190692, 9798168
