# Actual number of control cameras to place = 48
171749, 9777515
171749, 9778298
171749, 9779239
171749, 9780617
171749, 9781378
171749, 9782312
171749, 9783408
171749, 9784104
171749, 9785196
171749, 9786274
171749, 9787406
171749, 9788759
173230, 9777515
173230, 9778298
173230, 9779239
173230, 9780617
173230, 9781378
173230, 9782312
173230, 9783408
173230, 9784104
173230, 9785196
173230, 9786274
173230, 9787406
173230, 9788759
174698, 9777515
174698, 9778298
174698, 9779239
174698, 9780617
174698, 9781378
174698, 9782312
174698, 9783408
174698, 9784104
174698, 9785196
174698, 9786274
174698, 9787406
174698, 9788759
176153, 9777515
176153, 9778298
176153, 9779239
176153, 9780617
176153, 9781378
176153, 9782312
176153, 9783408
176153, 9784104
176153, 9785196
176153, 9786274
176153, 9787406
176153, 9788759
