# Number of control cameras to place = 50 (includes 0 opportunistic sightings + 50 placed randomly)
176820, 9782189
171955, 9785152
175556, 9779912
173796, 9779493
173351, 9778995
175203, 9782573
177586, 9781400
172868, 9781123
172534, 9778333
173911, 9783575
172488, 9788319
174187, 9776929
173385, 9779344
176552, 9778065
174695, 9780085
172944, 9782334
173874, 9788405
172230, 9782976
170993, 9782286
172793, 9779489
172978, 9785435
176877, 9777021
175494, 9787057
176983, 9779696
174732, 9777457
176841, 9778291
173058, 9780893
170862, 9784176
172139, 9785266
174088, 9779216
174109, 9784637
175237, 9778632
176823, 9785954
176684, 9787565
172587, 9781105
175336, 9782146
177081, 9785448
175818, 9787935
174949, 9777350
177452, 9779594
175748, 9778055
176094, 9786357
176947, 9777524
177194, 9785342
174075, 9781225
174913, 9781455
170953, 9781018
174993, 9786040
171561, 9780711
175893, 9779003
