# Number of control cameras to place = 50 (includes 0 opportunistic sightings + 50 placed randomly)
184175, 9788238
185502, 9795774
189097, 9792590
178504, 9785395
186889, 9784962
178304, 9787075
189403, 9793439
178913, 9786837
187061, 9795458
188373, 9790870
183734, 9794530
179815, 9790986
180920, 9782558
181659, 9783686
178080, 9790363
183796, 9798667
182124, 9784357
183538, 9790822
181014, 9793364
185787, 9794567
190105, 9784208
178137, 9783716
183892, 9785586
179665, 9783734
179644, 9782792
183909, 9785301
177823, 9794353
185701, 9784940
186945, 9788415
188079, 9794365
183234, 9798564
188889, 9785109
185628, 9788172
188958, 9796433
189817, 9794196
187991, 9784614
182305, 9784311
187580, 9797620
184406, 9783043
178440, 9784825
179942, 9783247
183027, 9794018
184963, 9789033
189371, 9793988
186112, 9795805
184554, 9786416
187480, 9790636
182027, 9797229
178304, 9786223
178007, 9785032
