# Number of control cameras to place = 50 (includes 0 opportunistic sightings + 50 placed randomly)
182478, 9788168
184198, 9787133
179844, 9790615
182695, 9784604
187627, 9794672
180062, 9798232
186500, 9791245
183516, 9793854
184376, 9796529
189171, 9794739
182524, 9795458
189056, 9791621
189141, 9799157
187259, 9795075
179365, 9785553
185343, 9791687
181839, 9795230
189383, 9790813
188805, 9783295
182194, 9798718
178967, 9793631
190456, 9795246
189697, 9798284
182472, 9798442
179136, 9795522
189183, 9795087
184187, 9794355
188533, 9792845
186806, 9792024
186860, 9782376
178162, 9796780
185421, 9783271
181921, 9789958
180417, 9798705
182926, 9787162
183250, 9787370
189112, 9797175
178645, 9790427
185003, 9791492
177949, 9789567
184510, 9791175
184266, 9785522
181634, 9788274
181256, 9788505
188159, 9795079
185196, 9787609
190239, 9788407
178784, 9785527
186384, 9791364
180433, 9782869
