# Actual number of control cameras to place = 36
176869, 9774181
176869, 9775289
176869, 9776504
176869, 9777279
176869, 9778511
176869, 9778942
176869, 9779846
176869, 9781069
176869, 9782074
176869, 9783041
176869, 9784014
176869, 9784885
176869, 9786094
176869, 9786533
176869, 9787630
176869, 9788584
176869, 9789529
176869, 9790271
180050, 9774181
180050, 9775289
180050, 9776504
180050, 9777279
180050, 9778511
180050, 9778942
180050, 9779846
180050, 9781069
180050, 9782074
180050, 9783041
180050, 9784014
180050, 9784885
180050, 9786094
180050, 9786533
180050, 9787630
180050, 9788584
180050, 9789529
180050, 9790271
