# Actual number of control cameras to place = 52
172026, 9775542
172026, 9777585
172026, 9778873
172026, 9780498
172026, 9781174
172026, 9783286
172026, 9783654
172026, 9785791
172026, 9786538
172026, 9788393
172026, 9790095
172026, 9790730
172026, 9792752
174878, 9775542
174878, 9777585
174878, 9778873
174878, 9780498
174878, 9781174
174878, 9783286
174878, 9783654
174878, 9785791
174878, 9786538
174878, 9788393
174878, 9790095
174878, 9790730
174878, 9792752
177835, 9775542
177835, 9777585
177835, 9778873
177835, 9780498
177835, 9781174
177835, 9783286
177835, 9783654
177835, 9785791
177835, 9786538
177835, 9788393
177835, 9790095
177835, 9790730
177835, 9792752
178990, 9775542
178990, 9777585
178990, 9778873
178990, 9780498
178990, 9781174
178990, 9783286
178990, 9783654
178990, 9785791
178990, 9786538
178990, 9788393
178990, 9790095
178990, 9790730
178990, 9792752
