# Actual number of control cameras to place = 50
179250, 9782268
179250, 9783954
179250, 9786295
179250, 9787320
179250, 9789077
179250, 9790846
179250, 9792548
179250, 9795645
179250, 9796962
179250, 9798548
181547, 9782268
181547, 9783954
181547, 9786295
181547, 9787320
181547, 9789077
181547, 9790846
181547, 9792548
181547, 9795645
181547, 9796962
181547, 9798548
184284, 9782268
184284, 9783954
184284, 9786295
184284, 9787320
184284, 9789077
184284, 9790846
184284, 9792548
184284, 9795645
184284, 9796962
184284, 9798548
186339, 9782268
186339, 9783954
186339, 9786295
186339, 9787320
186339, 9789077
186339, 9790846
186339, 9792548
186339, 9795645
186339, 9796962
186339, 9798548
189041, 9782268
189041, 9783954
189041, 9786295
189041, 9787320
189041, 9789077
189041, 9790846
189041, 9792548
189041, 9795645
189041, 9796962
189041, 9798548
