# Actual number of control cameras to place = 39
172979, 9776051
172979, 9776959
172979, 9778306
172979, 9780508
172979, 9780864
172979, 9782618
172979, 9784194
172979, 9785619
172979, 9787013
172979, 9787797
172979, 9789682
172979, 9791131
172979, 9792185
176515, 9776051
176515, 9776959
176515, 9778306
176515, 9780508
176515, 9780864
176515, 9782618
176515, 9784194
176515, 9785619
176515, 9787013
176515, 9787797
176515, 9789682
176515, 9791131
176515, 9792185
177435, 9776051
177435, 9776959
177435, 9778306
177435, 9780508
177435, 9780864
177435, 9782618
177435, 9784194
177435, 9785619
177435, 9787013
177435, 9787797
177435, 9789682
177435, 9791131
177435, 9792185
