# Actual number of control cameras to place = 50
178652, 9782904
178652, 9785117
178652, 9786825
178652, 9788603
178652, 9790396
178652, 9790988
178652, 9793540
178652, 9795692
178652, 9796984
178652, 9798112
181428, 9782904
181428, 9785117
181428, 9786825
181428, 9788603
181428, 9790396
181428, 9790988
181428, 9793540
181428, 9795692
181428, 9796984
181428, 9798112
185420, 9782904
185420, 9785117
185420, 9786825
185420, 9788603
185420, 9790396
185420, 9790988
185420, 9793540
185420, 9795692
185420, 9796984
185420, 9798112
186653, 9782904
186653, 9785117
186653, 9786825
186653, 9788603
186653, 9790396
186653, 9790988
186653, 9793540
186653, 9795692
186653, 9796984
186653, 9798112
188381, 9782904
188381, 9785117
188381, 9786825
188381, 9788603
188381, 9790396
188381, 9790988
188381, 9793540
188381, 9795692
188381, 9796984
188381, 9798112
