# Number of control cameras to place = 54 (includes 54 opportunistic sightings + 0 placed randomly)
174633, 9785138
177998, 9782379
173934, 9777160
177312, 9788743
171844, 9780677
179032, 9791567
175742, 9785446
171561, 9782837
179192, 9792742
178960, 9792429
177877, 9786681
171306, 9782134
174018, 9787166
177295, 9781555
174628, 9791287
170982, 9782269
176758, 9791791
179232, 9790403
179079, 9776037
172069, 9790513
174643, 9777341
176051, 9779461
179727, 9784811
172192, 9775857
175134, 9786447
174453, 9778357
175982, 9785967
174338, 9776213
177310, 9775398
175622, 9775971
177926, 9783001
172875, 9788938
177200, 9782534
177905, 9789666
172329, 9786887
174154, 9791273
172164, 9782989
175770, 9785833
174925, 9778089
179794, 9784946
180331, 9789288
175021, 9787741
173473, 9790583
173043, 9787157
175979, 9783745
179736, 9776353
177465, 9778017
179079, 9781216
171016, 9788221
179023, 9789913
174231, 9789227
180020, 9790573
177634, 9784765
175879, 9788142
