# Number of control cameras to place = 50 (includes 50 opportunistic sightings + 0 placed randomly)
170886, 9778902
180429, 9792835
175151, 9779225
175230, 9775414
177673, 9791146
173922, 9776507
175841, 9779043
172185, 9778534
177444, 9777238
172682, 9790287
172139, 9787341
179127, 9784432
178713, 9777964
174673, 9780880
171454, 9785700
176022, 9780223
173426, 9785804
172395, 9784774
178929, 9780251
174960, 9783835
176140, 9791249
171327, 9785166
178393, 9775645
176396, 9784373
176063, 9779183
172003, 9785781
179159, 9782048
177071, 9776011
172527, 9786433
175106, 9788358
176614, 9776529
178650, 9791923
178271, 9788656
171870, 9791024
179496, 9791553
177427, 9784711
180272, 9778878
176526, 9792234
175261, 9790456
177013, 9776202
175896, 9775320
173289, 9787416
173047, 9778092
175270, 9790234
177921, 9781117
180238, 9789103
172506, 9785477
173287, 9783680
176374, 9786226
179233, 9786890
