# Number of control cameras to place = 50 (includes 50 opportunistic sightings + 0 placed randomly)
189867, 9787440
185745, 9785396
187690, 9791771
184967, 9792215
180874, 9788748
184664, 9783928
189518, 9791132
185774, 9790886
185483, 9790529
178013, 9794668
180064, 9782296
183464, 9790724
185371, 9795622
182085, 9795990
190694, 9792338
181618, 9791185
185986, 9785187
187230, 9784518
177752, 9788113
180223, 9790021
184808, 9796646
180337, 9793228
184923, 9784633
187858, 9784809
184901, 9791888
185055, 9787107
185156, 9796217
184673, 9783775
185421, 9791113
182294, 9785747
185922, 9787318
189471, 9797389
190158, 9793096
190307, 9785491
179615, 9783909
180627, 9789238
189262, 9786045
181640, 9786647
178229, 9796668
190068, 9788579
189136, 9798055
184530, 9789804
187174, 9793118
186106, 9783619
184903, 9795997
184289, 9796024
186571, 9792303
183564, 9785966
188190, 9790577
181943, 9788986
