# Number of control cameras to place = 50 (includes 0 opportunistic sightings + 50 placed randomly)
189642, 9793111
179025, 9795047
183681, 9785954
181369, 9797801
189593, 9783058
180761, 9783689
182674, 9782642
181514, 9788154
188992, 9782843
182465, 9787480
177946, 9784615
188916, 9797437
179123, 9789469
190548, 9782145
186746, 9786996
178590, 9796566
180169, 9787002
186120, 9791245
183883, 9784794
184337, 9790258
190150, 9794575
183596, 9784612
182990, 9786601
185219, 9789438
184884, 9782286
186249, 9788849
188109, 9783630
178541, 9790406
184290, 9783187
183934, 9796782
190358, 9798271
181158, 9790839
187414, 9796110
187240, 9785181
179678, 9793645
179182, 9791745
184823, 9786419
178272, 9799066
190325, 9785705
179937, 9789207
181381, 9799255
183523, 9784239
180507, 9784251
185399, 9790604
183574, 9796435
182775, 9783791
187155, 9798068
181023, 9799204
178114, 9783856
183339, 9792095
