# Number of control cameras to place = 50 (includes 19 opportunistic sightings + 31 placed randomly)
176951, 9785098
178246, 9782571
178884, 9782222
174697, 9782988
177793, 9782409
177295, 9786977
177794, 9787148
176085, 9785880
172204, 9784739
174651, 9784025
177497, 9787024
176191, 9786044
171389, 9782068
177921, 9782738
176922, 9786979
172235, 9784803
178890, 9782569
172244, 9784858
171817, 9783371
177408, 9790611
176776, 9778052
171549, 9778597
179776, 9786633
175751, 9776624
179977, 9778717
172769, 9789904
173272, 9788689
180482, 9791052
172213, 9776279
172354, 9778570
171516, 9788159
178196, 9778600
177007, 9787935
179423, 9785775
179825, 9777200
180122, 9787334
178040, 9782634
178033, 9787211
173495, 9789593
173238, 9786570
174404, 9791594
172428, 9783180
174544, 9779417
172734, 9786272
172110, 9791151
173432, 9784638
173063, 9792281
180461, 9786463
177234, 9776945
173411, 9790966
