# Number of control cameras to place = 54 (includes 14 opportunistic sightings + 40 placed randomly)
175693, 9783070
174613, 9782634
175689, 9782681
174562, 9782645
176420, 9781139
178434, 9780824
176152, 9784403
176152, 9784403
174653, 9782635
177254, 9780570
177047, 9788912
174698, 9782843
176152, 9784403
174653, 9782635
172546, 9781835
178530, 9781062
176322, 9790133
178776, 9782284
178407, 9788922
178956, 9781427
174520, 9779526
179317, 9784450
174445, 9781254
180205, 9792976
176716, 9779496
172350, 9791884
178014, 9791551
174192, 9789209
180263, 9781423
170960, 9790763
178328, 9777002
176796, 9775735
175947, 9792466
176356, 9786345
174738, 9784602
176920, 9787102
175070, 9780965
171841, 9779823
174306, 9784268
180225, 9775772
173070, 9787551
171052, 9783080
172168, 9784179
177805, 9779432
179254, 9783883
177228, 9781295
176278, 9792669
175016, 9784916
179424, 9779480
175839, 9789051
176353, 9784816
174922, 9786305
171718, 9783660
176052, 9790952
