# Number of control cameras to place = 54 (includes 12 opportunistic sightings + 42 placed randomly)
175354, 9782841
177594, 9775853
178604, 9783318
177594, 9775853
171626, 9782814
175058, 9782938
178516, 9782572
175244, 9777033
171364, 9782176
175402, 9782983
174916, 9787554
176056, 9782861
179437, 9775442
173254, 9776461
172920, 9786670
177920, 9790175
174181, 9779213
179911, 9784249
173834, 9789708
174759, 9783872
178076, 9775438
172780, 9788386
173390, 9778416
174144, 9782778
171187, 9791167
173891, 9782587
180419, 9787531
177727, 9785594
177023, 9782997
174124, 9786686
173676, 9778654
175936, 9791804
173855, 9790847
172694, 9780429
172813, 9775431
175361, 9791538
174676, 9785621
173735, 9786416
172774, 9788026
172682, 9786439
175740, 9790872
173206, 9781854
179624, 9786261
178498, 9776147
173773, 9786781
176832, 9789811
172245, 9791235
178636, 9776614
175597, 9788361
177546, 9790926
180461, 9786440
174559, 9786570
171692, 9778356
172330, 9777359
