# Actual number of control cameras to place = 42
178739, 9772921
178739, 9773511
178739, 9775675
178739, 9777938
178739, 9778796
178739, 9781115
178739, 9783561
178739, 9784369
178739, 9786641
178739, 9788822
178739, 9790735
178739, 9791994
178739, 9793794
178739, 9794842
184673, 9772921
184673, 9773511
184673, 9775675
184673, 9777938
184673, 9778796
184673, 9781115
184673, 9783561
184673, 9784369
184673, 9786641
184673, 9788822
184673, 9790735
184673, 9791994
184673, 9793794
184673, 9794842
187295, 9772921
187295, 9773511
187295, 9775675
187295, 9777938
187295, 9778796
187295, 9781115
187295, 9783561
187295, 9784369
187295, 9786641
187295, 9788822
187295, 9790735
187295, 9791994
187295, 9793794
187295, 9794842
