# Number of control cameras to place = 54 (includes 54 opportunistic sightings + 0 placed randomly)
177579, 9779296
176823, 9781134
171782, 9784377
176169, 9778260
172621, 9784806
171820, 9778388
175625, 9781353
173240, 9776994
177138, 9788623
177428, 9786400
176939, 9785906
175533, 9783916
171252, 9779554
174069, 9785754
174004, 9782709
172587, 9776902
176918, 9786961
176730, 9781539
173559, 9785778
173510, 9778927
175768, 9783177
171303, 9777072
176517, 9786196
177332, 9786209
174446, 9783701
174929, 9786406
176842, 9780295
173995, 9787968
172348, 9778795
171178, 9778980
175496, 9782842
175149, 9782042
174895, 9785215
172991, 9783441
174557, 9782454
172445, 9777604
173651, 9784071
172466, 9780395
177248, 9787799
175060, 9787285
171431, 9788458
175574, 9784191
175808, 9779711
177661, 9777898
174334, 9781508
172135, 9779130
177050, 9782529
174176, 9780431
171459, 9783581
171889, 9779394
176696, 9785664
177415, 9780960
175656, 9779419
175530, 9777161
