# Number of control cameras to place = 54 (includes 1 opportunistic sightings + 53 placed randomly)
173804, 9784729
173301, 9779031
174166, 9779759
171443, 9788195
174430, 9784007
170903, 9785436
171399, 9784689
173024, 9778093
173814, 9782886
171537, 9781625
172443, 9777024
174116, 9778515
174326, 9781969
174248, 9777927
171450, 9777217
175649, 9787082
170866, 9780773
176652, 9778327
172068, 9786581
172560, 9787038
174891, 9786003
174064, 9779493
177455, 9785147
171191, 9777646
170927, 9778311
176077, 9788467
171170, 9786570
173003, 9781334
176211, 9777967
173753, 9783501
173606, 9788123
171124, 9782020
175626, 9787747
172768, 9782880
174197, 9785695
177143, 9787316
174064, 9780728
176390, 9786947
172452, 9786320
172050, 9777749
171135, 9782455
171772, 9781340
176954, 9786634
172219, 9788314
171810, 9782299
174889, 9786286
171743, 9779922
173523, 9783877
174553, 9780809
174121, 9782069
175371, 9785230
173308, 9783700
173294, 9781259
175886, 9785046
