# Number of control cameras to place = 54 (includes 2 opportunistic sightings + 52 placed randomly)
172136, 9785200
171106, 9782218
173828, 9778216
172588, 9784173
173409, 9777862
174987, 9786805
177083, 9786727
176767, 9776989
173602, 9784539
176892, 9786204
173128, 9785884
171015, 9777618
172478, 9785642
175791, 9786343
172217, 9786628
177409, 9783353
174098, 9779108
173132, 9783149
171015, 9786013
174197, 9784036
172373, 9777174
173429, 9777486
171634, 9779841
176606, 9785428
173169, 9784809
171763, 9778422
174146, 9777084
173400, 9778980
175657, 9785742
172839, 9782128
174779, 9778622
170899, 9787418
172094, 9778066
172271, 9784041
174329, 9785553
174845, 9780805
176084, 9780273
171902, 9778450
173594, 9781614
172580, 9787367
176903, 9780983
177516, 9787025
172334, 9783879
171536, 9781773
173122, 9786451
173224, 9778909
171255, 9788332
175554, 9785825
171863, 9784208
177595, 9784451
175302, 9786009
173734, 9778061
176755, 9782970
176749, 9788663
