915920.0 915920.0
915920.0 915920.0
915920.0 915920.0
915920.0 915920.0
915920.0 915920.0
915920.0 915920.0
915920.0 915920.0
915920.0 915920.0
915920.0 915920.0
915920.0 915920.0
915920.0 915920.0
915920.0 915920.0
915920.0 915920.0
915920.0 915920.0
915920.0 915920.0
915920.0 915920.0
915920.0 915920.0
915920.0 915920.0
915920.0 915920.0
915920.0 915920.0
915920.0 915920.0
915920.0 915920.0
915920.0 915920.0
915920.0 915920.0
915920.0 915920.0
915920.0 915920.0
915920.0 915920.0
915920.0 915920.0
915920.0 915920.0
915920.0 915920.0
