# Number of control cameras to place = 50 (includes 50 opportunistic sightings + 0 placed randomly)
184680, 9781144
186996, 9773176
184330, 9772639
188230, 9780905
184503, 9772763
185928, 9781175
189100, 9777938
190312, 9775093
185670, 9780320
184195, 9772884
188974, 9774738
184128, 9777824
188607, 9781183
190155, 9771859
185684, 9778768
190182, 9772531
189819, 9774361
187758, 9776446
187659, 9777094
185905, 9773161
189254, 9781175
187266, 9779486
184151, 9775466
188157, 9775771
185614, 9780838
185825, 9777784
188242, 9779645
187813, 9782085
184258, 9777368
187581, 9778147
184434, 9781508
185225, 9778864
190344, 9779438
188061, 9771918
185556, 9776326
189294, 9774842
189766, 9773098
184676, 9773555
184896, 9778966
187939, 9776121
189347, 9775452
187403, 9777158
185417, 9776154
187108, 9773030
186518, 9779271
185737, 9779020
190548, 9781507
189955, 9773588
186163, 9773101
190021, 9778523
