# Number of control cameras to place = 50 (includes 50 opportunistic sightings + 0 placed randomly)
189530, 9779759
185528, 9777910
189027, 9777331
189339, 9778519
187816, 9780603
185512, 9777555
190576, 9772649
187685, 9781784
187387, 9774150
187359, 9777298
186994, 9780537
190549, 9781124
187959, 9781891
189695, 9774039
185871, 9773591
186225, 9771956
186624, 9772420
188104, 9780634
184807, 9772351
188574, 9772900
188804, 9774418
190176, 9777251
185231, 9771841
187946, 9778080
187735, 9772097
185648, 9774902
188925, 9781044
184279, 9780139
185265, 9782057
188531, 9780812
189495, 9779341
190006, 9775076
188923, 9774255
189871, 9776697
186880, 9781719
189721, 9774522
186587, 9780580
189479, 9775281
188515, 9780024
189724, 9777509
186304, 9772925
184857, 9780160
188277, 9781235
189758, 9782251
185754, 9777766
184285, 9779386
186226, 9773658
189715, 9773043
188889, 9775276
188720, 9779255
