# Actual number of control cameras to place = 50
179511, 9782168
179511, 9784310
179511, 9786700
179511, 9788360
179511, 9789572
179511, 9791582
179511, 9793426
179511, 9794729
179511, 9796390
179511, 9798420
182624, 9782168
182624, 9784310
182624, 9786700
182624, 9788360
182624, 9789572
182624, 9791582
182624, 9793426
182624, 9794729
182624, 9796390
182624, 9798420
184980, 9782168
184980, 9784310
184980, 9786700
184980, 9788360
184980, 9789572
184980, 9791582
184980, 9793426
184980, 9794729
184980, 9796390
184980, 9798420
187225, 9782168
187225, 9784310
187225, 9786700
187225, 9788360
187225, 9789572
187225, 9791582
187225, 9793426
187225, 9794729
187225, 9796390
187225, 9798420
188405, 9782168
188405, 9784310
188405, 9786700
188405, 9788360
188405, 9789572
188405, 9791582
188405, 9793426
188405, 9794729
188405, 9796390
188405, 9798420
