# Actual number of control cameras to place = 50
178727, 9783321
178727, 9784984
178727, 9786902
178727, 9788121
178727, 9790135
178727, 9791117
178727, 9792937
178727, 9794559
178727, 9797144
178727, 9797891
180935, 9783321
180935, 9784984
180935, 9786902
180935, 9788121
180935, 9790135
180935, 9791117
180935, 9792937
180935, 9794559
180935, 9797144
180935, 9797891
183953, 9783321
183953, 9784984
183953, 9786902
183953, 9788121
183953, 9790135
183953, 9791117
183953, 9792937
183953, 9794559
183953, 9797144
183953, 9797891
187017, 9783321
187017, 9784984
187017, 9786902
187017, 9788121
187017, 9790135
187017, 9791117
187017, 9792937
187017, 9794559
187017, 9797144
187017, 9797891
188341, 9783321
188341, 9784984
188341, 9786902
188341, 9788121
188341, 9790135
188341, 9791117
188341, 9792937
188341, 9794559
188341, 9797144
188341, 9797891
