# Actual number of control cameras to place = 50
179069, 9782858
179069, 9784887
179069, 9787018
179069, 9788784
179069, 9789840
179069, 9792028
179069, 9792574
179069, 9794326
179069, 9797100
179069, 9798188
181461, 9782858
181461, 9784887
181461, 9787018
181461, 9788784
181461, 9789840
181461, 9792028
181461, 9792574
181461, 9794326
181461, 9797100
181461, 9798188
184709, 9782858
184709, 9784887
184709, 9787018
184709, 9788784
184709, 9789840
184709, 9792028
184709, 9792574
184709, 9794326
184709, 9797100
184709, 9798188
185705, 9782858
185705, 9784887
185705, 9787018
185705, 9788784
185705, 9789840
185705, 9792028
185705, 9792574
185705, 9794326
185705, 9797100
185705, 9798188
189262, 9782858
189262, 9784887
189262, 9787018
189262, 9788784
189262, 9789840
189262, 9792028
189262, 9792574
189262, 9794326
189262, 9797100
189262, 9798188
