# Number of control cameras to place = 54 (includes 54 opportunistic sightings + 0 placed randomly)
179808, 9797004
189265, 9795562
184970, 9796540
184124, 9797448
187578, 9793731
187721, 9783859
179729, 9790784
179830, 9785859
186737, 9785323
178558, 9784586
190278, 9784668
180152, 9798389
179903, 9791621
187013, 9798501
180227, 9793837
182908, 9796938
189476, 9793190
180160, 9797622
189600, 9788368
182885, 9783794
181071, 9796026
183065, 9784107
186299, 9795408
181294, 9796550
178711, 9785254
190293, 9797817
181013, 9787214
187553, 9790722
183751, 9798951
186527, 9784935
185742, 9785760
177810, 9796529
185626, 9784954
180913, 9782183
184568, 9795826
187668, 9793977
180495, 9790822
183461, 9788601
180867, 9794017
179082, 9792709
183807, 9792710
189614, 9789752
180353, 9788620
184384, 9792084
180447, 9786214
183399, 9789387
178329, 9793929
185607, 9786505
177913, 9785116
182441, 9787357
178572, 9785530
187146, 9785271
182494, 9794567
177853, 9793900
