# Number of control cameras to place = 54 (includes 54 opportunistic sightings + 0 placed randomly)
186193, 9798866
190460, 9783703
190624, 9788711
188445, 9798457
184644, 9783290
179663, 9788558
179600, 9795014
183390, 9782613
178808, 9797848
178518, 9790125
189325, 9793401
184827, 9793783
185180, 9796273
187734, 9784133
182932, 9798612
186088, 9783641
181331, 9798899
180320, 9785213
184589, 9786392
186095, 9791184
184334, 9782506
177994, 9791056
181085, 9794867
184277, 9797884
187751, 9796176
189576, 9789908
187177, 9798502
189544, 9783191
188379, 9790489
187705, 9782610
182575, 9786166
181537, 9785001
178971, 9785792
187964, 9797550
180170, 9793752
184023, 9794536
187907, 9793360
189954, 9798352
186866, 9789623
181864, 9788237
189210, 9788729
187835, 9793465
187091, 9798566
182881, 9783809
188465, 9797486
182411, 9797199
183184, 9794702
187702, 9785268
179615, 9796520
184683, 9784709
179909, 9796135
188749, 9793741
179259, 9791407
187500, 9787771
