# Number of control cameras to place = 50 (includes 50 opportunistic sightings + 0 placed randomly)
186599, 9787563
181045, 9790734
188307, 9792473
186603, 9784566
185678, 9784568
182282, 9790987
183931, 9798507
189207, 9782497
188130, 9790129
179938, 9791252
180264, 9796808
178518, 9790663
182463, 9785424
179370, 9789606
189197, 9796135
188011, 9796260
188040, 9798757
179116, 9798480
188509, 9785172
186536, 9796593
186198, 9783247
186719, 9796416
185882, 9788976
181295, 9789281
189630, 9791367
187109, 9799195
180812, 9790390
183960, 9788645
182386, 9798766
181452, 9797996
178619, 9792289
190272, 9788211
182553, 9788345
185962, 9797471
188541, 9783632
181935, 9785849
185638, 9783500
178514, 9790449
190167, 9786642
189956, 9786467
183779, 9789048
180815, 9782246
184283, 9794860
186319, 9791574
185995, 9798619
190383, 9783725
187841, 9786945
188824, 9785106
179370, 9794399
184519, 9788078
