# Number of control cameras to place = 50 (includes 5 opportunistic sightings + 45 placed randomly)
184274, 9789922
185142, 9790029
184414, 9790105
184396, 9792962
184044, 9788933
182180, 9792839
189205, 9798207
189451, 9784326
184632, 9797155
179559, 9789980
183722, 9797790
190330, 9796761
179403, 9794350
186441, 9782969
187956, 9783467
184703, 9782162
180660, 9789103
180623, 9783109
187800, 9788306
187422, 9796428
177991, 9793145
189398, 9792759
181798, 9795875
179739, 9784061
181090, 9791879
186676, 9798725
183749, 9782997
185330, 9786594
180643, 9794640
185316, 9788874
178494, 9788494
180579, 9798492
180124, 9782148
190628, 9787509
181360, 9787708
181467, 9799120
183655, 9794527
187590, 9787222
178648, 9782343
178550, 9788357
187877, 9797853
177788, 9794671
179375, 9794242
181550, 9789488
188012, 9786918
184444, 9786606
178412, 9792273
189800, 9798665
190204, 9787963
189007, 9795080
