# Number of control cameras to place = 50 (includes 15 opportunistic sightings + 35 placed randomly)
182745, 9793382
180501, 9791240
184488, 9788150
180996, 9790842
185490, 9792330
182404, 9789274
185369, 9791567
185325, 9791001
185470, 9792323
185462, 9792319
185328, 9791002
185458, 9792318
184852, 9789547
183090, 9789197
185474, 9792321
188977, 9789317
188630, 9794566
189153, 9798640
178481, 9782117
181044, 9797896
187758, 9795228
183444, 9797181
189132, 9785973
183089, 9789459
189327, 9788760
188359, 9791015
188192, 9785948
189067, 9788919
186367, 9798546
185519, 9788505
184359, 9797069
178586, 9798974
186670, 9798118
184054, 9782393
185716, 9782321
183760, 9786998
188884, 9791486
187766, 9790143
178658, 9796705
190700, 9793706
189557, 9786719
179249, 9798377
182862, 9794050
190240, 9798025
180461, 9787372
183088, 9793533
182048, 9798677
182312, 9796472
189533, 9792484
178191, 9785431
