# Number of control cameras to place = 54 (includes 6 opportunistic sightings + 48 placed randomly)
184900, 9789846
182009, 9790567
181988, 9789925
182588, 9789482
185702, 9790204
182795, 9789152
185267, 9791696
184252, 9783516
181976, 9797435
186268, 9783644
178701, 9787543
185135, 9782786
181889, 9793993
183270, 9786455
178095, 9788040
177976, 9787064
189043, 9793954
178521, 9785774
177909, 9787525
189605, 9787365
184902, 9797595
178337, 9788747
179015, 9796058
185560, 9784646
178041, 9785644
184116, 9790722
178214, 9789606
182855, 9782190
186821, 9788433
178635, 9787792
180560, 9783427
180733, 9798944
186556, 9787038
185110, 9786332
182745, 9797034
180813, 9795915
185889, 9784198
181591, 9786044
184176, 9796866
179040, 9788592
189955, 9795450
181670, 9786576
189398, 9798626
181447, 9794036
179629, 9789853
186957, 9793490
183527, 9798076
183907, 9784115
189087, 9793811
180165, 9798809
184518, 9798413
186117, 9789208
183502, 9789315
190714, 9785807
