# Actual number of control cameras to place = 48
172175, 9777525
172175, 9778571
172175, 9779058
172175, 9780051
172175, 9781078
172175, 9781855
172175, 9783468
172175, 9784292
172175, 9785533
172175, 9786606
172175, 9787435
172175, 9788534
172768, 9777525
172768, 9778571
172768, 9779058
172768, 9780051
172768, 9781078
172768, 9781855
172768, 9783468
172768, 9784292
172768, 9785533
172768, 9786606
172768, 9787435
172768, 9788534
174536, 9777525
174536, 9778571
174536, 9779058
174536, 9780051
174536, 9781078
174536, 9781855
174536, 9783468
174536, 9784292
174536, 9785533
174536, 9786606
174536, 9787435
174536, 9788534
176358, 9777525
176358, 9778571
176358, 9779058
176358, 9780051
176358, 9781078
176358, 9781855
176358, 9783468
176358, 9784292
176358, 9785533
176358, 9786606
176358, 9787435
176358, 9788534
