# Actual number of control cameras to place = 60
171995, 9777580
171995, 9777932
171995, 9779606
171995, 9780506
171995, 9781209
171995, 9782075
171995, 9783376
171995, 9784307
171995, 9785474
171995, 9786712
171995, 9787476
171995, 9788226
172751, 9777580
172751, 9777932
172751, 9779606
172751, 9780506
172751, 9781209
172751, 9782075
172751, 9783376
172751, 9784307
172751, 9785474
172751, 9786712
172751, 9787476
172751, 9788226
174570, 9777580
174570, 9777932
174570, 9779606
174570, 9780506
174570, 9781209
174570, 9782075
174570, 9783376
174570, 9784307
174570, 9785474
174570, 9786712
174570, 9787476
174570, 9788226
176275, 9777580
176275, 9777932
176275, 9779606
176275, 9780506
176275, 9781209
176275, 9782075
176275, 9783376
176275, 9784307
176275, 9785474
176275, 9786712
176275, 9787476
176275, 9788226
177085, 9777580
177085, 9777932
177085, 9779606
177085, 9780506
177085, 9781209
177085, 9782075
177085, 9783376
177085, 9784307
177085, 9785474
177085, 9786712
177085, 9787476
177085, 9788226
