# Number of control cameras to place = 50 (includes 50 opportunistic sightings + 0 placed randomly)
188503, 9787726
180341, 9785984
188701, 9788848
178225, 9794272
178449, 9783699
188463, 9792867
179324, 9785792
182039, 9792830
187654, 9783359
182081, 9783189
183272, 9794464
185170, 9787794
188820, 9790691
190306, 9795625
181780, 9795578
184684, 9798644
190291, 9795758
181164, 9788229
188711, 9792618
182562, 9785313
188809, 9788118
188451, 9793113
185896, 9798083
186498, 9791687
180198, 9783687
185071, 9797519
186519, 9794155
184527, 9796617
179923, 9792127
184307, 9787869
187427, 9798137
181815, 9787677
179070, 9795393
186303, 9795343
178259, 9792748
183639, 9783293
184100, 9792049
183276, 9790570
184364, 9796859
188633, 9785462
187208, 9789406
189116, 9785168
183435, 9782901
185561, 9785345
185991, 9796059
185179, 9793551
181241, 9783749
189002, 9782979
181610, 9789484
188260, 9794383
