# Number of control cameras to place = 50 (includes 50 opportunistic sightings + 0 placed randomly)
177500, 9777775
175081, 9783185
170946, 9786505
174425, 9785101
173730, 9779922
171488, 9777893
175382, 9788492
173157, 9779904
174141, 9788015
173289, 9782547
171322, 9781590
174022, 9780538
174943, 9778061
172959, 9779319
173703, 9781826
171181, 9784575
172101, 9786021
177213, 9777134
176431, 9783704
174619, 9787488
171206, 9784014
176083, 9786823
177495, 9778317
171648, 9788707
175933, 9780246
176949, 9782230
170976, 9779907
176749, 9777781
173658, 9786998
171797, 9783833
172191, 9787555
175223, 9786748
176533, 9781553
173470, 9786757
176136, 9778350
172793, 9787620
171143, 9777944
176164, 9783021
173698, 9787762
171264, 9781100
173477, 9777247
176345, 9779782
175916, 9785748
173380, 9780971
175406, 9779245
171609, 9782645
175159, 9785119
177008, 9787981
171178, 9786967
175030, 9784354
