# Actual number of control cameras to place = 60
170872, 9777437
170872, 9778376
170872, 9779211
170872, 9780021
170872, 9781064
170872, 9782081
170872, 9783544
170872, 9784063
170872, 9785023
170872, 9786497
170872, 9787076
170872, 9788378
173189, 9777437
173189, 9778376
173189, 9779211
173189, 9780021
173189, 9781064
173189, 9782081
173189, 9783544
173189, 9784063
173189, 9785023
173189, 9786497
173189, 9787076
173189, 9788378
174057, 9777437
174057, 9778376
174057, 9779211
174057, 9780021
174057, 9781064
174057, 9782081
174057, 9783544
174057, 9784063
174057, 9785023
174057, 9786497
174057, 9787076
174057, 9788378
176172, 9777437
176172, 9778376
176172, 9779211
176172, 9780021
176172, 9781064
176172, 9782081
176172, 9783544
176172, 9784063
176172, 9785023
176172, 9786497
176172, 9787076
176172, 9788378
176780, 9777437
176780, 9778376
176780, 9779211
176780, 9780021
176780, 9781064
176780, 9782081
176780, 9783544
176780, 9784063
176780, 9785023
176780, 9786497
176780, 9787076
176780, 9788378
