# Actual number of control cameras to place = 60
171351, 9776937
171351, 9778067
171351, 9779014
171351, 9780238
171351, 9781343
171351, 9782278
171351, 9783035
171351, 9784204
171351, 9784928
171351, 9786132
171351, 9787194
171351, 9788631
172966, 9776937
172966, 9778067
172966, 9779014
172966, 9780238
172966, 9781343
172966, 9782278
172966, 9783035
172966, 9784204
172966, 9784928
172966, 9786132
172966, 9787194
172966, 9788631
174688, 9776937
174688, 9778067
174688, 9779014
174688, 9780238
174688, 9781343
174688, 9782278
174688, 9783035
174688, 9784204
174688, 9784928
174688, 9786132
174688, 9787194
174688, 9788631
176001, 9776937
176001, 9778067
176001, 9779014
176001, 9780238
176001, 9781343
176001, 9782278
176001, 9783035
176001, 9784204
176001, 9784928
176001, 9786132
176001, 9787194
176001, 9788631
176698, 9776937
176698, 9778067
176698, 9779014
176698, 9780238
176698, 9781343
176698, 9782278
176698, 9783035
176698, 9784204
176698, 9784928
176698, 9786132
176698, 9787194
176698, 9788631
