# Actual number of control cameras to place = 48
171702, 9777551
171702, 9777939
171702, 9779612
171702, 9780049
171702, 9780856
171702, 9782006
171702, 9783248
171702, 9784266
171702, 9785345
171702, 9786198
171702, 9787654
171702, 9788301
173945, 9777551
173945, 9777939
173945, 9779612
173945, 9780049
173945, 9780856
173945, 9782006
173945, 9783248
173945, 9784266
173945, 9785345
173945, 9786198
173945, 9787654
173945, 9788301
175152, 9777551
175152, 9777939
175152, 9779612
175152, 9780049
175152, 9780856
175152, 9782006
175152, 9783248
175152, 9784266
175152, 9785345
175152, 9786198
175152, 9787654
175152, 9788301
177368, 9777551
177368, 9777939
177368, 9779612
177368, 9780049
177368, 9780856
177368, 9782006
177368, 9783248
177368, 9784266
177368, 9785345
177368, 9786198
177368, 9787654
177368, 9788301
