# Actual number of control cameras to place = 48
171421, 9776797
171421, 9778506
171421, 9778816
171421, 9780327
171421, 9781528
171421, 9782534
171421, 9783434
171421, 9784246
171421, 9785625
171421, 9786542
171421, 9786982
171421, 9788335
172691, 9776797
172691, 9778506
172691, 9778816
172691, 9780327
172691, 9781528
172691, 9782534
172691, 9783434
172691, 9784246
172691, 9785625
172691, 9786542
172691, 9786982
172691, 9788335
175597, 9776797
175597, 9778506
175597, 9778816
175597, 9780327
175597, 9781528
175597, 9782534
175597, 9783434
175597, 9784246
175597, 9785625
175597, 9786542
175597, 9786982
175597, 9788335
177647, 9776797
177647, 9778506
177647, 9778816
177647, 9780327
177647, 9781528
177647, 9782534
177647, 9783434
177647, 9784246
177647, 9785625
177647, 9786542
177647, 9786982
177647, 9788335
