# Number of control cameras to place = 54 (includes 54 opportunistic sightings + 0 placed randomly)
176976, 9779033
176226, 9786848
176912, 9785918
175669, 9787814
176768, 9783242
172736, 9780668
176904, 9777706
173283, 9783174
174313, 9786541
172099, 9786241
171031, 9787661
176547, 9786202
176245, 9781638
176625, 9784979
175141, 9785058
170984, 9782265
176718, 9781836
171476, 9784770
176652, 9779716
174419, 9782327
177190, 9778601
175474, 9777001
174266, 9777905
176387, 9781890
175305, 9776921
175497, 9784328
177438, 9780675
173619, 9781416
173672, 9779150
174465, 9785319
175279, 9781953
175102, 9788663
177264, 9778806
174258, 9787401
174263, 9776865
174989, 9781408
176025, 9786994
177252, 9779477
172463, 9781016
175903, 9780384
175845, 9787141
175259, 9779795
173908, 9779277
173038, 9780123
171244, 9784982
173083, 9782571
175381, 9785974
172504, 9777139
175727, 9777616
171776, 9777874
171897, 9784236
171540, 9780691
176030, 9787511
171270, 9787238
