# Number of control cameras to place = 50 (includes 50 opportunistic sightings + 0 placed randomly)
189367, 9783323
189456, 9782233
187544, 9790724
186142, 9788976
189026, 9788109
181946, 9782447
182102, 9791615
178131, 9783175
179173, 9790209
178131, 9791095
186713, 9796511
179326, 9783266
179847, 9793789
186664, 9796744
180243, 9796683
180675, 9792712
188193, 9788972
188645, 9785641
189655, 9782858
180573, 9788169
183342, 9796172
182618, 9793567
186084, 9783172
180669, 9796940
186001, 9796188
182730, 9787490
178596, 9783038
190207, 9783294
189578, 9798582
189909, 9790918
187858, 9784008
189369, 9789759
181357, 9788935
186824, 9799138
188792, 9795675
180544, 9786540
188112, 9784006
178577, 9789272
190208, 9794533
186213, 9791850
179071, 9796854
180625, 9790026
183371, 9790369
189837, 9788881
180693, 9791801
178316, 9796075
188775, 9792430
189385, 9797804
178282, 9784956
180085, 9782566
