# Number of control cameras to place = 50 (includes 0 opportunistic sightings + 50 placed randomly)
173001, 9785389
173749, 9783300
171931, 9783804
175671, 9777104
177027, 9780278
175827, 9783805
175609, 9782520
172652, 9783005
173867, 9783423
175947, 9779752
174630, 9785430
172213, 9785071
177314, 9781768
175919, 9783283
177050, 9787316
172522, 9787540
176477, 9782832
175531, 9787219
172163, 9780312
172933, 9788313
175166, 9781519
171888, 9787884
172985, 9780456
175884, 9778235
172735, 9788528
173608, 9786689
173322, 9782420
177069, 9787207
174996, 9779986
171146, 9779841
175060, 9785577
174375, 9777102
171856, 9786241
172241, 9784428
174983, 9785447
171348, 9784152
173074, 9787914
174867, 9785002
174980, 9786161
174204, 9787916
173245, 9784520
171618, 9777932
173887, 9788241
174045, 9786602
171067, 9779439
177276, 9780475
174084, 9784796
177205, 9788526
176708, 9778655
170962, 9788105
