# Number of control cameras to place = 50 (includes 2 opportunistic sightings + 48 placed randomly)
171106, 9782218
172136, 9785200
171547, 9785933
177180, 9785587
175570, 9778653
173051, 9779342
173524, 9777814
173187, 9781689
174685, 9776853
173743, 9777265
175834, 9783346
171773, 9787177
176516, 9777808
174761, 9784899
177376, 9781589
175729, 9783486
174266, 9783185
176932, 9783023
172057, 9786988
172269, 9780612
175824, 9787796
175835, 9779729
174300, 9782072
176012, 9778591
176371, 9781366
176866, 9778052
176954, 9787064
176133, 9780767
171068, 9787748
174434, 9788656
171248, 9784630
172422, 9787259
175157, 9784390
175427, 9783818
172906, 9779660
177424, 9777034
171186, 9786251
171239, 9777235
173532, 9778112
170941, 9785740
172242, 9778538
173473, 9783507
175562, 9780974
174642, 9787725
172184, 9779457
174623, 9783622
174581, 9776818
170928, 9786079
177040, 9782055
175815, 9778170
