# Actual number of control cameras to place = 50
178944, 9782879
178944, 9784973
178944, 9785801
178944, 9787473
178944, 9789661
178944, 9791967
178944, 9793616
178944, 9794966
178944, 9796404
178944, 9799261
180705, 9782879
180705, 9784973
180705, 9785801
180705, 9787473
180705, 9789661
180705, 9791967
180705, 9793616
180705, 9794966
180705, 9796404
180705, 9799261
185024, 9782879
185024, 9784973
185024, 9785801
185024, 9787473
185024, 9789661
185024, 9791967
185024, 9793616
185024, 9794966
185024, 9796404
185024, 9799261
186238, 9782879
186238, 9784973
186238, 9785801
186238, 9787473
186238, 9789661
186238, 9791967
186238, 9793616
186238, 9794966
186238, 9796404
186238, 9799261
190273, 9782879
190273, 9784973
190273, 9785801
190273, 9787473
190273, 9789661
190273, 9791967
190273, 9793616
190273, 9794966
190273, 9796404
190273, 9799261
