# Number of control cameras to place = 50 (includes 50 opportunistic sightings + 0 placed randomly)
187878, 9788038
184337, 9785063
181790, 9785823
184778, 9797446
181942, 9793683
187043, 9796148
186019, 9795790
188084, 9783180
187427, 9787233
183806, 9782672
189032, 9791878
182731, 9792378
185239, 9795128
187877, 9794797
189402, 9788612
184818, 9783962
187591, 9789119
189963, 9795350
189244, 9794966
190007, 9797612
189331, 9784923
185457, 9798043
190629, 9783945
183893, 9793689
185908, 9784476
185860, 9791000
183033, 9798094
188646, 9783095
182691, 9783025
186613, 9785202
188357, 9790446
187620, 9798794
179777, 9790227
184831, 9794545
179329, 9795357
184003, 9788636
180951, 9794653
180925, 9788283
186121, 9786876
186916, 9797459
181815, 9797358
187536, 9797272
182622, 9797629
182671, 9796298
178784, 9786262
184484, 9790618
181480, 9792526
184595, 9783633
180215, 9784999
178955, 9791578
