# Number of control cameras to place = 50 (includes 50 opportunistic sightings + 0 placed randomly)
171295, 9784568
176286, 9777922
175447, 9788088
173345, 9777031
173626, 9782890
174719, 9785746
173623, 9788379
175954, 9782218
176183, 9780333
174930, 9780947
177475, 9781343
175223, 9779597
177532, 9787830
172625, 9781763
171945, 9779386
173059, 9777018
175920, 9786397
175946, 9779012
171538, 9777102
174733, 9780799
172260, 9777760
175224, 9779299
173803, 9781013
177698, 9785229
172832, 9782067
176409, 9781729
176353, 9787914
171519, 9778555
171011, 9781933
171083, 9784123
175008, 9786589
171821, 9783146
175779, 9778810
174912, 9786076
177021, 9785520
176514, 9779512
175606, 9782712
176237, 9788775
175986, 9784251
171637, 9784540
174932, 9784499
175449, 9782600
173943, 9786133
175291, 9782463
172466, 9779991
177479, 9778858
175544, 9781146
173165, 9785884
173782, 9780349
177117, 9778818
