# Number of control cameras to place = 54 (includes 9 opportunistic sightings + 45 placed randomly)
171696, 9783078
173670, 9782966
171554, 9782714
172055, 9784999
172176, 9785077
174252, 9782887
173961, 9782968
172174, 9784747
171890, 9783394
174791, 9783006
171909, 9778533
172967, 9785481
173450, 9777364
173194, 9782383
176937, 9783594
171055, 9786599
173783, 9777749
177583, 9782381
173865, 9788510
176252, 9777772
174051, 9779559
173315, 9777360
174412, 9782866
172954, 9783603
177708, 9780551
176575, 9786865
172590, 9783609
170971, 9786823
170945, 9785455
171187, 9780975
175420, 9784584
176999, 9787569
176250, 9780619
177549, 9784955
176065, 9780395
171969, 9783532
173210, 9781931
172345, 9779311
171184, 9778473
176991, 9788574
177482, 9786502
176853, 9785585
173176, 9787763
172231, 9785211
172091, 9782484
170991, 9788027
175140, 9778858
175248, 9787774
171765, 9788622
173402, 9782972
174021, 9779388
175710, 9779433
174519, 9779505
176589, 9787112
