# Number of control cameras to place = 54 (includes 9 opportunistic sightings + 45 placed randomly)
170750, 9777819
171369, 9779852
171333, 9782242
171333, 9782242
171333, 9782242
171333, 9782242
171514, 9781075
171106, 9782218
171560, 9779472
177190, 9787952
175492, 9786615
175935, 9779978
176089, 9787868
171903, 9779022
171165, 9785923
177536, 9786388
174000, 9785674
173985, 9788646
176289, 9780507
174426, 9776993
175761, 9777421
171697, 9785810
173263, 9783349
174416, 9778600
177169, 9785071
174125, 9783438
176329, 9779106
174600, 9783134
175387, 9785301
173007, 9779881
172532, 9786362
170879, 9787828
176845, 9783975
173277, 9781912
176979, 9780186
175074, 9781402
173261, 9786386
175628, 9782753
176943, 9783639
174582, 9786988
177334, 9780701
171254, 9785031
175704, 9781781
175420, 9779209
175094, 9778984
175350, 9786976
175921, 9778930
172140, 9780744
172976, 9777555
172286, 9780978
172105, 9787485
173570, 9778319
177689, 9781152
171166, 9782513
