# Number of control cameras to place = 54 (includes 13 opportunistic sightings + 41 placed randomly)
171026, 9780657
171986, 9783091
172134, 9782855
172083, 9785712
171553, 9780574
171954, 9785335
172011, 9782188
172093, 9782850
171026, 9780657
171245, 9782360
171954, 9785335
173280, 9781559
171228, 9781156
177541, 9778601
171587, 9787375
173542, 9786117
171505, 9784597
176038, 9787878
171564, 9781706
174327, 9786478
174022, 9777369
175343, 9786542
176108, 9778534
174187, 9778434
176185, 9787713
174445, 9786251
174494, 9782520
177401, 9782141
174077, 9785223
172327, 9787614
173952, 9782283
172243, 9778470
174271, 9785207
177306, 9784241
172977, 9785477
174857, 9780145
174264, 9786566
175355, 9780409
175151, 9784666
173751, 9782963
176460, 9788400
175423, 9777214
175903, 9777166
171916, 9779750
171350, 9778044
175065, 9785829
176844, 9783691
177420, 9788104
176552, 9778317
172985, 9776794
175095, 9785378
171228, 9777753
172044, 9777235
172882, 9777819
