# Actual number of control cameras to place = 48
185476, 9772361
185476, 9772870
185476, 9774210
185476, 9774674
185476, 9775715
185476, 9776839
185476, 9777687
185476, 9778667
185476, 9779181
185476, 9780240
185476, 9780719
185476, 9781650
186519, 9772361
186519, 9772870
186519, 9774210
186519, 9774674
186519, 9775715
186519, 9776839
186519, 9777687
186519, 9778667
186519, 9779181
186519, 9780240
186519, 9780719
186519, 9781650
187852, 9772361
187852, 9772870
187852, 9774210
187852, 9774674
187852, 9775715
187852, 9776839
187852, 9777687
187852, 9778667
187852, 9779181
187852, 9780240
187852, 9780719
187852, 9781650
189409, 9772361
189409, 9772870
189409, 9774210
189409, 9774674
189409, 9775715
189409, 9776839
189409, 9777687
189409, 9778667
189409, 9779181
189409, 9780240
189409, 9780719
189409, 9781650
