# Actual number of control cameras to place = 48
184423, 9772269
184423, 9772996
184423, 9774180
184423, 9774900
184423, 9775592
184423, 9776420
184423, 9777192
184423, 9778174
184423, 9779470
184423, 9780437
184423, 9781012
184423, 9782284
186141, 9772269
186141, 9772996
186141, 9774180
186141, 9774900
186141, 9775592
186141, 9776420
186141, 9777192
186141, 9778174
186141, 9779470
186141, 9780437
186141, 9781012
186141, 9782284
187616, 9772269
187616, 9772996
187616, 9774180
187616, 9774900
187616, 9775592
187616, 9776420
187616, 9777192
187616, 9778174
187616, 9779470
187616, 9780437
187616, 9781012
187616, 9782284
190199, 9772269
190199, 9772996
190199, 9774180
190199, 9774900
190199, 9775592
190199, 9776420
190199, 9777192
190199, 9778174
190199, 9779470
190199, 9780437
190199, 9781012
190199, 9782284
