# Number of control cameras to place = 54 (includes 54 opportunistic sightings + 0 placed randomly)
184574, 9772577
187180, 9778367
189965, 9771893
184222, 9782053
189520, 9774740
188539, 9777346
189048, 9780589
186301, 9771809
187418, 9776055
186925, 9781938
189692, 9781700
189482, 9778580
186335, 9776315
188039, 9773772
185845, 9778781
184957, 9774101
188610, 9772158
186202, 9778904
190076, 9776854
189310, 9774691
189781, 9779834
187962, 9772828
184160, 9773346
188360, 9773612
186263, 9778576
186168, 9780779
190238, 9779325
189018, 9781603
187336, 9779834
187771, 9772006
188470, 9779687
185027, 9779875
187606, 9775171
189885, 9775104
185948, 9778377
187951, 9779105
183989, 9772348
185009, 9776830
188992, 9781350
190280, 9777524
185913, 9780914
187442, 9778578
187777, 9775660
190513, 9777044
186227, 9771890
185874, 9771969
185965, 9775790
190156, 9773667
190157, 9777466
185722, 9780527
187529, 9776695
189676, 9777385
188258, 9779703
185096, 9777582
