# Number of control cameras to place = 54 (includes 8 opportunistic sightings + 46 placed randomly)
189320, 9773246
186249, 9780702
185261, 9780565
188600, 9778970
188558, 9779093
187887, 9778527
185929, 9776212
188773, 9777168
188010, 9778506
188648, 9781106
190148, 9772630
184200, 9781665
184058, 9776266
188255, 9772030
187539, 9777044
188716, 9771979
186296, 9782284
188990, 9775680
189945, 9781506
186758, 9772646
186438, 9777378
188543, 9777367
186612, 9773455
186772, 9782297
188434, 9781333
188732, 9778776
187933, 9777299
188873, 9780716
189243, 9773959
184736, 9778908
187111, 9777368
185168, 9778931
186167, 9778418
189115, 9772445
188269, 9780728
184416, 9782154
190510, 9777983
186410, 9777931
189013, 9773011
185997, 9778697
184864, 9777628
188887, 9773552
189890, 9775592
187368, 9778276
184310, 9781202
189921, 9779070
189691, 9779420
190271, 9777586
188999, 9775554
185203, 9775586
186017, 9777293
188197, 9777712
185724, 9772929
189269, 9776499
