# Number of control cameras to place = 50 (includes 7 opportunistic sightings + 43 placed randomly)
188556, 9779110
187266, 9774057
188584, 9779181
188590, 9779182
188380, 9779236
185372, 9780539
186777, 9779838
185680, 9775223
188612, 9772407
188935, 9781895
189587, 9779375
187457, 9776193
190074, 9781840
188365, 9777015
190104, 9773697
184468, 9773350
190252, 9772313
184813, 9775053
189424, 9776256
189499, 9774417
189677, 9774839
184354, 9780434
188304, 9778711
184502, 9780890
189506, 9778765
186596, 9774050
185189, 9775720
188722, 9774660
185330, 9781071
184713, 9776230
185060, 9775222
190456, 9778854
186583, 9773691
186526, 9780425
189424, 9781788
189663, 9781594
184308, 9775994
184956, 9774034
184066, 9775120
190170, 9776587
185194, 9777301
186528, 9773405
186346, 9774398
185632, 9773080
189483, 9781568
189612, 9774233
189752, 9778380
185115, 9772225
189091, 9772285
188188, 9776672
