# Number of control cameras to place = 50 (includes 1 opportunistic sightings + 49 placed randomly)
185444, 9778496
188055, 9775354
185280, 9775751
187237, 9779812
189517, 9780383
186933, 9780877
184204, 9774981
187697, 9774602
188073, 9774122
189172, 9773999
186858, 9779900
188634, 9779089
184257, 9779707
185161, 9773526
186704, 9779898
186668, 9781994
189965, 9776072
184444, 9781554
188319, 9777984
185046, 9772709
187986, 9779600
189085, 9779525
189321, 9774028
186616, 9780041
186255, 9776370
187410, 9774537
187878, 9780118
187769, 9774787
185663, 9775833
186834, 9775302
187679, 9780758
184059, 9773001
185552, 9774685
190196, 9778914
187323, 9777962
189244, 9772888
188980, 9772458
185547, 9779653
185242, 9781927
188706, 9779376
186487, 9777020
188816, 9778350
190563, 9782038
185039, 9780466
187062, 9773768
188350, 9781468
186526, 9781738
185663, 9778880
185282, 9771788
185682, 9779048
