# Actual number of control cameras to place = 60
171725, 9776964
171725, 9778006
171725, 9778871
171725, 9780437
171725, 9781612
171725, 9781862
171725, 9783407
171725, 9784500
171725, 9785120
171725, 9785976
171725, 9786953
171725, 9788150
172796, 9776964
172796, 9778006
172796, 9778871
172796, 9780437
172796, 9781612
172796, 9781862
172796, 9783407
172796, 9784500
172796, 9785120
172796, 9785976
172796, 9786953
172796, 9788150
174304, 9776964
174304, 9778006
174304, 9778871
174304, 9780437
174304, 9781612
174304, 9781862
174304, 9783407
174304, 9784500
174304, 9785120
174304, 9785976
174304, 9786953
174304, 9788150
175379, 9776964
175379, 9778006
175379, 9778871
175379, 9780437
175379, 9781612
175379, 9781862
175379, 9783407
175379, 9784500
175379, 9785120
175379, 9785976
175379, 9786953
175379, 9788150
176684, 9776964
176684, 9778006
176684, 9778871
176684, 9780437
176684, 9781612
176684, 9781862
176684, 9783407
176684, 9784500
176684, 9785120
176684, 9785976
176684, 9786953
176684, 9788150
