# Actual number of control cameras to place = 50
178813, 9782948
178813, 9784123
178813, 9786078
178813, 9788459
178813, 9790001
178813, 9790915
178813, 9792599
178813, 9795261
178813, 9796924
178813, 9798106
182347, 9782948
182347, 9784123
182347, 9786078
182347, 9788459
182347, 9790001
182347, 9790915
182347, 9792599
182347, 9795261
182347, 9796924
182347, 9798106
184355, 9782948
184355, 9784123
184355, 9786078
184355, 9788459
184355, 9790001
184355, 9790915
184355, 9792599
184355, 9795261
184355, 9796924
184355, 9798106
186449, 9782948
186449, 9784123
186449, 9786078
186449, 9788459
186449, 9790001
186449, 9790915
186449, 9792599
186449, 9795261
186449, 9796924
186449, 9798106
188658, 9782948
188658, 9784123
188658, 9786078
188658, 9788459
188658, 9790001
188658, 9790915
188658, 9792599
188658, 9795261
188658, 9796924
188658, 9798106
