# Actual number of control cameras to place = 60
171816, 9777397
171816, 9777961
171816, 9779520
171816, 9780466
171816, 9781320
171816, 9782452
171816, 9783604
171816, 9784304
171816, 9785643
171816, 9786325
171816, 9787219
171816, 9788728
172983, 9777397
172983, 9777961
172983, 9779520
172983, 9780466
172983, 9781320
172983, 9782452
172983, 9783604
172983, 9784304
172983, 9785643
172983, 9786325
172983, 9787219
172983, 9788728
174804, 9777397
174804, 9777961
174804, 9779520
174804, 9780466
174804, 9781320
174804, 9782452
174804, 9783604
174804, 9784304
174804, 9785643
174804, 9786325
174804, 9787219
174804, 9788728
175761, 9777397
175761, 9777961
175761, 9779520
175761, 9780466
175761, 9781320
175761, 9782452
175761, 9783604
175761, 9784304
175761, 9785643
175761, 9786325
175761, 9787219
175761, 9788728
176877, 9777397
176877, 9777961
176877, 9779520
176877, 9780466
176877, 9781320
176877, 9782452
176877, 9783604
176877, 9784304
176877, 9785643
176877, 9786325
176877, 9787219
176877, 9788728
