# Number of control cameras to place = 50 (includes 50 opportunistic sightings + 0 placed randomly)
180403, 9791150
181888, 9798011
179050, 9793071
183939, 9786670
182539, 9798616
184544, 9787174
178146, 9786036
183877, 9798263
189018, 9795688
186306, 9795281
181852, 9797778
189832, 9787807
181556, 9788630
185360, 9798409
179541, 9788176
190165, 9799110
188060, 9792632
184743, 9792984
189913, 9783347
188075, 9788605
183338, 9785211
187713, 9787849
186916, 9787071
187488, 9795189
185982, 9785621
189352, 9785684
189080, 9782343
178554, 9784460
189189, 9796502
181403, 9798998
186623, 9797544
184575, 9782600
189171, 9794672
186206, 9796020
178609, 9793487
190147, 9798041
179723, 9788231
185853, 9793971
186836, 9787956
177987, 9798829
178429, 9782149
189420, 9796349
189308, 9783746
188926, 9792885
187401, 9783027
186840, 9798699
178548, 9795972
183265, 9787822
179871, 9795589
178255, 9799026
