# Number of control cameras to place = 50 (includes 50 opportunistic sightings + 0 placed randomly)
190572, 9782456
180128, 9790219
184760, 9784975
183800, 9788278
188661, 9786452
182087, 9788207
186078, 9793119
185838, 9786560
177898, 9798864
189608, 9787562
190460, 9796392
183565, 9797811
178626, 9785648
186849, 9798188
180293, 9796736
181124, 9793799
183385, 9794996
182201, 9798591
180002, 9795606
185492, 9782135
186037, 9786532
178362, 9797440
190049, 9783484
179159, 9787501
182513, 9788477
189146, 9795777
177830, 9786713
182670, 9787267
179321, 9798775
178171, 9792882
184980, 9789678
188486, 9797293
183581, 9791926
190381, 9786179
181320, 9796435
182686, 9798807
187354, 9793832
183537, 9794401
179845, 9797045
181340, 9791590
185960, 9790990
183374, 9786972
184714, 9787984
179246, 9786531
184801, 9793952
187874, 9788723
183916, 9787250
179506, 9783690
183856, 9798205
189852, 9788844
