# Number of control cameras to place = 54 (includes 54 opportunistic sightings + 0 placed randomly)
176095, 9781033
177009, 9787299
171836, 9787107
172731, 9782184
174402, 9777175
174973, 9783915
174434, 9783678
174125, 9781682
177372, 9786882
174473, 9779859
175692, 9781258
177655, 9787312
174243, 9777588
175362, 9778575
171684, 9787146
175739, 9788686
172211, 9782481
174343, 9785144
170988, 9785694
173280, 9786422
174405, 9778952
176096, 9787973
174877, 9779315
177448, 9783351
173906, 9785745
176255, 9784623
172400, 9782219
174276, 9782206
175759, 9786831
176921, 9779002
171550, 9779007
174281, 9777112
175406, 9787071
172353, 9777903
171909, 9785561
174503, 9786852
175474, 9785642
173969, 9781247
174219, 9780290
177029, 9784073
175294, 9777306
172706, 9782984
174799, 9777340
176982, 9783790
177071, 9788132
174659, 9787002
171202, 9780736
172465, 9784037
172414, 9781659
173310, 9777277
170867, 9777270
177180, 9783465
174112, 9786333
176588, 9785635
