# Number of control cameras to place = 50 (includes 50 opportunistic sightings + 0 placed randomly)
175662, 9778275
177643, 9783752
174576, 9783303
175117, 9782955
174511, 9779658
171508, 9781542
170924, 9780965
172005, 9778667
175604, 9781334
174730, 9780870
172287, 9781661
173150, 9783886
171791, 9779365
174134, 9787355
177340, 9787349
172074, 9777395
174639, 9784149
177111, 9776908
177485, 9780007
177061, 9783484
177418, 9779664
175100, 9783780
171121, 9781374
172704, 9783086
174856, 9784529
172561, 9781333
171130, 9776958
174891, 9781729
176354, 9777575
176892, 9783782
171121, 9782727
176770, 9785597
173970, 9786219
173173, 9781039
171568, 9782179
173975, 9778831
171481, 9777956
174406, 9780121
177361, 9778351
176350, 9784821
173587, 9783703
171785, 9779245
177601, 9779399
173137, 9784385
177643, 9783019
174675, 9785829
177443, 9777980
176650, 9778046
175169, 9785459
174365, 9778366
