# Number of control cameras to place = 50 (includes 0 opportunistic sightings + 50 placed randomly)
178122, 9782358
179271, 9786525
190035, 9797257
178598, 9786334
189782, 9788426
186845, 9789544
186347, 9794051
190498, 9794895
184142, 9783771
178501, 9794381
188912, 9793822
185717, 9792408
187436, 9795420
185334, 9784245
184016, 9791451
182313, 9795502
182646, 9788036
182014, 9783486
189083, 9797940
190693, 9789578
189821, 9790167
187517, 9788630
183973, 9785651
179971, 9796198
182728, 9785319
189649, 9788369
189447, 9790540
181499, 9794354
182367, 9794688
188908, 9786859
189442, 9789937
178022, 9791111
178329, 9792051
180440, 9788615
179755, 9791841
183577, 9788445
187110, 9788872
189081, 9796534
187390, 9787193
189524, 9788926
177998, 9790668
181285, 9783080
180786, 9796302
177992, 9782517
184689, 9790758
178292, 9788395
183426, 9788042
185087, 9797223
188897, 9791037
187141, 9794896
