# Number of control cameras to place = 50 (includes 1 opportunistic sightings + 49 placed randomly)
173520, 9782062
174044, 9782237
173757, 9782108
171351, 9776910
173844, 9788191
177399, 9778422
176501, 9783702
175049, 9785172
175235, 9786665
173026, 9780803
172168, 9785308
172617, 9783612
172928, 9782158
171316, 9784641
174099, 9778725
173643, 9787435
170898, 9786666
175609, 9782510
172370, 9777046
174030, 9779560
171177, 9778242
174603, 9788605
175284, 9783414
174957, 9780613
174516, 9788337
177065, 9788752
173823, 9777425
174328, 9777556
175406, 9779851
174031, 9780651
173238, 9786900
170913, 9782778
171496, 9785863
175814, 9784246
172814, 9786036
173866, 9781745
177111, 9781153
177317, 9785858
172844, 9778718
171417, 9777870
175157, 9784532
176922, 9787491
171020, 9780128
177464, 9780261
174715, 9787016
172456, 9781887
174676, 9783067
172868, 9788439
176929, 9785322
171523, 9785416
