# Actual number of control cameras to place = 48
185100, 9772036
185100, 9773280
185100, 9773889
185100, 9775110
185100, 9775542
185100, 9776829
185100, 9777726
185100, 9778268
185100, 9779142
185100, 9780041
185100, 9780833
185100, 9782222
186337, 9772036
186337, 9773280
186337, 9773889
186337, 9775110
186337, 9775542
186337, 9776829
186337, 9777726
186337, 9778268
186337, 9779142
186337, 9780041
186337, 9780833
186337, 9782222
188792, 9772036
188792, 9773280
188792, 9773889
188792, 9775110
188792, 9775542
188792, 9776829
188792, 9777726
188792, 9778268
188792, 9779142
188792, 9780041
188792, 9780833
188792, 9782222
190448, 9772036
190448, 9773280
190448, 9773889
190448, 9775110
190448, 9775542
190448, 9776829
190448, 9777726
190448, 9778268
190448, 9779142
190448, 9780041
190448, 9780833
190448, 9782222
