# Actual number of control cameras to place = 50
178922, 9782276
178922, 9785195
178922, 9785705
178922, 9787969
178922, 9790490
178922, 9791197
178922, 9792537
178922, 9794598
178922, 9796479
178922, 9799278
181915, 9782276
181915, 9785195
181915, 9785705
181915, 9787969
181915, 9790490
181915, 9791197
181915, 9792537
181915, 9794598
181915, 9796479
181915, 9799278
185037, 9782276
185037, 9785195
185037, 9785705
185037, 9787969
185037, 9790490
185037, 9791197
185037, 9792537
185037, 9794598
185037, 9796479
185037, 9799278
185765, 9782276
185765, 9785195
185765, 9785705
185765, 9787969
185765, 9790490
185765, 9791197
185765, 9792537
185765, 9794598
185765, 9796479
185765, 9799278
188685, 9782276
188685, 9785195
188685, 9785705
188685, 9787969
188685, 9790490
188685, 9791197
188685, 9792537
188685, 9794598
188685, 9796479
188685, 9799278
