# Number of control cameras to place = 50 (includes 50 opportunistic sightings + 0 placed randomly)
190060, 9774211
187517, 9783867
177778, 9778223
178242, 9793806
180213, 9791377
185690, 9794798
184430, 9772281
182105, 9790545
189622, 9790112
179245, 9792708
188570, 9787183
180155, 9787516
188070, 9779773
189217, 9781810
188659, 9791791
182400, 9772983
185755, 9789782
180757, 9781738
179617, 9782672
180938, 9776763
189988, 9775931
185821, 9774875
180503, 9775641
181759, 9793819
183295, 9781916
184871, 9795148
188494, 9791734
183536, 9795230
190416, 9780279
182861, 9787052
182504, 9776555
185796, 9791163
181721, 9795853
182006, 9795402
186850, 9777721
177762, 9782314
181019, 9793669
178260, 9772889
184937, 9783552
189538, 9790284
186856, 9781004
188406, 9788043
190587, 9793747
186733, 9783293
179407, 9778818
182086, 9787892
183154, 9793575
177755, 9776600
178155, 9777867
184740, 9780978
