# Actual number of control cameras to place = 50
179146, 9782162
179146, 9784375
179146, 9786216
179146, 9788395
179146, 9790444
179146, 9792193
179146, 9792861
179146, 9795295
179146, 9796212
179146, 9798647
181789, 9782162
181789, 9784375
181789, 9786216
181789, 9788395
181789, 9790444
181789, 9792193
181789, 9792861
181789, 9795295
181789, 9796212
181789, 9798647
183266, 9782162
183266, 9784375
183266, 9786216
183266, 9788395
183266, 9790444
183266, 9792193
183266, 9792861
183266, 9795295
183266, 9796212
183266, 9798647
187391, 9782162
187391, 9784375
187391, 9786216
187391, 9788395
187391, 9790444
187391, 9792193
187391, 9792861
187391, 9795295
187391, 9796212
187391, 9798647
188774, 9782162
188774, 9784375
188774, 9786216
188774, 9788395
188774, 9790444
188774, 9792193
188774, 9792861
188774, 9795295
188774, 9796212
188774, 9798647
