# Actual number of control cameras to place = 50
178319, 9782594
178319, 9785198
178319, 9787034
178319, 9788599
178319, 9790216
178319, 9791750
178319, 9792819
178319, 9795551
178319, 9796324
178319, 9798705
180690, 9782594
180690, 9785198
180690, 9787034
180690, 9788599
180690, 9790216
180690, 9791750
180690, 9792819
180690, 9795551
180690, 9796324
180690, 9798705
185111, 9782594
185111, 9785198
185111, 9787034
185111, 9788599
185111, 9790216
185111, 9791750
185111, 9792819
185111, 9795551
185111, 9796324
185111, 9798705
186255, 9782594
186255, 9785198
186255, 9787034
186255, 9788599
186255, 9790216
186255, 9791750
186255, 9792819
186255, 9795551
186255, 9796324
186255, 9798705
190608, 9782594
190608, 9785198
190608, 9787034
190608, 9788599
190608, 9790216
190608, 9791750
190608, 9792819
190608, 9795551
190608, 9796324
190608, 9798705
