# Number of control cameras to place = 50 (includes 50 opportunistic sightings + 0 placed randomly)
188564, 9785676
190549, 9786948
188392, 9792667
188335, 9791328
179184, 9782966
182824, 9787666
181661, 9796877
181003, 9784493
182257, 9785007
181136, 9783040
185941, 9786385
190102, 9786518
186342, 9790032
182232, 9790604
189451, 9797857
183547, 9795139
188580, 9791288
178056, 9786223
188661, 9798471
187909, 9782901
181272, 9791587
180237, 9783409
189384, 9788460
187440, 9797945
182068, 9782818
188709, 9790339
188450, 9783064
185551, 9798945
187830, 9793478
183527, 9788722
182752, 9791361
183441, 9798572
183313, 9785686
179434, 9796872
190341, 9783571
180320, 9792848
188075, 9797723
189599, 9790095
178839, 9784411
187023, 9792438
188872, 9784488
179087, 9795264
178199, 9789836
183635, 9795260
178044, 9788695
178317, 9798989
181231, 9787538
190699, 9793564
186485, 9797015
180865, 9784359
