# Number of control cameras to place = 50 (includes 50 opportunistic sightings + 0 placed randomly)
186720, 9788821
182072, 9789608
182039, 9791957
187388, 9788868
183598, 9784098
187979, 9790746
178959, 9787600
187293, 9788407
184438, 9786576
185702, 9786978
184575, 9794846
187802, 9789941
185411, 9786364
186517, 9797446
182406, 9793575
189924, 9791453
178669, 9783066
186528, 9795077
189744, 9790029
186761, 9796600
179129, 9796834
185320, 9792995
188227, 9788726
182704, 9788418
181474, 9783101
186450, 9790524
178184, 9787144
188494, 9796424
180366, 9791223
189813, 9794399
180271, 9788690
182873, 9783328
180767, 9794951
178048, 9795934
184881, 9796028
188581, 9785484
183657, 9788006
187768, 9791569
189470, 9790125
178900, 9791377
186516, 9788659
180739, 9786502
184477, 9792621
187213, 9797341
186106, 9785280
189015, 9790182
183578, 9782171
180350, 9797230
179760, 9786409
182893, 9794170
