# Number of control cameras to place = 54 (includes 13 opportunistic sightings + 41 placed randomly)
170921, 9783059
178138, 9782362
179192, 9783022
178954, 9783202
173836, 9783408
173655, 9780977
176262, 9781076
171260, 9780914
179216, 9783182
176163, 9781075
178138, 9782362
178818, 9782903
173520, 9782062
176057, 9778926
173856, 9787021
176639, 9791735
171264, 9783023
172923, 9791017
180149, 9791525
177218, 9779549
176376, 9782779
175132, 9780358
175539, 9781516
175950, 9779178
176461, 9779289
176227, 9792658
180449, 9787299
177675, 9788715
179984, 9781541
175138, 9784556
173398, 9784478
178471, 9787414
172047, 9782263
172754, 9782425
176515, 9776407
180286, 9790688
175529, 9781224
172009, 9781954
175453, 9782615
180304, 9785188
180096, 9781605
174028, 9780791
174479, 9779910
172393, 9775594
178336, 9781718
178842, 9777693
176607, 9781072
175691, 9790477
176361, 9776966
178627, 9776424
172376, 9780493
173684, 9792999
172938, 9778652
175156, 9781887
