# Number of control cameras to place = 50 (includes 50 opportunistic sightings + 0 placed randomly)
180298, 9783036
178915, 9791695
189275, 9793609
181838, 9783295
177871, 9787254
183098, 9793443
184067, 9785588
190386, 9793230
187586, 9784528
188400, 9794738
189643, 9786426
184538, 9796861
179238, 9786872
177743, 9787355
190160, 9792827
186012, 9782850
179880, 9795661
190241, 9789195
179039, 9784841
186628, 9792909
185604, 9797709
182703, 9789057
188996, 9783753
179458, 9799110
182752, 9789757
190110, 9795738
182405, 9788476
186802, 9783068
182369, 9798860
187959, 9797143
184057, 9790595
185806, 9792184
189308, 9790369
190560, 9797352
180969, 9782216
183387, 9784537
184730, 9793343
182213, 9785188
181705, 9785617
181953, 9787319
182298, 9783847
185448, 9789351
186834, 9790334
188127, 9792816
178313, 9796383
189778, 9789707
187628, 9799014
177839, 9789780
180486, 9784676
187741, 9794603
