# Number of control cameras to place = 50 (includes 50 opportunistic sightings + 0 placed randomly)
185097, 9783336
187080, 9794036
180191, 9788389
189699, 9793947
184162, 9797328
185121, 9790918
182844, 9791885
182246, 9796067
184195, 9789852
189904, 9784581
188771, 9797418
187162, 9785522
181045, 9791125
188062, 9788458
179066, 9785788
188208, 9793581
185927, 9789890
178993, 9795346
183111, 9787722
186688, 9794082
182361, 9789117
184879, 9786299
188125, 9786190
185749, 9793398
189732, 9799069
185249, 9789782
182799, 9791265
180095, 9786673
189505, 9798692
178562, 9783036
183967, 9798586
180104, 9789300
183853, 9794177
189527, 9793320
186899, 9795248
186616, 9792180
181197, 9791445
187820, 9783201
184123, 9785353
187026, 9795535
180586, 9783013
179402, 9798501
182892, 9782304
184547, 9786988
186770, 9787971
189077, 9782138
184256, 9798427
180034, 9797118
181712, 9783658
190632, 9790210
