# Number of control cameras to place = 50 (includes 7 opportunistic sightings + 43 placed randomly)
185457, 9792322
182675, 9793370
185615, 9787396
184009, 9788064
185344, 9791356
185416, 9792341
185323, 9791000
188955, 9794285
182729, 9798586
181676, 9797447
180446, 9793446
187629, 9792162
177756, 9791243
186712, 9786596
186392, 9795402
188359, 9792247
184134, 9792398
179974, 9798005
180734, 9790376
189908, 9794353
184152, 9782416
185181, 9794483
178845, 9783139
178180, 9798637
187737, 9794373
189088, 9787794
185878, 9791634
182149, 9785724
186447, 9794170
182090, 9789296
182154, 9790007
180570, 9795252
185784, 9795140
179970, 9786760
188806, 9798976
187442, 9795473
189998, 9795482
187883, 9789885
187318, 9782566
184213, 9785580
181131, 9790910
190256, 9788786
182897, 9787135
181963, 9793064
180988, 9790344
182082, 9787912
185917, 9782179
180090, 9796583
185224, 9796923
186557, 9783138
