# Number of control cameras to place = 50 (includes 6 opportunistic sightings + 44 placed randomly)
183772, 9789059
179998, 9793987
184703, 9788757
182793, 9789814
185094, 9790280
183078, 9789621
180393, 9783012
186166, 9797031
187618, 9797672
188297, 9789150
189345, 9782116
185053, 9793459
181818, 9788590
180745, 9783833
186199, 9789303
187918, 9788212
178976, 9796444
178638, 9793871
178833, 9783153
182782, 9789282
189277, 9785200
190309, 9788629
182936, 9795595
184291, 9791554
185551, 9798938
178075, 9787594
181095, 9784662
184055, 9783450
182557, 9786725
179578, 9782562
180368, 9796332
183152, 9787745
180847, 9782554
179117, 9796232
189982, 9783998
186504, 9789190
185346, 9788797
183760, 9784409
178418, 9790219
179996, 9787259
182843, 9791163
185924, 9796378
180743, 9796763
185525, 9789111
184021, 9782494
182120, 9797932
189922, 9788907
185008, 9785222
189243, 9788078
184957, 9794467
