# Number of control cameras to place = 50 (includes 17 opportunistic sightings + 33 placed randomly)
183164, 9789019
183033, 9788744
180554, 9786790
185312, 9784456
183269, 9793251
183274, 9788592
183049, 9788700
185540, 9784761
182438, 9794223
183211, 9788587
183031, 9788747
186576, 9788381
183965, 9791686
182989, 9788732
183316, 9788575
183191, 9789104
183029, 9788747
186428, 9792131
180645, 9791994
177808, 9796366
178938, 9797651
190394, 9782722
189327, 9783832
188115, 9782595
181903, 9791168
188182, 9798891
189682, 9795909
184223, 9798548
187186, 9782619
187995, 9792352
188650, 9796702
181275, 9792412
187217, 9789423
188915, 9793532
179264, 9799083
187050, 9782802
188366, 9783571
189909, 9782850
177921, 9788318
178685, 9785419
187293, 9790045
188230, 9784635
179282, 9792641
187245, 9797111
187345, 9792407
178620, 9796561
178742, 9793291
188894, 9790990
187152, 9792146
187727, 9790794
