# Actual number of control cameras to place = 48
174351, 9781960
174351, 9783287
174351, 9783595
174351, 9784992
174351, 9785605
174351, 9786473
174351, 9788176
174351, 9788870
174351, 9789897
174351, 9790605
174351, 9791491
174351, 9792783
176877, 9781960
176877, 9783287
176877, 9783595
176877, 9784992
176877, 9785605
176877, 9786473
176877, 9788176
176877, 9788870
176877, 9789897
176877, 9790605
176877, 9791491
176877, 9792783
178163, 9781960
178163, 9783287
178163, 9783595
178163, 9784992
178163, 9785605
178163, 9786473
178163, 9788176
178163, 9788870
178163, 9789897
178163, 9790605
178163, 9791491
178163, 9792783
179179, 9781960
179179, 9783287
179179, 9783595
179179, 9784992
179179, 9785605
179179, 9786473
179179, 9788176
179179, 9788870
179179, 9789897
179179, 9790605
179179, 9791491
179179, 9792783
