# Actual number of control cameras to place = 60
174833, 9781812
174833, 9783163
174833, 9783620
174833, 9785138
174833, 9785857
174833, 9786600
174833, 9787788
174833, 9788521
174833, 9789983
174833, 9791085
174833, 9791466
174833, 9792836
175617, 9781812
175617, 9783163
175617, 9783620
175617, 9785138
175617, 9785857
175617, 9786600
175617, 9787788
175617, 9788521
175617, 9789983
175617, 9791085
175617, 9791466
175617, 9792836
177669, 9781812
177669, 9783163
177669, 9783620
177669, 9785138
177669, 9785857
177669, 9786600
177669, 9787788
177669, 9788521
177669, 9789983
177669, 9791085
177669, 9791466
177669, 9792836
178331, 9781812
178331, 9783163
178331, 9783620
178331, 9785138
178331, 9785857
178331, 9786600
178331, 9787788
178331, 9788521
178331, 9789983
178331, 9791085
178331, 9791466
178331, 9792836
180188, 9781812
180188, 9783163
180188, 9783620
180188, 9785138
180188, 9785857
180188, 9786600
180188, 9787788
180188, 9788521
180188, 9789983
180188, 9791085
180188, 9791466
180188, 9792836
