# Actual number of control cameras to place = 60
174049, 9782174
174049, 9782812
174049, 9784270
174049, 9785130
174049, 9785641
174049, 9786800
174049, 9788183
174049, 9788543
174049, 9790008
174049, 9791016
174049, 9791627
174049, 9792286
175778, 9782174
175778, 9782812
175778, 9784270
175778, 9785130
175778, 9785641
175778, 9786800
175778, 9788183
175778, 9788543
175778, 9790008
175778, 9791016
175778, 9791627
175778, 9792286
177591, 9782174
177591, 9782812
177591, 9784270
177591, 9785130
177591, 9785641
177591, 9786800
177591, 9788183
177591, 9788543
177591, 9790008
177591, 9791016
177591, 9791627
177591, 9792286
178038, 9782174
178038, 9782812
178038, 9784270
178038, 9785130
178038, 9785641
178038, 9786800
178038, 9788183
178038, 9788543
178038, 9790008
178038, 9791016
178038, 9791627
178038, 9792286
179563, 9782174
179563, 9782812
179563, 9784270
179563, 9785130
179563, 9785641
179563, 9786800
179563, 9788183
179563, 9788543
179563, 9790008
179563, 9791016
179563, 9791627
179563, 9792286
