# Actual number of control cameras to place = 60
174546, 9781737
174546, 9782613
174546, 9784293
174546, 9785228
174546, 9785819
174546, 9786568
174546, 9787516
174546, 9788479
174546, 9789652
174546, 9790416
174546, 9791784
174546, 9792848
175674, 9781737
175674, 9782613
175674, 9784293
175674, 9785228
175674, 9785819
175674, 9786568
175674, 9787516
175674, 9788479
175674, 9789652
175674, 9790416
175674, 9791784
175674, 9792848
176991, 9781737
176991, 9782613
176991, 9784293
176991, 9785228
176991, 9785819
176991, 9786568
176991, 9787516
176991, 9788479
176991, 9789652
176991, 9790416
176991, 9791784
176991, 9792848
178607, 9781737
178607, 9782613
178607, 9784293
178607, 9785228
178607, 9785819
178607, 9786568
178607, 9787516
178607, 9788479
178607, 9789652
178607, 9790416
178607, 9791784
178607, 9792848
180016, 9781737
180016, 9782613
180016, 9784293
180016, 9785228
180016, 9785819
180016, 9786568
180016, 9787516
180016, 9788479
180016, 9789652
180016, 9790416
180016, 9791784
180016, 9792848
