# Actual number of control cameras to place = 50
178683, 9783161
178683, 9783956
178683, 9787047
178683, 9788252
178683, 9790581
178683, 9791843
178683, 9793384
178683, 9795522
178683, 9797487
178683, 9798910
181092, 9783161
181092, 9783956
181092, 9787047
181092, 9788252
181092, 9790581
181092, 9791843
181092, 9793384
181092, 9795522
181092, 9797487
181092, 9798910
183812, 9783161
183812, 9783956
183812, 9787047
183812, 9788252
183812, 9790581
183812, 9791843
183812, 9793384
183812, 9795522
183812, 9797487
183812, 9798910
186386, 9783161
186386, 9783956
186386, 9787047
186386, 9788252
186386, 9790581
186386, 9791843
186386, 9793384
186386, 9795522
186386, 9797487
186386, 9798910
188579, 9783161
188579, 9783956
188579, 9787047
188579, 9788252
188579, 9790581
188579, 9791843
188579, 9793384
188579, 9795522
188579, 9797487
188579, 9798910
