# Actual number of control cameras to place = 48
174988, 9782259
174988, 9782690
174988, 9783930
174988, 9784936
174988, 9785572
174988, 9786876
174988, 9787692
174988, 9788694
174988, 9789990
174988, 9791044
174988, 9791898
174988, 9792431
175963, 9782259
175963, 9782690
175963, 9783930
175963, 9784936
175963, 9785572
175963, 9786876
175963, 9787692
175963, 9788694
175963, 9789990
175963, 9791044
175963, 9791898
175963, 9792431
177592, 9782259
177592, 9782690
177592, 9783930
177592, 9784936
177592, 9785572
177592, 9786876
177592, 9787692
177592, 9788694
177592, 9789990
177592, 9791044
177592, 9791898
177592, 9792431
179701, 9782259
179701, 9782690
179701, 9783930
179701, 9784936
179701, 9785572
179701, 9786876
179701, 9787692
179701, 9788694
179701, 9789990
179701, 9791044
179701, 9791898
179701, 9792431
