# Number of control cameras to place = 50 (includes 50 opportunistic sightings + 0 placed randomly)
188951, 9788013
185912, 9795614
185777, 9798031
181961, 9794492
178881, 9782096
180181, 9783748
180631, 9793536
183934, 9787577
180817, 9787659
177759, 9787266
187608, 9784308
178782, 9792622
179912, 9792155
179341, 9793328
185253, 9782679
181911, 9786961
190695, 9794107
190606, 9797029
180994, 9782654
184325, 9789412
180194, 9782249
180014, 9796226
179288, 9791628
185032, 9785263
179447, 9791012
178313, 9798635
189036, 9797761
182669, 9796560
178583, 9793313
181527, 9798360
181277, 9797668
184213, 9788093
184662, 9797678
178214, 9784113
187753, 9795884
178064, 9798414
181505, 9786066
178116, 9782305
187706, 9787151
180838, 9793339
190166, 9784226
181168, 9787166
178706, 9792955
187729, 9782611
181307, 9791287
178518, 9786095
180398, 9782589
186310, 9784954
180236, 9788277
188298, 9791146
