# Number of control cameras to place = 50 (includes 50 opportunistic sightings + 0 placed randomly)
182183, 9784231
188680, 9792198
186387, 9786767
178913, 9786583
178542, 9790979
181079, 9790818
184126, 9796145
183069, 9786152
185121, 9783811
186812, 9796144
189725, 9797992
183372, 9787843
182539, 9790606
177766, 9790260
183411, 9792440
190475, 9796923
186097, 9786967
178609, 9791978
179902, 9784867
183664, 9796187
183002, 9782541
179447, 9789555
190672, 9786591
186427, 9788226
182362, 9793966
179660, 9784256
179035, 9783402
185120, 9783415
190495, 9790497
178593, 9793252
184604, 9798361
187316, 9796207
185301, 9791288
177825, 9795257
183818, 9793313
179898, 9788350
180456, 9789259
188354, 9787332
184257, 9790054
186963, 9789741
179398, 9797284
179034, 9798127
190180, 9788089
186024, 9794791
180939, 9796278
183464, 9794604
185971, 9797267
180238, 9791699
182573, 9786699
177895, 9783329
