# Number of control cameras to place = 50 (includes 12 opportunistic sightings + 38 placed randomly)
179923, 9786274
179758, 9785749
178041, 9783395
178074, 9783670
179341, 9788036
178074, 9783670
178074, 9783670
179815, 9785948
179637, 9786047
178041, 9783395
179923, 9786274
178074, 9783670
181628, 9783318
180485, 9798518
178434, 9793922
178297, 9789909
184918, 9794282
178314, 9795386
185359, 9797221
179323, 9794574
181705, 9796775
180434, 9793044
183678, 9785564
188859, 9789263
179911, 9783992
180635, 9793124
181307, 9790169
184490, 9782371
182874, 9786798
188192, 9790332
189762, 9793764
183920, 9786072
179475, 9785505
188745, 9798355
178363, 9795157
189647, 9783081
187320, 9791010
188265, 9782243
188799, 9791916
178364, 9797944
178040, 9793169
185474, 9787382
182549, 9784956
178351, 9789286
188222, 9784224
188261, 9790418
185824, 9788916
189167, 9785365
187245, 9793377
186759, 9798562
