# Number of control cameras to place = 50 (includes 0 opportunistic sightings + 50 placed randomly)
178045, 9782549
176151, 9786403
177604, 9787936
177010, 9783119
174141, 9786177
178807, 9782985
175218, 9792600
178054, 9789758
175211, 9786523
177253, 9783669
176751, 9787514
179490, 9790061
174976, 9783932
177081, 9787717
180440, 9791888
178940, 9783503
175047, 9789091
178219, 9790223
178567, 9790073
174618, 9792429
177339, 9788876
175123, 9790437
178032, 9792782
176507, 9782619
176647, 9783786
178817, 9786161
176855, 9787477
180016, 9792949
175374, 9788641
175576, 9790176
174261, 9783662
176488, 9788481
179899, 9782039
178243, 9792048
175662, 9787021
178515, 9787324
176782, 9790457
178232, 9790598
175351, 9786581
177933, 9791620
178802, 9788254
176853, 9786379
177755, 9788998
176461, 9783002
178575, 9784928
176554, 9784587
175497, 9782484
177687, 9791335
174380, 9787713
177493, 9785750
