# Number of control cameras to place = 50 (includes 1 opportunistic sightings + 49 placed randomly)
178579, 9787662
178984, 9784334
179553, 9787844
174796, 9789753
179956, 9788298
175756, 9790405
175053, 9792885
177210, 9785391
174858, 9792316
178739, 9789998
174760, 9784039
178688, 9791825
177607, 9781685
176481, 9787835
177068, 9781812
178001, 9782742
180450, 9785627
179806, 9787408
176410, 9785454
175133, 9784097
178325, 9782031
177092, 9790963
178802, 9789147
177202, 9788976
176739, 9784356
175317, 9784679
174594, 9790121
175180, 9782894
178453, 9786519
178261, 9782546
178640, 9785696
179107, 9782773
180252, 9792637
176914, 9792909
179288, 9786055
180419, 9784520
175176, 9791812
175597, 9789200
176919, 9789998
178206, 9786452
174454, 9787168
180264, 9784451
177985, 9784880
175150, 9790981
177657, 9784145
180087, 9785642
180029, 9791718
175756, 9792875
179937, 9790546
176239, 9786515
