# Number of control cameras to place = 50 (includes 12 opportunistic sightings + 38 placed randomly)
178569, 9783735
178609, 9783820
178201, 9783999
178569, 9783735
178548, 9783737
178899, 9782107
178491, 9783717
179733, 9784019
177939, 9785014
178456, 9783731
178569, 9783735
179293, 9782519
185910, 9798967
184260, 9793444
187222, 9795761
183261, 9790045
182112, 9796401
178405, 9798654
180853, 9790208
181351, 9783947
184377, 9795679
189004, 9795412
181648, 9786192
182395, 9789080
178319, 9794453
186167, 9796313
183460, 9796237
181987, 9786986
179949, 9798998
186225, 9797838
190639, 9782459
188322, 9793534
179866, 9785527
188853, 9784654
188101, 9795438
185278, 9793025
183476, 9796677
184693, 9784291
182253, 9795908
185953, 9784220
178941, 9796069
190565, 9784434
180523, 9796254
187375, 9794887
178237, 9783804
180601, 9785306
186456, 9787581
189717, 9785132
180415, 9785599
189707, 9789480
