# Number of control cameras to place = 50 (includes 12 opportunistic sightings + 38 placed randomly)
179909, 9785541
175818, 9785360
175480, 9784591
179876, 9785737
175820, 9785114
179276, 9786180
179837, 9785652
178754, 9786232
178882, 9787508
176782, 9785643
179308, 9785584
177343, 9786408
176238, 9791000
176194, 9788795
175753, 9789604
174701, 9790840
175891, 9790879
179740, 9782979
177250, 9783505
178523, 9786551
179071, 9792484
176290, 9781980
176236, 9784072
175099, 9791994
179723, 9789562
176444, 9784291
175325, 9791264
175501, 9786803
177502, 9792440
176191, 9786699
174076, 9790520
178303, 9786253
176423, 9784073
178397, 9788718
178665, 9786628
179292, 9787862
175025, 9789411
180143, 9787417
180310, 9787364
177842, 9781783
174072, 9783737
176085, 9787717
178755, 9782813
178301, 9791978
179017, 9782984
175229, 9788808
178442, 9782085
180419, 9790726
174660, 9784342
177818, 9785827
