# Actual number of control cameras to place = 48
174778, 9781858
174778, 9782756
174778, 9784159
174778, 9784861
174778, 9786205
174778, 9786527
174778, 9788155
174778, 9788595
174778, 9789527
174778, 9790451
174778, 9791821
174778, 9792527
176288, 9781858
176288, 9782756
176288, 9784159
176288, 9784861
176288, 9786205
176288, 9786527
176288, 9788155
176288, 9788595
176288, 9789527
176288, 9790451
176288, 9791821
176288, 9792527
178495, 9781858
178495, 9782756
178495, 9784159
178495, 9784861
178495, 9786205
178495, 9786527
178495, 9788155
178495, 9788595
178495, 9789527
178495, 9790451
178495, 9791821
178495, 9792527
180480, 9781858
180480, 9782756
180480, 9784159
180480, 9784861
180480, 9786205
180480, 9786527
180480, 9788155
180480, 9788595
180480, 9789527
180480, 9790451
180480, 9791821
180480, 9792527
