# Actual number of control cameras to place = 48
175078, 9781651
175078, 9783307
175078, 9784189
175078, 9784605
175078, 9785934
175078, 9786552
175078, 9787837
175078, 9788422
175078, 9789790
175078, 9791008
175078, 9791305
175078, 9792813
176881, 9781651
176881, 9783307
176881, 9784189
176881, 9784605
176881, 9785934
176881, 9786552
176881, 9787837
176881, 9788422
176881, 9789790
176881, 9791008
176881, 9791305
176881, 9792813
177401, 9781651
177401, 9783307
177401, 9784189
177401, 9784605
177401, 9785934
177401, 9786552
177401, 9787837
177401, 9788422
177401, 9789790
177401, 9791008
177401, 9791305
177401, 9792813
180476, 9781651
180476, 9783307
180476, 9784189
180476, 9784605
180476, 9785934
180476, 9786552
180476, 9787837
180476, 9788422
180476, 9789790
180476, 9791008
180476, 9791305
180476, 9792813
