# Actual number of control cameras to place = 50
179328, 9782796
179328, 9784779
179328, 9786534
179328, 9787838
179328, 9789943
179328, 9791658
179328, 9793733
179328, 9795435
179328, 9797219
179328, 9797862
181080, 9782796
181080, 9784779
181080, 9786534
181080, 9787838
181080, 9789943
181080, 9791658
181080, 9793733
181080, 9795435
181080, 9797219
181080, 9797862
185343, 9782796
185343, 9784779
185343, 9786534
185343, 9787838
185343, 9789943
185343, 9791658
185343, 9793733
185343, 9795435
185343, 9797219
185343, 9797862
187963, 9782796
187963, 9784779
187963, 9786534
187963, 9787838
187963, 9789943
187963, 9791658
187963, 9793733
187963, 9795435
187963, 9797219
187963, 9797862
188541, 9782796
188541, 9784779
188541, 9786534
188541, 9787838
188541, 9789943
188541, 9791658
188541, 9793733
188541, 9795435
188541, 9797219
188541, 9797862
