# Actual number of control cameras to place = 48
175143, 9781886
175143, 9782730
175143, 9784015
175143, 9785087
175143, 9786240
175143, 9786936
175143, 9787682
175143, 9788811
175143, 9789933
175143, 9790639
175143, 9791313
175143, 9792749
176950, 9781886
176950, 9782730
176950, 9784015
176950, 9785087
176950, 9786240
176950, 9786936
176950, 9787682
176950, 9788811
176950, 9789933
176950, 9790639
176950, 9791313
176950, 9792749
178799, 9781886
178799, 9782730
178799, 9784015
178799, 9785087
178799, 9786240
178799, 9786936
178799, 9787682
178799, 9788811
178799, 9789933
178799, 9790639
178799, 9791313
178799, 9792749
180482, 9781886
180482, 9782730
180482, 9784015
180482, 9785087
180482, 9786240
180482, 9786936
180482, 9787682
180482, 9788811
180482, 9789933
180482, 9790639
180482, 9791313
180482, 9792749
