# Number of control cameras to place = 50 (includes 50 opportunistic sightings + 0 placed randomly)
175110, 9783396
178412, 9788101
180191, 9792571
176838, 9785871
174739, 9788161
179206, 9789520
177938, 9789435
178284, 9787064
178475, 9789658
176550, 9782974
176757, 9787229
175620, 9785190
175702, 9786934
175700, 9789870
178670, 9785353
175285, 9789800
178209, 9792501
174901, 9782155
178563, 9789398
177622, 9791489
178453, 9785664
176181, 9787962
174323, 9788680
179053, 9784564
174878, 9788147
179131, 9789188
174353, 9786103
177426, 9789074
176586, 9792592
175614, 9791104
178886, 9791904
178627, 9786909
179999, 9782958
175014, 9782090
180084, 9791766
178037, 9785454
179553, 9783584
175549, 9792202
175950, 9782462
179863, 9787245
174554, 9787834
176731, 9783118
178672, 9786274
177780, 9786679
178748, 9788343
179587, 9785389
175379, 9783495
178605, 9787856
175731, 9787814
175986, 9787451
