# Number of control cameras to place = 50 (includes 50 opportunistic sightings + 0 placed randomly)
176540, 9786539
178077, 9790334
176162, 9788012
179960, 9786008
175217, 9785171
176068, 9782139
177697, 9791992
175766, 9782523
175274, 9783156
179546, 9783735
177754, 9785623
176429, 9783822
177326, 9787519
175513, 9783817
178942, 9784263
176931, 9790406
176967, 9790810
179548, 9785578
179046, 9787912
176267, 9789787
176722, 9791649
178246, 9783237
174124, 9785233
177352, 9783526
175693, 9792421
174977, 9781756
178211, 9789177
176758, 9784390
177592, 9792356
179799, 9782584
177107, 9788301
179921, 9781742
177102, 9788586
174846, 9785081
177149, 9784800
175975, 9790598
177329, 9785677
175348, 9789247
177406, 9783326
178269, 9785114
177689, 9788513
177875, 9787357
178558, 9786801
175911, 9792150
180317, 9790586
174776, 9790814
178507, 9789383
180304, 9784983
178613, 9790619
175257, 9791749
