# Number of control cameras to place = 54 (includes 54 opportunistic sightings + 0 placed randomly)
178686, 9783448
178300, 9787540
175419, 9788945
179082, 9784121
180031, 9787854
175745, 9785269
177428, 9790117
175645, 9784444
177791, 9781598
179170, 9785097
175149, 9782732
180186, 9788774
177715, 9787648
176454, 9792560
178776, 9786521
174921, 9785719
174816, 9788033
180490, 9788269
177877, 9787225
179061, 9783742
176600, 9790833
180141, 9783842
175688, 9791902
179293, 9788007
176373, 9788946
178414, 9782655
175707, 9790153
176826, 9785910
178386, 9782774
177242, 9792662
178238, 9789616
175931, 9789957
174286, 9784420
174967, 9786038
178237, 9791409
177697, 9787986
177432, 9784952
179540, 9785457
178982, 9791581
178281, 9790060
177419, 9786513
177699, 9792725
175386, 9791174
177037, 9782410
174938, 9788979
178553, 9791617
177146, 9792466
177419, 9786725
180196, 9787049
178659, 9790332
179463, 9789258
175782, 9784537
177313, 9786860
174472, 9783985
