# Number of control cameras to place = 50 (includes 3 opportunistic sightings + 47 placed randomly)
178323, 9782598
177852, 9782868
179470, 9785709
181061, 9785535
190642, 9797954
187323, 9785045
188912, 9789053
180677, 9797877
178182, 9790615
187165, 9798243
181060, 9782977
180291, 9793724
179127, 9788070
184081, 9786573
186565, 9791879
178618, 9795579
183747, 9799202
187006, 9787831
183325, 9798912
184384, 9795002
179863, 9788818
182560, 9798131
178412, 9798481
183679, 9785393
186483, 9793625
177735, 9783360
185882, 9798201
184041, 9798353
179840, 9787892
186081, 9796920
182925, 9796226
182029, 9798673
188131, 9791170
179475, 9796410
186289, 9786663
187184, 9794576
187844, 9789623
189527, 9795578
180103, 9785846
182888, 9783212
179247, 9785219
181933, 9795245
185625, 9787504
190311, 9789703
182821, 9785671
177930, 9795594
185982, 9796035
189229, 9795753
189106, 9788257
180608, 9793011
