# Number of control cameras to place = 50 (includes 0 opportunistic sightings + 50 placed randomly)
185418, 9798650
183149, 9785837
180823, 9789162
180948, 9787947
178756, 9794159
187515, 9798884
179030, 9788427
178458, 9784490
180127, 9786512
180080, 9797452
182642, 9797415
190414, 9797513
190299, 9792933
178164, 9794674
180820, 9785283
183289, 9790053
186549, 9793967
188534, 9790321
188994, 9783983
178058, 9789679
180782, 9791132
188796, 9796278
184131, 9787417
182156, 9786167
189100, 9787725
189294, 9784677
182159, 9798928
189991, 9783502
189260, 9794290
181069, 9797754
190014, 9790036
186287, 9797777
180251, 9797561
179063, 9793965
185592, 9794643
184385, 9784485
185409, 9797448
178691, 9783098
186188, 9790392
189663, 9794859
178660, 9782593
190206, 9792525
186383, 9787467
178940, 9790632
182251, 9786236
186204, 9784277
178726, 9794389
188446, 9797958
190347, 9792398
185335, 9798894
