# Number of control cameras to place = 50 (includes 3 opportunistic sightings + 47 placed randomly)
179854, 9785631
180443, 9785879
179362, 9783231
187139, 9797380
178240, 9786040
188921, 9797778
187358, 9794090
190359, 9793945
188330, 9784802
190588, 9791464
183803, 9786688
183176, 9784538
181160, 9796150
183906, 9795302
177860, 9797116
189170, 9785786
185701, 9794303
182889, 9789141
181608, 9783193
190638, 9794539
189506, 9790064
189325, 9784145
179437, 9783717
187832, 9786087
182615, 9785524
180470, 9790872
181504, 9782393
182836, 9798706
177761, 9790465
178220, 9785167
181394, 9796543
189720, 9782986
181720, 9783903
183118, 9793767
180123, 9786903
184215, 9785894
184061, 9784373
188851, 9786300
182528, 9785009
185306, 9794152
183231, 9798105
177849, 9794467
178976, 9786932
181015, 9783699
190406, 9798829
185188, 9796186
183488, 9782582
179844, 9797471
186770, 9790406
181150, 9794559
