# Number of control cameras to place = 54 (includes 3 opportunistic sightings + 51 placed randomly)
177240, 9789162
177057, 9788920
177020, 9783688
178680, 9787994
177096, 9790239
174323, 9783186
177351, 9784753
175487, 9785106
179057, 9789769
174088, 9789379
174846, 9788053
177227, 9785858
179067, 9788032
177070, 9790563
176838, 9790283
176396, 9788707
175992, 9784197
177454, 9786565
176640, 9786295
177453, 9787068
177236, 9791594
175707, 9785278
178063, 9784500
176737, 9789791
174916, 9788441
175504, 9790666
174284, 9787075
179760, 9791744
177050, 9784302
180023, 9791355
179974, 9783175
174513, 9784497
179596, 9792696
174091, 9792095
177960, 9788985
176164, 9791465
179009, 9789610
176881, 9781729
178334, 9792252
178908, 9791348
178670, 9791029
175239, 9788965
175780, 9785763
176016, 9786750
177286, 9783647
174815, 9791394
175516, 9786093
178269, 9786778
178280, 9790723
180288, 9785383
179853, 9785995
178149, 9786349
177296, 9790118
174933, 9782152
