# Actual number of control cameras to place = 48
174348, 9782235
174348, 9782819
174348, 9784070
174348, 9784549
174348, 9786084
174348, 9786624
174348, 9787562
174348, 9788744
174348, 9789845
174348, 9790671
174348, 9791743
174348, 9792719
176278, 9782235
176278, 9782819
176278, 9784070
176278, 9784549
176278, 9786084
176278, 9786624
176278, 9787562
176278, 9788744
176278, 9789845
176278, 9790671
176278, 9791743
176278, 9792719
177546, 9782235
177546, 9782819
177546, 9784070
177546, 9784549
177546, 9786084
177546, 9786624
177546, 9787562
177546, 9788744
177546, 9789845
177546, 9790671
177546, 9791743
177546, 9792719
179460, 9782235
179460, 9782819
179460, 9784070
179460, 9784549
179460, 9786084
179460, 9786624
179460, 9787562
179460, 9788744
179460, 9789845
179460, 9790671
179460, 9791743
179460, 9792719
