# Actual number of control cameras to place = 50
179942, 9782924
179942, 9784957
179942, 9786824
179942, 9787538
179942, 9789586
179942, 9791465
179942, 9793451
179942, 9795294
179942, 9796522
179942, 9797753
182234, 9782924
182234, 9784957
182234, 9786824
182234, 9787538
182234, 9789586
182234, 9791465
182234, 9793451
182234, 9795294
182234, 9796522
182234, 9797753
185404, 9782924
185404, 9784957
185404, 9786824
185404, 9787538
185404, 9789586
185404, 9791465
185404, 9793451
185404, 9795294
185404, 9796522
185404, 9797753
186243, 9782924
186243, 9784957
186243, 9786824
186243, 9787538
186243, 9789586
186243, 9791465
186243, 9793451
186243, 9795294
186243, 9796522
186243, 9797753
190002, 9782924
190002, 9784957
190002, 9786824
190002, 9787538
190002, 9789586
190002, 9791465
190002, 9793451
190002, 9795294
190002, 9796522
190002, 9797753
