# Actual number of control cameras to place = 50
179620, 9782979
179620, 9784957
179620, 9785729
179620, 9787544
179620, 9790127
179620, 9791955
179620, 9793176
179620, 9795576
179620, 9797036
179620, 9798019
180998, 9782979
180998, 9784957
180998, 9785729
180998, 9787544
180998, 9790127
180998, 9791955
180998, 9793176
180998, 9795576
180998, 9797036
180998, 9798019
183928, 9782979
183928, 9784957
183928, 9785729
183928, 9787544
183928, 9790127
183928, 9791955
183928, 9793176
183928, 9795576
183928, 9797036
183928, 9798019
187788, 9782979
187788, 9784957
187788, 9785729
187788, 9787544
187788, 9790127
187788, 9791955
187788, 9793176
187788, 9795576
187788, 9797036
187788, 9798019
190513, 9782979
190513, 9784957
190513, 9785729
190513, 9787544
190513, 9790127
190513, 9791955
190513, 9793176
190513, 9795576
190513, 9797036
190513, 9798019
