# Actual number of control cameras to place = 50
178076, 9782582
178076, 9784039
178076, 9785993
178076, 9788400
178076, 9790584
178076, 9790915
178076, 9793666
178076, 9795760
178076, 9796547
178076, 9798870
181623, 9782582
181623, 9784039
181623, 9785993
181623, 9788400
181623, 9790584
181623, 9790915
181623, 9793666
181623, 9795760
181623, 9796547
181623, 9798870
183158, 9782582
183158, 9784039
183158, 9785993
183158, 9788400
183158, 9790584
183158, 9790915
183158, 9793666
183158, 9795760
183158, 9796547
183158, 9798870
186571, 9782582
186571, 9784039
186571, 9785993
186571, 9788400
186571, 9790584
186571, 9790915
186571, 9793666
186571, 9795760
186571, 9796547
186571, 9798870
189578, 9782582
189578, 9784039
189578, 9785993
189578, 9788400
189578, 9790584
189578, 9790915
189578, 9793666
189578, 9795760
189578, 9796547
189578, 9798870
