# Number of control cameras to place = 50 (includes 50 opportunistic sightings + 0 placed randomly)
176782, 9790503
176536, 9783649
178898, 9792514
180025, 9787837
176017, 9791120
180038, 9785333
174218, 9790269
178942, 9786395
180197, 9786779
176396, 9783814
178075, 9787141
177822, 9791007
179195, 9789690
175823, 9785526
177561, 9784427
174450, 9791023
175305, 9788762
180382, 9788575
174114, 9791065
176809, 9782490
179218, 9785875
176649, 9791000
175225, 9792274
176145, 9790062
180153, 9784964
178113, 9787383
174368, 9781967
176746, 9787365
180086, 9783146
175437, 9786560
176343, 9786721
177582, 9786254
174655, 9781840
175099, 9783300
178838, 9784070
177478, 9784622
177184, 9788249
175461, 9792054
180053, 9785776
176189, 9790956
174804, 9789683
180499, 9789677
179991, 9782405
178911, 9788880
174999, 9783711
179763, 9781613
179524, 9784285
179513, 9785721
178684, 9788819
174696, 9791479
