# Number of control cameras to place = 50 (includes 50 opportunistic sightings + 0 placed randomly)
183636, 9785941
188007, 9796893
181836, 9788990
177761, 9790409
182439, 9798600
184880, 9788086
187045, 9791919
180966, 9793728
181488, 9791163
179842, 9793339
184348, 9786375
188510, 9785938
180664, 9786923
190637, 9790431
187399, 9795533
187618, 9797723
181142, 9786933
180479, 9789263
182343, 9783125
181570, 9787917
180609, 9788581
188839, 9788777
189136, 9790888
180553, 9793867
187552, 9785166
180555, 9792366
187845, 9794466
188985, 9794587
186804, 9787892
179638, 9786099
187000, 9797951
182285, 9798390
178229, 9784383
180592, 9796598
181984, 9787086
190443, 9792263
182941, 9795829
182931, 9793847
182437, 9794862
178397, 9791103
183952, 9799280
179885, 9789724
180704, 9784050
181857, 9796096
187024, 9783297
189045, 9787384
185808, 9787606
178434, 9790525
187044, 9792620
178262, 9785229
