# Number of control cameras to place = 54 (includes 54 opportunistic sightings + 0 placed randomly)
175603, 9787623
177557, 9783058
174463, 9790735
175526, 9784736
177536, 9792046
179155, 9791467
174801, 9781870
176127, 9788112
177105, 9793005
177528, 9784795
175402, 9784534
175292, 9785897
174804, 9785731
176846, 9787218
175142, 9783201
178216, 9783321
174483, 9785902
179987, 9786696
179193, 9792902
177699, 9784991
177221, 9781740
178704, 9784267
178495, 9790661
175715, 9783643
176841, 9786252
179368, 9789809
175077, 9782079
179679, 9792984
175638, 9786567
176074, 9789994
178255, 9785902
174359, 9790249
176488, 9789637
175352, 9782295
178141, 9787952
179331, 9782614
174075, 9782843
177535, 9791143
174189, 9793019
178495, 9791726
179145, 9781696
178266, 9782659
179341, 9790991
174115, 9782273
179899, 9789582
178752, 9792460
176581, 9791954
175584, 9786420
175671, 9792837
179306, 9786499
175618, 9791965
179357, 9782092
179226, 9785486
176346, 9788879
