# Number of control cameras to place = 50 (includes 50 opportunistic sightings + 0 placed randomly)
181871, 9789810
184968, 9793643
184694, 9788966
181908, 9794990
180514, 9785187
188592, 9791185
189550, 9791310
185590, 9793310
184097, 9786270
180962, 9798163
180030, 9785665
178164, 9796917
190699, 9788722
183602, 9793104
188813, 9788304
182082, 9796254
188252, 9798452
186916, 9789137
185277, 9782950
185928, 9791820
178110, 9788948
183644, 9790126
179854, 9791686
179100, 9794601
179615, 9788720
178658, 9785042
183943, 9793840
184680, 9790876
182042, 9795544
189266, 9793418
184934, 9793439
178002, 9791194
184516, 9783520
181991, 9784555
181752, 9797627
179768, 9790566
180351, 9789598
181724, 9788288
185113, 9794722
185925, 9795583
179593, 9793049
190642, 9799131
179562, 9785064
189342, 9784498
188120, 9782769
190183, 9785737
190513, 9786756
189165, 9789170
184672, 9795539
180397, 9786781
