# Number of control cameras to place = 54 (includes 3 opportunistic sightings + 51 placed randomly)
176005, 9783212
178041, 9783395
178041, 9783395
175249, 9787518
180364, 9783999
179589, 9789028
179110, 9789728
175045, 9784442
174958, 9787365
177749, 9791251
174502, 9789084
174281, 9783656
175361, 9792996
179231, 9789068
176993, 9787386
179686, 9781720
178173, 9791025
180179, 9787427
175334, 9791892
177279, 9783982
177043, 9785321
176100, 9792391
179458, 9784377
179338, 9782078
179461, 9787225
177340, 9783532
175862, 9786968
175176, 9788721
178001, 9791417
174522, 9789657
174385, 9788923
174055, 9788239
176944, 9782091
174285, 9788966
177649, 9782467
176248, 9783272
179404, 9784169
175578, 9786448
176329, 9783439
176960, 9789018
178306, 9791315
179328, 9789508
176177, 9781667
179876, 9792823
175489, 9782214
174879, 9785474
180469, 9790591
179844, 9781762
176652, 9792419
175803, 9789528
175842, 9789880
180214, 9785242
174770, 9785552
177169, 9782547
