# Actual number of control cameras to place = 50
177936, 9782543
177936, 9784697
177936, 9786664
177936, 9788057
177936, 9789645
177936, 9791347
177936, 9793012
177936, 9795588
177936, 9796355
177936, 9799282
180787, 9782543
180787, 9784697
180787, 9786664
180787, 9788057
180787, 9789645
180787, 9791347
180787, 9793012
180787, 9795588
180787, 9796355
180787, 9799282
184022, 9782543
184022, 9784697
184022, 9786664
184022, 9788057
184022, 9789645
184022, 9791347
184022, 9793012
184022, 9795588
184022, 9796355
184022, 9799282
186789, 9782543
186789, 9784697
186789, 9786664
186789, 9788057
186789, 9789645
186789, 9791347
186789, 9793012
186789, 9795588
186789, 9796355
186789, 9799282
190629, 9782543
190629, 9784697
190629, 9786664
190629, 9788057
190629, 9789645
190629, 9791347
190629, 9793012
190629, 9795588
190629, 9796355
190629, 9799282
