# Number of control cameras to place = 50 (includes 0 opportunistic sightings + 50 placed randomly)
180543, 9796190
178937, 9785687
187662, 9789719
183737, 9794704
185964, 9792985
181882, 9799237
181841, 9782323
184468, 9794816
190613, 9794934
189865, 9794692
190215, 9797907
187743, 9786839
185977, 9793712
189794, 9786469
184828, 9795918
184814, 9788951
180458, 9786863
181099, 9787265
180160, 9785962
186450, 9793390
178293, 9783380
184675, 9791347
178700, 9790361
185782, 9789147
183190, 9798440
180882, 9786142
178257, 9787268
189146, 9787081
185504, 9789828
189959, 9790241
178356, 9787791
187479, 9790186
189056, 9795959
181512, 9795659
181430, 9787944
186862, 9798111
189613, 9798641
186948, 9793167
187979, 9785232
181686, 9782798
179486, 9787806
184476, 9786679
179844, 9796714
185847, 9782556
186387, 9793987
185336, 9782585
184823, 9797371
188669, 9782824
182516, 9786162
189927, 9789519
