# Actual number of control cameras to place = 52
171482, 9775949
171482, 9777113
171482, 9778773
171482, 9780244
171482, 9780845
171482, 9783269
171482, 9783738
171482, 9785855
171482, 9787266
171482, 9788616
171482, 9790049
171482, 9790803
171482, 9792057
174381, 9775949
174381, 9777113
174381, 9778773
174381, 9780244
174381, 9780845
174381, 9783269
174381, 9783738
174381, 9785855
174381, 9787266
174381, 9788616
174381, 9790049
174381, 9790803
174381, 9792057
177377, 9775949
177377, 9777113
177377, 9778773
177377, 9780244
177377, 9780845
177377, 9783269
177377, 9783738
177377, 9785855
177377, 9787266
177377, 9788616
177377, 9790049
177377, 9790803
177377, 9792057
180343, 9775949
180343, 9777113
180343, 9778773
180343, 9780244
180343, 9780845
180343, 9783269
180343, 9783738
180343, 9785855
180343, 9787266
180343, 9788616
180343, 9790049
180343, 9790803
180343, 9792057
