# Actual number of control cameras to place = 50
177787, 9783064
177787, 9784668
177787, 9786652
177787, 9787697
177787, 9790308
177787, 9791792
177787, 9792957
177787, 9794870
177787, 9796146
177787, 9798319
181036, 9783064
181036, 9784668
181036, 9786652
181036, 9787697
181036, 9790308
181036, 9791792
181036, 9792957
181036, 9794870
181036, 9796146
181036, 9798319
183695, 9783064
183695, 9784668
183695, 9786652
183695, 9787697
183695, 9790308
183695, 9791792
183695, 9792957
183695, 9794870
183695, 9796146
183695, 9798319
188041, 9783064
188041, 9784668
188041, 9786652
188041, 9787697
188041, 9790308
188041, 9791792
188041, 9792957
188041, 9794870
188041, 9796146
188041, 9798319
188409, 9783064
188409, 9784668
188409, 9786652
188409, 9787697
188409, 9790308
188409, 9791792
188409, 9792957
188409, 9794870
188409, 9796146
188409, 9798319
