# Actual number of control cameras to place = 39
171145, 9776159
171145, 9777562
171145, 9778895
171145, 9779964
171145, 9781339
171145, 9782310
171145, 9784588
171145, 9785991
171145, 9787444
171145, 9788727
171145, 9790227
171145, 9791314
171145, 9792837
174891, 9776159
174891, 9777562
174891, 9778895
174891, 9779964
174891, 9781339
174891, 9782310
174891, 9784588
174891, 9785991
174891, 9787444
174891, 9788727
174891, 9790227
174891, 9791314
174891, 9792837
179502, 9776159
179502, 9777562
179502, 9778895
179502, 9779964
179502, 9781339
179502, 9782310
179502, 9784588
179502, 9785991
179502, 9787444
179502, 9788727
179502, 9790227
179502, 9791314
179502, 9792837
