# Number of control cameras to place = 54 (includes 54 opportunistic sightings + 0 placed randomly)
177221, 9777472
177598, 9777596
179088, 9789783
179992, 9792562
180015, 9787034
175303, 9789314
178905, 9778700
174672, 9784807
176930, 9780347
175555, 9783408
176069, 9780372
175620, 9776095
176482, 9780157
171513, 9784270
176802, 9776313
176285, 9781988
174606, 9786166
172772, 9784001
177847, 9791384
175623, 9785451
178968, 9781075
176902, 9789126
177527, 9791115
172737, 9787749
175975, 9790379
172658, 9775829
177588, 9779372
174735, 9792605
173048, 9778813
180207, 9784831
176718, 9792834
172268, 9781064
171242, 9775939
178970, 9775853
175616, 9779570
174427, 9791535
178447, 9783930
179007, 9780345
174826, 9788612
177394, 9777493
172394, 9778748
171588, 9784756
173945, 9789686
174202, 9780235
175605, 9787009
172208, 9776031
174218, 9785618
173162, 9781368
178958, 9788933
172415, 9788231
179015, 9783576
177224, 9783534
177285, 9777233
171003, 9778097
