# Number of control cameras to place = 50 (includes 50 opportunistic sightings + 0 placed randomly)
175878, 9791422
171502, 9783018
175837, 9787805
173007, 9790003
170985, 9789998
180063, 9778606
178891, 9783932
174798, 9778519
175256, 9785914
177395, 9792011
171586, 9787715
174730, 9792155
178037, 9787808
172664, 9782748
179864, 9779101
171286, 9791423
175853, 9781475
175924, 9789494
177325, 9775772
180165, 9779525
177588, 9792757
173122, 9792176
177486, 9776148
177468, 9779300
174100, 9790454
176579, 9778040
170935, 9775582
171461, 9785986
175536, 9779940
171525, 9785797
171018, 9776324
176141, 9783179
179590, 9782533
180380, 9786361
177699, 9785476
172241, 9780265
177778, 9784028
175694, 9784981
178663, 9785127
178117, 9776096
180431, 9786127
176404, 9777363
176060, 9784951
176349, 9775420
175002, 9784306
177037, 9787183
173230, 9785356
180366, 9784074
171094, 9782288
176467, 9791019
