# Number of control cameras to place = 54 (includes 54 opportunistic sightings + 0 placed randomly)
177107, 9776493
175715, 9781851
172727, 9784690
173925, 9785728
172213, 9778692
177650, 9789296
179619, 9791438
173316, 9785605
172976, 9783710
173558, 9790548
175359, 9784695
177352, 9788142
172375, 9780296
173519, 9778235
174670, 9775853
180247, 9787930
176519, 9781975
177565, 9790219
180198, 9788407
175806, 9778522
178256, 9778029
176312, 9780333
176614, 9784767
171593, 9781289
171983, 9791338
172214, 9792775
173013, 9787847
172786, 9787993
177190, 9782024
172170, 9778915
177491, 9789233
172140, 9791030
172333, 9782066
179844, 9788038
176011, 9782121
178658, 9775632
171161, 9783218
179902, 9776820
174506, 9788768
178702, 9781995
174132, 9783722
172950, 9776077
176885, 9780871
175132, 9791368
178216, 9790911
175167, 9776271
179783, 9788460
176224, 9781762
172769, 9788644
173521, 9778087
176901, 9777838
176460, 9792376
180153, 9780422
179815, 9780287
