# Number of control cameras to place = 50 (includes 50 opportunistic sightings + 0 placed randomly)
182207, 9790686
186903, 9790748
180007, 9796305
181662, 9798031
188438, 9799197
180182, 9792554
186760, 9786594
185386, 9786584
187938, 9785292
181727, 9784206
181544, 9789543
179804, 9793410
189458, 9787166
187677, 9794662
179659, 9796641
187690, 9788509
181237, 9788110
187933, 9784355
180050, 9782354
180998, 9786783
178303, 9784805
180959, 9784360
188484, 9783533
189331, 9794282
189982, 9794117
180658, 9799225
188969, 9794102
188911, 9783090
183162, 9787542
188981, 9797957
178341, 9794620
186702, 9785854
186592, 9796207
188113, 9790765
177899, 9793661
185892, 9791453
184697, 9788834
187762, 9783597
178783, 9792522
188212, 9783488
189572, 9794350
182284, 9796821
183302, 9787844
178735, 9792717
183303, 9784517
180081, 9784565
178883, 9788908
189693, 9796917
187574, 9797679
179114, 9786443
