# Number of control cameras to place = 50 (includes 50 opportunistic sightings + 0 placed randomly)
182076, 9794584
179904, 9798016
185467, 9794997
188329, 9788119
179777, 9795285
185582, 9787951
179451, 9784389
187525, 9797302
184830, 9785439
179273, 9789725
189609, 9790610
179406, 9790611
189091, 9790983
177894, 9789401
185445, 9791861
186095, 9796883
188650, 9782680
180563, 9795909
185224, 9797278
180947, 9783957
184845, 9794311
189533, 9787668
181107, 9794635
187622, 9785261
178038, 9791958
186592, 9795536
180292, 9782702
185629, 9784414
182628, 9787013
178945, 9789702
179702, 9783680
183371, 9786364
186528, 9791089
180495, 9792738
181452, 9794436
189309, 9784816
189572, 9788430
181633, 9785774
190135, 9794229
183867, 9792780
187385, 9796592
184604, 9787468
185408, 9797861
186478, 9783649
179437, 9797404
177942, 9787534
182735, 9785029
185937, 9791230
190713, 9797344
180774, 9786610
