# Actual number of control cameras to place = 39
171475, 9776265
171475, 9777503
171475, 9778923
171475, 9779724
171475, 9781950
171475, 9782299
171475, 9784537
171475, 9785105
171475, 9787198
171475, 9788357
171475, 9790250
171475, 9791385
171475, 9792528
176357, 9776265
176357, 9777503
176357, 9778923
176357, 9779724
176357, 9781950
176357, 9782299
176357, 9784537
176357, 9785105
176357, 9787198
176357, 9788357
176357, 9790250
176357, 9791385
176357, 9792528
179042, 9776265
179042, 9777503
179042, 9778923
179042, 9779724
179042, 9781950
179042, 9782299
179042, 9784537
179042, 9785105
179042, 9787198
179042, 9788357
179042, 9790250
179042, 9791385
179042, 9792528
