# Actual number of control cameras to place = 39
171503, 9775898
171503, 9776907
171503, 9778418
171503, 9779940
171503, 9781048
171503, 9782958
171503, 9783861
171503, 9785709
171503, 9787394
171503, 9788850
171503, 9789630
171503, 9790528
171503, 9792405
175367, 9775898
175367, 9776907
175367, 9778418
175367, 9779940
175367, 9781048
175367, 9782958
175367, 9783861
175367, 9785709
175367, 9787394
175367, 9788850
175367, 9789630
175367, 9790528
175367, 9792405
177432, 9775898
177432, 9776907
177432, 9778418
177432, 9779940
177432, 9781048
177432, 9782958
177432, 9783861
177432, 9785709
177432, 9787394
177432, 9788850
177432, 9789630
177432, 9790528
177432, 9792405
