# Actual number of control cameras to place = 50
179985, 9782150
179985, 9784223
179985, 9785868
179985, 9787507
179985, 9789814
179985, 9791451
179985, 9793805
179985, 9795499
179985, 9796247
179985, 9798040
181946, 9782150
181946, 9784223
181946, 9785868
181946, 9787507
181946, 9789814
181946, 9791451
181946, 9793805
181946, 9795499
181946, 9796247
181946, 9798040
185199, 9782150
185199, 9784223
185199, 9785868
185199, 9787507
185199, 9789814
185199, 9791451
185199, 9793805
185199, 9795499
185199, 9796247
185199, 9798040
186298, 9782150
186298, 9784223
186298, 9785868
186298, 9787507
186298, 9789814
186298, 9791451
186298, 9793805
186298, 9795499
186298, 9796247
186298, 9798040
188987, 9782150
188987, 9784223
188987, 9785868
188987, 9787507
188987, 9789814
188987, 9791451
188987, 9793805
188987, 9795499
188987, 9796247
188987, 9798040
