# Number of control cameras to place = 50 (includes 50 opportunistic sightings + 0 placed randomly)
178374, 9789456
179147, 9779476
179406, 9790402
172295, 9785220
171730, 9792296
176833, 9790106
176195, 9782940
177269, 9779656
178887, 9784332
171443, 9788367
176464, 9791045
170907, 9782107
171447, 9783692
175897, 9784148
173446, 9776840
172529, 9787092
178949, 9777398
172597, 9777661
180009, 9785403
179620, 9780735
179519, 9781173
175350, 9792186
173463, 9790180
174610, 9786696
177196, 9775858
171481, 9780953
172091, 9776635
177809, 9782741
172743, 9785618
172960, 9785616
180320, 9785377
179306, 9787439
178952, 9789959
179208, 9776685
179488, 9781009
171754, 9792538
174182, 9792658
174437, 9782167
174910, 9781207
178268, 9782586
176689, 9791344
177555, 9778171
175452, 9782421
171560, 9776322
180438, 9789191
174374, 9789872
173380, 9783503
174538, 9786096
176097, 9784363
175134, 9777025
