# Number of control cameras to place = 50 (includes 50 opportunistic sightings + 0 placed randomly)
182936, 9797332
184423, 9783435
181059, 9792639
182464, 9787341
186886, 9795313
179209, 9788251
186092, 9793635
182421, 9786102
182649, 9790352
183130, 9782155
184594, 9786371
182060, 9789139
178494, 9795846
185160, 9790790
182356, 9796108
183426, 9797411
180562, 9787079
189891, 9791731
189735, 9789945
185826, 9784107
180782, 9798810
182317, 9794692
185889, 9788532
186562, 9793961
184534, 9786559
186811, 9789074
180018, 9791790
181640, 9788544
183996, 9798975
182601, 9782368
186734, 9785111
185263, 9789624
190692, 9786856
186407, 9796554
179650, 9799137
179717, 9791389
179860, 9791048
180076, 9784183
185750, 9786992
177818, 9796996
183954, 9797917
188440, 9788233
180790, 9790221
184379, 9792241
182306, 9787221
179385, 9788391
189991, 9784354
182506, 9791230
179824, 9795460
181430, 9798682
