# Number of control cameras to place = 54 (includes 9 opportunistic sightings + 45 placed randomly)
175883, 9783318
171106, 9782218
171106, 9782218
171383, 9782184
176380, 9785103
171259, 9782085
171106, 9782218
174677, 9786639
171106, 9782218
177057, 9786501
173716, 9791474
177751, 9783939
180151, 9786440
179329, 9786814
177316, 9784829
171877, 9781510
177898, 9776188
171824, 9779478
173765, 9778521
178177, 9783170
173489, 9778275
178123, 9778758
171830, 9778378
172577, 9783240
177276, 9776047
175350, 9775334
175399, 9778010
172449, 9775631
176312, 9777767
178883, 9784337
173312, 9790560
175234, 9781460
173629, 9790155
177644, 9790291
177839, 9788068
172180, 9778991
178979, 9786768
178171, 9781771
173701, 9785009
173826, 9789290
180457, 9779175
172268, 9785181
176138, 9791892
180430, 9789042
173343, 9776738
171421, 9777627
177949, 9785072
174491, 9781437
175760, 9785190
179621, 9789776
171354, 9776520
180079, 9776139
172282, 9792119
176249, 9779421
