# Number of control cameras to place = 50 (includes 3 opportunistic sightings + 47 placed randomly)
178124, 9789477
178127, 9789477
178105, 9789505
179096, 9795212
184314, 9797660
184671, 9797384
190177, 9796663
180393, 9788106
181564, 9789723
182656, 9797452
184940, 9782911
189615, 9791172
177761, 9797182
179095, 9792931
185381, 9795427
182711, 9798569
184625, 9788671
185138, 9789761
181757, 9793531
189024, 9798754
182791, 9799006
188210, 9786425
189068, 9792833
189840, 9783450
181284, 9791025
179149, 9791513
178022, 9790433
178040, 9790702
181243, 9784399
183814, 9787935
187603, 9792308
178530, 9797599
178948, 9796467
178087, 9797844
186174, 9791422
181429, 9796846
189809, 9793055
178617, 9789164
178698, 9786931
182157, 9794477
190600, 9796278
186086, 9788134
179778, 9785422
189204, 9782411
180713, 9796990
183882, 9797220
183258, 9799245
185216, 9790841
187096, 9797733
189865, 9782581
