# Number of control cameras to place = 54 (includes 6 opportunistic sightings + 48 placed randomly)
188580, 9779180
186294, 9774493
188559, 9779098
185646, 9781405
188560, 9779100
189612, 9780452
189389, 9778233
185265, 9781606
187129, 9780244
186689, 9772915
188076, 9778502
187803, 9778878
188764, 9780028
186510, 9779005
186710, 9774421
188824, 9781231
184494, 9774013
189473, 9777684
189915, 9772772
184629, 9779117
186332, 9775282
187477, 9774402
188929, 9771818
188833, 9772427
187173, 9771948
186612, 9778537
185340, 9777879
190054, 9782197
186566, 9777682
186321, 9771759
187281, 9774892
185729, 9777045
189437, 9780499
185679, 9775014
190089, 9773873
186752, 9775118
187384, 9776960
189918, 9776971
184496, 9781094
184682, 9781355
184456, 9776652
187269, 9776484
184503, 9777625
190263, 9773923
185075, 9775220
187060, 9780936
189704, 9779354
188530, 9780181
188131, 9780544
184748, 9776061
185089, 9779887
184069, 9776328
189032, 9773104
187846, 9774656
