# Actual number of control cameras to place = 50
178216, 9782902
178216, 9784309
178216, 9786181
178216, 9788006
178216, 9789126
178216, 9791367
178216, 9793440
178216, 9795530
178216, 9796592
178216, 9798862
181574, 9782902
181574, 9784309
181574, 9786181
181574, 9788006
181574, 9789126
181574, 9791367
181574, 9793440
181574, 9795530
181574, 9796592
181574, 9798862
183615, 9782902
183615, 9784309
183615, 9786181
183615, 9788006
183615, 9789126
183615, 9791367
183615, 9793440
183615, 9795530
183615, 9796592
183615, 9798862
186859, 9782902
186859, 9784309
186859, 9786181
186859, 9788006
186859, 9789126
186859, 9791367
186859, 9793440
186859, 9795530
186859, 9796592
186859, 9798862
189322, 9782902
189322, 9784309
189322, 9786181
189322, 9788006
189322, 9789126
189322, 9791367
189322, 9793440
189322, 9795530
189322, 9796592
189322, 9798862
