# Number of control cameras to place = 50 (includes 50 opportunistic sightings + 0 placed randomly)
174905, 9785632
172674, 9788723
174740, 9787232
175843, 9778565
180360, 9780283
175845, 9792265
173022, 9778734
175591, 9776469
174524, 9787408
175063, 9791486
175140, 9788194
173450, 9785109
179218, 9785973
171453, 9787090
178389, 9791200
177809, 9778991
175022, 9784360
172347, 9779127
173394, 9776641
173958, 9786764
172516, 9780769
176586, 9787045
176260, 9786813
170966, 9790236
175942, 9787023
180060, 9777978
180316, 9777548
172573, 9778198
173800, 9790230
177647, 9780375
172501, 9791359
174055, 9788550
171378, 9790482
173657, 9782440
175743, 9777097
179948, 9789200
173829, 9788759
174399, 9792333
179823, 9791756
180001, 9788132
173707, 9781554
177014, 9791009
177846, 9776464
178314, 9785420
176460, 9777848
178301, 9786423
176594, 9776474
176724, 9791009
180192, 9776496
172010, 9779920
