# Number of control cameras to place = 54 (includes 14 opportunistic sightings + 40 placed randomly)
178217, 9782490
178505, 9782109
173596, 9781546
173520, 9782062
178315, 9783178
173836, 9783408
179312, 9783216
174744, 9784913
176000, 9783111
171979, 9784852
179079, 9783030
173962, 9783668
178954, 9783202
174922, 9781606
177404, 9784204
174416, 9789406
177542, 9780425
173234, 9791302
178939, 9789133
179313, 9777253
176453, 9787901
172581, 9792084
172679, 9781221
172595, 9790579
171309, 9789041
172326, 9790680
180353, 9788074
174067, 9781214
171660, 9783875
172683, 9780698
173268, 9792774
175464, 9787572
171945, 9777950
172533, 9788637
173244, 9792082
173414, 9782619
171994, 9782389
175772, 9786580
172761, 9785404
178708, 9780306
174580, 9782420
173552, 9778290
171373, 9785797
170904, 9780561
178147, 9785751
180411, 9790011
176357, 9791386
176839, 9776482
171029, 9780109
171266, 9775571
172450, 9779248
175428, 9786237
173477, 9792877
178074, 9789411
