# Actual number of control cameras to place = 45
179957, 9782474
179957, 9784321
179957, 9787066
179957, 9788532
179957, 9789935
179957, 9793094
179957, 9794777
179957, 9796364
179957, 9799046
181444, 9782474
181444, 9784321
181444, 9787066
181444, 9788532
181444, 9789935
181444, 9793094
181444, 9794777
181444, 9796364
181444, 9799046
183101, 9782474
183101, 9784321
183101, 9787066
183101, 9788532
183101, 9789935
183101, 9793094
183101, 9794777
183101, 9796364
183101, 9799046
187817, 9782474
187817, 9784321
187817, 9787066
187817, 9788532
187817, 9789935
187817, 9793094
187817, 9794777
187817, 9796364
187817, 9799046
189264, 9782474
189264, 9784321
189264, 9787066
189264, 9788532
189264, 9789935
189264, 9793094
189264, 9794777
189264, 9796364
189264, 9799046
