# Number of control cameras to place = 54 (includes 9 opportunistic sightings + 45 placed randomly)
185331, 9791017
185331, 9791013
185373, 9791623
185710, 9793121
186018, 9787899
184146, 9790384
185711, 9793114
184704, 9785407
185165, 9790365
182930, 9791441
178112, 9798653
180438, 9797919
180290, 9788851
181577, 9783771
189441, 9792232
185683, 9792498
187131, 9788273
181735, 9784712
181378, 9783366
190192, 9788550
184534, 9789713
179046, 9793923
186209, 9782710
177827, 9796045
180204, 9789618
182829, 9790712
181598, 9797787
188497, 9783817
187129, 9792421
184210, 9787150
179956, 9788940
181802, 9793026
188234, 9782400
190612, 9792111
178246, 9791303
187806, 9791283
187084, 9783091
186790, 9786077
189233, 9782911
179017, 9784435
184540, 9788641
183807, 9787503
187272, 9790900
187529, 9795142
188838, 9789019
189967, 9786264
183866, 9786966
179031, 9783129
187781, 9797908
181625, 9787758
179325, 9798317
179306, 9787279
179517, 9783421
179010, 9787640
