# Actual number of control cameras to place = 60
174529, 9781901
174529, 9782760
174529, 9783663
174529, 9784828
174529, 9786002
174529, 9786875
174529, 9787993
174529, 9788741
174529, 9789854
174529, 9791072
174529, 9791404
174529, 9792555
176112, 9781901
176112, 9782760
176112, 9783663
176112, 9784828
176112, 9786002
176112, 9786875
176112, 9787993
176112, 9788741
176112, 9789854
176112, 9791072
176112, 9791404
176112, 9792555
177339, 9781901
177339, 9782760
177339, 9783663
177339, 9784828
177339, 9786002
177339, 9786875
177339, 9787993
177339, 9788741
177339, 9789854
177339, 9791072
177339, 9791404
177339, 9792555
178075, 9781901
178075, 9782760
178075, 9783663
178075, 9784828
178075, 9786002
178075, 9786875
178075, 9787993
178075, 9788741
178075, 9789854
178075, 9791072
178075, 9791404
178075, 9792555
179835, 9781901
179835, 9782760
179835, 9783663
179835, 9784828
179835, 9786002
179835, 9786875
179835, 9787993
179835, 9788741
179835, 9789854
179835, 9791072
179835, 9791404
179835, 9792555
