# Actual number of control cameras to place = 48
175073, 9781655
175073, 9782875
175073, 9783903
175073, 9784901
175073, 9786146
175073, 9787072
175073, 9787625
175073, 9789062
175073, 9789771
175073, 9790724
175073, 9791520
175073, 9792603
176668, 9781655
176668, 9782875
176668, 9783903
176668, 9784901
176668, 9786146
176668, 9787072
176668, 9787625
176668, 9789062
176668, 9789771
176668, 9790724
176668, 9791520
176668, 9792603
178780, 9781655
178780, 9782875
178780, 9783903
178780, 9784901
178780, 9786146
178780, 9787072
178780, 9787625
178780, 9789062
178780, 9789771
178780, 9790724
178780, 9791520
178780, 9792603
179918, 9781655
179918, 9782875
179918, 9783903
179918, 9784901
179918, 9786146
179918, 9787072
179918, 9787625
179918, 9789062
179918, 9789771
179918, 9790724
179918, 9791520
179918, 9792603
