# Actual number of control cameras to place = 50
179452, 9782383
179452, 9784183
179452, 9786099
179452, 9787895
179452, 9789102
179452, 9790922
179452, 9792977
179452, 9795161
179452, 9797230
179452, 9799183
182447, 9782383
182447, 9784183
182447, 9786099
182447, 9787895
182447, 9789102
182447, 9790922
182447, 9792977
182447, 9795161
182447, 9797230
182447, 9799183
183808, 9782383
183808, 9784183
183808, 9786099
183808, 9787895
183808, 9789102
183808, 9790922
183808, 9792977
183808, 9795161
183808, 9797230
183808, 9799183
187374, 9782383
187374, 9784183
187374, 9786099
187374, 9787895
187374, 9789102
187374, 9790922
187374, 9792977
187374, 9795161
187374, 9797230
187374, 9799183
189862, 9782383
189862, 9784183
189862, 9786099
189862, 9787895
189862, 9789102
189862, 9790922
189862, 9792977
189862, 9795161
189862, 9797230
189862, 9799183
