# Actual number of control cameras to place = 50
179460, 9782163
179460, 9785333
179460, 9786529
179460, 9787643
179460, 9789506
179460, 9792013
179460, 9793715
179460, 9795239
179460, 9796763
179460, 9798249
181474, 9782163
181474, 9785333
181474, 9786529
181474, 9787643
181474, 9789506
181474, 9792013
181474, 9793715
181474, 9795239
181474, 9796763
181474, 9798249
184614, 9782163
184614, 9785333
184614, 9786529
184614, 9787643
184614, 9789506
184614, 9792013
184614, 9793715
184614, 9795239
184614, 9796763
184614, 9798249
186484, 9782163
186484, 9785333
186484, 9786529
186484, 9787643
186484, 9789506
186484, 9792013
186484, 9793715
186484, 9795239
186484, 9796763
186484, 9798249
189294, 9782163
189294, 9785333
189294, 9786529
189294, 9787643
189294, 9789506
189294, 9792013
189294, 9793715
189294, 9795239
189294, 9796763
189294, 9798249
