# Number of control cameras to place = 50 (includes 50 opportunistic sightings + 0 placed randomly)
189414, 9797220
189779, 9791099
179441, 9787746
190564, 9783599
178432, 9784204
189429, 9791331
181601, 9789499
184173, 9790167
187924, 9796205
186136, 9793772
182269, 9790800
182939, 9793940
183593, 9787262
180863, 9797031
184003, 9782466
188125, 9789341
183929, 9790166
186368, 9792998
183416, 9783795
186009, 9785742
177897, 9798860
189009, 9799251
182073, 9797231
185787, 9790175
186103, 9782213
179002, 9796670
179615, 9795550
179132, 9798599
178430, 9783616
189860, 9784687
186791, 9794636
182701, 9794466
186187, 9786739
183224, 9789453
185247, 9796630
185968, 9797715
183690, 9791736
190143, 9798916
190143, 9783584
183288, 9784841
185815, 9796025
179116, 9786989
188778, 9790636
188089, 9783811
183043, 9789347
178699, 9795671
189244, 9788975
187010, 9795023
189107, 9790946
178223, 9785253
