# Number of control cameras to place = 50 (includes 50 opportunistic sightings + 0 placed randomly)
186427, 9788182
188457, 9793757
190560, 9789518
180427, 9791644
178623, 9793031
184019, 9792871
189821, 9784317
189454, 9799029
186892, 9782341
190525, 9787064
183667, 9790866
181271, 9793344
182629, 9789087
185406, 9797020
180643, 9789460
187612, 9783418
178994, 9792241
182293, 9782800
186198, 9787657
180905, 9792357
186527, 9782404
184902, 9786083
188927, 9786347
190661, 9793660
180234, 9782980
184510, 9791114
179566, 9788348
178033, 9794252
181241, 9795822
188895, 9783487
186820, 9787123
178846, 9793531
185936, 9783559
186801, 9787766
180694, 9799279
189974, 9790388
182227, 9793349
185072, 9782304
181208, 9787379
184619, 9791127
178573, 9786746
185154, 9795047
181849, 9782416
177968, 9795539
185859, 9791624
178491, 9797788
185959, 9796890
189337, 9784876
178436, 9784682
186888, 9798874
