# Number of control cameras to place = 54 (includes 54 opportunistic sightings + 0 placed randomly)
178776, 9792591
176140, 9786286
175767, 9783098
176297, 9786891
174784, 9785552
179328, 9787157
178883, 9782323
178388, 9786788
178795, 9792702
178963, 9784186
176947, 9790060
177698, 9791614
177313, 9790118
179063, 9787915
175199, 9782881
174126, 9786711
179080, 9784635
174894, 9783657
178730, 9788198
178861, 9786015
176589, 9784438
178991, 9784717
175556, 9784428
177535, 9786798
176775, 9787949
178706, 9786765
177520, 9785467
178495, 9781629
178984, 9790846
178367, 9789592
178965, 9788991
175538, 9785679
175499, 9791691
177894, 9789710
178247, 9790856
175348, 9790996
176864, 9784785
174266, 9790790
177125, 9788218
180144, 9788127
176422, 9790942
179928, 9789212
178305, 9781784
180230, 9782108
177532, 9792555
175919, 9786432
180176, 9783071
180109, 9782163
178845, 9791834
179032, 9788302
177970, 9788303
176590, 9788421
177134, 9787305
179701, 9786160
