# Number of control cameras to place = 50 (includes 50 opportunistic sightings + 0 placed randomly)
180114, 9781703
179392, 9785137
174647, 9787178
174797, 9784373
178624, 9792683
177149, 9788732
174999, 9782818
175819, 9790108
177092, 9784759
175953, 9788708
179947, 9784062
176149, 9782963
179651, 9782840
178277, 9785554
178977, 9788073
180110, 9787751
179832, 9791080
174436, 9788373
177068, 9789043
174219, 9788966
177381, 9787445
176496, 9790974
177482, 9790623
179886, 9789047
179093, 9787404
174488, 9789075
180423, 9782217
177211, 9782829
176977, 9784023
179962, 9785180
176463, 9787542
176544, 9788243
175599, 9785822
176426, 9789629
180339, 9789014
178547, 9782662
178830, 9783043
177703, 9782155
179311, 9782033
179698, 9786623
174270, 9793035
175265, 9784750
176660, 9782118
179617, 9785895
177099, 9790288
178864, 9783569
174069, 9784178
176803, 9781884
176745, 9789427
179270, 9788705
