# Number of control cameras to place = 50 (includes 50 opportunistic sightings + 0 placed randomly)
184454, 9786211
182614, 9793928
178678, 9795920
182194, 9792810
183627, 9791849
178004, 9786317
185563, 9783321
178747, 9789375
181394, 9782214
182663, 9784448
180246, 9796377
187704, 9798187
185931, 9798571
188525, 9790962
185557, 9789216
179814, 9792850
183477, 9790817
178437, 9788830
184207, 9796623
188849, 9782293
178784, 9796140
180762, 9794666
187819, 9788444
186015, 9795449
179506, 9787880
184094, 9795717
188767, 9795991
180294, 9787025
187942, 9791177
188208, 9782949
179731, 9782347
181267, 9785557
187582, 9786414
181954, 9784725
189270, 9799298
187253, 9798426
179291, 9799205
184137, 9796997
187075, 9791608
182705, 9792168
179937, 9797236
189207, 9796542
182159, 9790344
186931, 9785664
178673, 9784619
184068, 9796259
187769, 9785107
185632, 9782414
184289, 9798425
180965, 9792410
