# Number of control cameras to place = 54 (includes 54 opportunistic sightings + 0 placed randomly)
178084, 9787028
177288, 9787021
176401, 9785784
174982, 9784865
174597, 9784966
178140, 9790181
177594, 9786994
178857, 9793038
178705, 9792329
179702, 9782924
176605, 9790692
178878, 9786161
176949, 9783279
178538, 9792477
175911, 9784309
174445, 9787942
177078, 9792018
178878, 9783488
174159, 9787174
177880, 9786642
177320, 9791644
175069, 9782031
178918, 9789678
176854, 9784014
178729, 9786610
175386, 9792225
178710, 9787646
180204, 9788710
174554, 9792308
179877, 9786318
175379, 9788732
175701, 9786477
174580, 9782324
174254, 9788176
174968, 9782480
175307, 9791415
175082, 9783215
175089, 9790643
177880, 9791082
176253, 9781635
177723, 9788689
179867, 9789488
179332, 9785594
180012, 9782935
176992, 9782648
180099, 9789978
179547, 9791618
176857, 9782103
175368, 9786335
174242, 9791992
178473, 9786948
175290, 9784964
177719, 9785679
175282, 9783264
