# Number of control cameras to place = 50 (includes 50 opportunistic sightings + 0 placed randomly)
189169, 9794057
182434, 9785650
179370, 9785576
190548, 9787105
184499, 9783681
184687, 9792526
181388, 9782338
183271, 9797854
183357, 9787860
183543, 9792098
184993, 9791143
181254, 9795771
181860, 9797916
178667, 9789675
189997, 9790675
179457, 9795988
182245, 9798057
178807, 9791590
186849, 9795436
186942, 9791042
177725, 9797716
182369, 9785202
179296, 9787345
189930, 9786402
180889, 9792729
185734, 9787845
188546, 9794303
179942, 9795090
178222, 9789717
180185, 9785400
184725, 9793615
180403, 9786056
190013, 9795315
190439, 9789058
179065, 9788235
184996, 9788575
189248, 9794694
186343, 9796434
188929, 9799207
186904, 9783930
181028, 9798065
188854, 9791588
188790, 9796995
180281, 9791906
189571, 9784379
181513, 9794876
182840, 9792098
180009, 9786020
185442, 9783599
189780, 9787179
