# Number of control cameras to place = 50 (includes 50 opportunistic sightings + 0 placed randomly)
184830, 9789967
181618, 9782264
185108, 9790613
183153, 9782790
187608, 9795744
183364, 9789526
182099, 9795042
185465, 9788555
187491, 9798458
183173, 9786011
188264, 9784921
178693, 9786709
180482, 9795614
180650, 9791050
184211, 9787169
188509, 9792647
189503, 9794724
187614, 9786152
187513, 9788014
183046, 9783245
187512, 9784237
184744, 9789504
183430, 9783134
188101, 9798570
182472, 9798436
188545, 9789961
186693, 9784101
182202, 9786090
184196, 9789910
183472, 9782433
183910, 9792727
181412, 9786873
187759, 9798580
188840, 9782222
179071, 9798566
186382, 9791760
185856, 9785101
186914, 9787794
190127, 9788895
190349, 9798657
185354, 9783836
183361, 9791208
186946, 9784710
186474, 9790568
184948, 9795215
180718, 9797560
188165, 9789849
182807, 9783164
182534, 9796741
190340, 9785046
