# Number of control cameras to place = 54 (includes 8 opportunistic sightings + 46 placed randomly)
174899, 9786975
176680, 9786031
176291, 9784123
174721, 9785763
174721, 9785763
174938, 9786097
176323, 9784637
174990, 9786641
179244, 9783537
174511, 9791186
175427, 9789761
174416, 9786880
175675, 9787205
179772, 9788622
174597, 9788272
179373, 9788868
178192, 9789432
178900, 9785749
174856, 9790792
175907, 9789135
175237, 9790356
179031, 9789419
179214, 9784790
179565, 9786773
177307, 9782526
177177, 9787440
174048, 9788800
179354, 9792201
174495, 9788200
177667, 9785218
177904, 9789493
175536, 9784116
178719, 9788164
176595, 9785331
178835, 9792032
175320, 9789434
177582, 9790484
180192, 9786811
177799, 9792896
174872, 9784612
175206, 9786161
178884, 9789078
177642, 9787472
177845, 9788802
176033, 9787686
176174, 9788527
177389, 9782864
175650, 9783356
174383, 9789770
178777, 9788923
175262, 9785109
178132, 9786567
179831, 9790108
176754, 9783161
