# Number of control cameras to place = 50 (includes 5 opportunistic sightings + 45 placed randomly)
175573, 9784763
175884, 9783449
175573, 9784763
178111, 9784399
178111, 9784399
176363, 9786768
174472, 9785938
174290, 9789587
179128, 9788761
179013, 9784938
175843, 9789262
179959, 9785876
177562, 9786228
180238, 9786826
175083, 9789032
176795, 9782671
178914, 9788548
175585, 9788583
176472, 9783982
177856, 9786587
175762, 9786000
178504, 9784219
178377, 9786285
177650, 9785694
177060, 9792978
175783, 9787406
176868, 9791509
179938, 9787902
175766, 9781958
179890, 9791693
178364, 9791496
177205, 9787481
177970, 9785075
175288, 9786284
175664, 9792123
178527, 9787777
177006, 9784376
175876, 9786915
175396, 9787715
177262, 9785380
177256, 9784297
177681, 9791872
174951, 9789665
179343, 9781718
175077, 9786525
177423, 9792651
179539, 9786655
175223, 9791803
177282, 9786002
177636, 9782664
