# Number of control cameras to place = 50 (includes 2 opportunistic sightings + 48 placed randomly)
176770, 9784589
176660, 9785161
178260, 9781656
179436, 9782334
175705, 9782443
179403, 9789265
180097, 9786928
176975, 9781776
176184, 9784887
179229, 9786111
175429, 9790449
177730, 9783409
175566, 9781700
180136, 9785346
177735, 9789404
177117, 9791408
178249, 9788537
176947, 9783310
174650, 9785591
179540, 9791708
176150, 9788896
176760, 9789352
179078, 9784206
180340, 9785398
180468, 9790358
174660, 9787027
175469, 9792643
177082, 9787742
175054, 9792570
177102, 9790678
175386, 9788151
178581, 9782134
178919, 9787738
176127, 9789497
175532, 9786876
179291, 9788895
175655, 9788401
180171, 9787467
177166, 9788311
176435, 9783404
178758, 9785414
174636, 9788728
174469, 9791683
177700, 9791465
179179, 9790207
174649, 9787808
175302, 9791086
174140, 9792202
176529, 9784759
175813, 9786542
