# Actual number of control cameras to place = 39
172436, 9775425
172436, 9777743
172436, 9778536
172436, 9779513
172436, 9780865
172436, 9782652
172436, 9784315
172436, 9786116
172436, 9786867
172436, 9788084
172436, 9789667
172436, 9791155
172436, 9792830
174597, 9775425
174597, 9777743
174597, 9778536
174597, 9779513
174597, 9780865
174597, 9782652
174597, 9784315
174597, 9786116
174597, 9786867
174597, 9788084
174597, 9789667
174597, 9791155
174597, 9792830
177852, 9775425
177852, 9777743
177852, 9778536
177852, 9779513
177852, 9780865
177852, 9782652
177852, 9784315
177852, 9786116
177852, 9786867
177852, 9788084
177852, 9789667
177852, 9791155
177852, 9792830
