# Actual number of control cameras to place = 50
179824, 9782668
179824, 9784349
179824, 9786367
179824, 9788609
179824, 9789426
179824, 9791082
179824, 9793405
179824, 9795549
179824, 9797142
179824, 9798070
181531, 9782668
181531, 9784349
181531, 9786367
181531, 9788609
181531, 9789426
181531, 9791082
181531, 9793405
181531, 9795549
181531, 9797142
181531, 9798070
184844, 9782668
184844, 9784349
184844, 9786367
184844, 9788609
184844, 9789426
184844, 9791082
184844, 9793405
184844, 9795549
184844, 9797142
184844, 9798070
185790, 9782668
185790, 9784349
185790, 9786367
185790, 9788609
185790, 9789426
185790, 9791082
185790, 9793405
185790, 9795549
185790, 9797142
185790, 9798070
189522, 9782668
189522, 9784349
189522, 9786367
189522, 9788609
189522, 9789426
189522, 9791082
189522, 9793405
189522, 9795549
189522, 9797142
189522, 9798070
