# Number of control cameras to place = 50 (includes 50 opportunistic sightings + 0 placed randomly)
185644, 9795286
187098, 9788975
187537, 9795533
189114, 9791086
179624, 9787618
180015, 9796246
186083, 9795085
185727, 9795460
181480, 9787195
178907, 9797332
186798, 9784987
187239, 9790774
187474, 9790964
181324, 9787690
180797, 9792356
182237, 9789889
189575, 9789189
180130, 9793642
180774, 9782892
187758, 9782678
184714, 9784468
187254, 9783945
181576, 9782744
179626, 9787457
181390, 9782482
181257, 9785443
185791, 9784978
186717, 9792397
181991, 9787804
189527, 9788155
187451, 9785527
185518, 9795214
184668, 9797657
182428, 9794989
188073, 9794285
182156, 9789028
183488, 9789878
177937, 9797902
183478, 9786156
179210, 9789429
182311, 9786003
187766, 9797073
186242, 9793442
182411, 9783556
178639, 9798000
184210, 9793525
188374, 9787078
187948, 9798295
185947, 9782418
182398, 9787909
