# Number of control cameras to place = 50 (includes 50 opportunistic sightings + 0 placed randomly)
177150, 9787621
178598, 9788798
177769, 9785110
172655, 9786208
179803, 9792049
175868, 9785324
174998, 9788027
179729, 9775756
172095, 9790374
174900, 9782499
173637, 9784570
172160, 9792470
173744, 9784600
179673, 9777306
174970, 9787185
179040, 9784581
179716, 9786168
178505, 9782283
176188, 9789463
175943, 9780117
177876, 9777565
171906, 9788192
177052, 9782530
179654, 9791085
172793, 9781619
173035, 9787621
178407, 9783967
176747, 9789720
174411, 9781764
180155, 9777739
173010, 9775623
175085, 9791007
173289, 9782644
176394, 9780311
178491, 9776658
171474, 9776214
180284, 9790308
171240, 9778096
172520, 9792864
178455, 9783344
177404, 9776084
175071, 9781348
180377, 9780682
180065, 9789434
179292, 9775620
177077, 9779932
174042, 9792345
171185, 9777800
174060, 9787610
176831, 9776665
