# Number of control cameras to place = 50 (includes 8 opportunistic sightings + 42 placed randomly)
177633, 9782583
178346, 9782443
177906, 9782619
178487, 9782111
178078, 9782578
178109, 9782538
177760, 9784810
177777, 9782549
187282, 9790750
184052, 9784161
183385, 9796197
178288, 9794570
180016, 9782314
187080, 9785175
187450, 9798483
188892, 9783646
183188, 9783964
190244, 9787442
179281, 9788608
184251, 9782772
190640, 9788079
182560, 9785608
181369, 9789469
185858, 9799013
189952, 9786803
182619, 9798291
188465, 9791599
184235, 9795214
184623, 9796668
186283, 9788046
185866, 9795284
189030, 9789903
189886, 9798998
188472, 9795135
189620, 9793173
180584, 9784110
178534, 9791832
180716, 9783501
186620, 9785291
180729, 9797275
181713, 9783626
183110, 9782587
179905, 9796874
188154, 9797051
180977, 9786153
187152, 9799044
187896, 9789989
190206, 9795857
188666, 9791681
190186, 9790036
