# Number of control cameras to place = 50 (includes 2 opportunistic sightings + 48 placed randomly)
172235, 9784803
172244, 9784858
171944, 9787728
178307, 9785738
172830, 9782729
179667, 9788164
176281, 9791548
180058, 9789309
178592, 9782644
172285, 9777225
176946, 9784431
173527, 9789801
172170, 9785756
177404, 9784047
179486, 9787398
179237, 9775881
170993, 9775475
175290, 9781642
176651, 9787460
177158, 9778249
173570, 9788018
177181, 9790387
178007, 9788160
172867, 9786076
179364, 9783176
175442, 9782808
174427, 9788930
174630, 9788445
174316, 9788972
173024, 9776720
174183, 9778574
171572, 9777898
179023, 9785955
176814, 9776991
171840, 9778349
180151, 9792269
180326, 9786472
175772, 9783940
173560, 9781449
175256, 9784918
177222, 9778028
178802, 9782908
176039, 9790335
177023, 9781460
178912, 9777219
176758, 9791751
173630, 9778522
174659, 9790299
172236, 9787412
179190, 9785787
