# Actual number of control cameras to place = 45
178872, 9783206
178872, 9785161
178872, 9786529
178872, 9788066
178872, 9790451
178872, 9791818
178872, 9794333
178872, 9795760
178872, 9797981
180514, 9783206
180514, 9785161
180514, 9786529
180514, 9788066
180514, 9790451
180514, 9791818
180514, 9794333
180514, 9795760
180514, 9797981
184578, 9783206
184578, 9785161
184578, 9786529
184578, 9788066
184578, 9790451
184578, 9791818
184578, 9794333
184578, 9795760
184578, 9797981
187777, 9783206
187777, 9785161
187777, 9786529
187777, 9788066
187777, 9790451
187777, 9791818
187777, 9794333
187777, 9795760
187777, 9797981
190281, 9783206
190281, 9785161
190281, 9786529
190281, 9788066
190281, 9790451
190281, 9791818
190281, 9794333
190281, 9795760
190281, 9797981
