# Actual number of control cameras to place = 50
177824, 9782846
177824, 9784888
177824, 9787020
177824, 9788184
177824, 9789389
177824, 9791763
177824, 9793192
177824, 9794643
177824, 9797427
177824, 9798880
180517, 9782846
180517, 9784888
180517, 9787020
180517, 9788184
180517, 9789389
180517, 9791763
180517, 9793192
180517, 9794643
180517, 9797427
180517, 9798880
184143, 9782846
184143, 9784888
184143, 9787020
184143, 9788184
184143, 9789389
184143, 9791763
184143, 9793192
184143, 9794643
184143, 9797427
184143, 9798880
186699, 9782846
186699, 9784888
186699, 9787020
186699, 9788184
186699, 9789389
186699, 9791763
186699, 9793192
186699, 9794643
186699, 9797427
186699, 9798880
189751, 9782846
189751, 9784888
189751, 9787020
189751, 9788184
189751, 9789389
189751, 9791763
189751, 9793192
189751, 9794643
189751, 9797427
189751, 9798880
