# Actual number of control cameras to place = 45
179296, 9783632
179296, 9785002
179296, 9786869
179296, 9789401
179296, 9791078
179296, 9791893
179296, 9795114
179296, 9797032
179296, 9798219
181387, 9783632
181387, 9785002
181387, 9786869
181387, 9789401
181387, 9791078
181387, 9791893
181387, 9795114
181387, 9797032
181387, 9798219
184588, 9783632
184588, 9785002
184588, 9786869
184588, 9789401
184588, 9791078
184588, 9791893
184588, 9795114
184588, 9797032
184588, 9798219
187559, 9783632
187559, 9785002
187559, 9786869
187559, 9789401
187559, 9791078
187559, 9791893
187559, 9795114
187559, 9797032
187559, 9798219
189810, 9783632
189810, 9785002
189810, 9786869
189810, 9789401
189810, 9791078
189810, 9791893
189810, 9795114
189810, 9797032
189810, 9798219
