# Actual number of control cameras to place = 45
178546, 9782527
178546, 9785025
178546, 9787316
178546, 9788513
178546, 9791186
178546, 9793203
178546, 9795119
178546, 9797096
178546, 9798145
182767, 9782527
182767, 9785025
182767, 9787316
182767, 9788513
182767, 9791186
182767, 9793203
182767, 9795119
182767, 9797096
182767, 9798145
184960, 9782527
184960, 9785025
184960, 9787316
184960, 9788513
184960, 9791186
184960, 9793203
184960, 9795119
184960, 9797096
184960, 9798145
185933, 9782527
185933, 9785025
185933, 9787316
185933, 9788513
185933, 9791186
185933, 9793203
185933, 9795119
185933, 9797096
185933, 9798145
188493, 9782527
188493, 9785025
188493, 9787316
188493, 9788513
188493, 9791186
188493, 9793203
188493, 9795119
188493, 9797096
188493, 9798145
