# Number of control cameras to place = 50 (includes 50 opportunistic sightings + 0 placed randomly)
189859, 9789340
183869, 9784506
189568, 9788003
187641, 9788279
181737, 9784180
189568, 9783003
180702, 9787866
181037, 9791376
178603, 9790663
181722, 9787239
184262, 9790003
178803, 9783443
190699, 9784369
181170, 9784876
184099, 9796872
179689, 9787197
188302, 9795559
185572, 9784470
178399, 9784111
180146, 9798822
185862, 9785131
187649, 9798365
187292, 9787123
189255, 9798583
178385, 9784956
180799, 9789891
187585, 9786869
186420, 9786213
183002, 9793327
187536, 9798759
187828, 9784941
180312, 9790935
179488, 9791372
187712, 9786403
188924, 9796918
182960, 9796978
186577, 9788551
177997, 9787923
181648, 9783473
188296, 9795322
189373, 9797422
182895, 9796509
181407, 9783015
181814, 9783469
190560, 9783818
186874, 9796746
185613, 9790806
184623, 9788776
180607, 9798956
179431, 9785125
