# Number of control cameras to place = 54 (includes 2 opportunistic sightings + 52 placed randomly)
182613, 9784496
185467, 9792317
185642, 9787998
185328, 9785502
180198, 9793854
186776, 9788209
183075, 9792879
180436, 9783681
180574, 9796638
182362, 9785468
180095, 9797251
178241, 9792298
178732, 9787234
188555, 9792129
178321, 9784731
181425, 9796550
183520, 9786038
185880, 9793288
189459, 9796545
187930, 9794571
182066, 9797457
184840, 9796225
186660, 9798150
180264, 9788348
185245, 9798267
188479, 9785007
178961, 9797722
181076, 9782209
190346, 9795638
188969, 9789530
180210, 9788688
187135, 9785751
183023, 9799271
186826, 9794768
185232, 9791318
185575, 9792254
188580, 9785984
184491, 9783159
189897, 9784411
182605, 9796582
179917, 9794545
184537, 9798853
190354, 9796953
183492, 9794811
187193, 9782790
190566, 9791387
182313, 9794442
186701, 9783884
190373, 9796152
183638, 9788140
180048, 9792365
183667, 9794120
184060, 9798963
184967, 9789785
