# Number of control cameras to place = 50 (includes 50 opportunistic sightings + 0 placed randomly)
189550, 9787620
181320, 9789437
188318, 9789786
181692, 9784755
181213, 9787476
185385, 9794750
186379, 9784884
178077, 9797752
179883, 9787885
182320, 9794678
185918, 9790298
187802, 9793256
186937, 9798405
182889, 9788635
185709, 9797937
180371, 9786321
179895, 9792116
185214, 9796489
178422, 9783477
187589, 9792667
188644, 9782963
178027, 9793119
190322, 9794612
187771, 9793924
186925, 9795603
181748, 9784300
187146, 9795042
178138, 9783826
188851, 9783210
181848, 9786021
189820, 9782801
190208, 9790075
188064, 9784112
188752, 9787716
183414, 9793400
178909, 9784251
186940, 9783259
187436, 9785146
179705, 9783551
178054, 9794514
179627, 9797275
190713, 9788242
181124, 9785445
188102, 9791702
190557, 9790993
190401, 9792147
184779, 9787279
187590, 9785908
183927, 9783226
190167, 9797376
