# Number of control cameras to place = 50 (includes 50 opportunistic sightings + 0 placed randomly)
187498, 9790475
184539, 9791143
180692, 9797563
179715, 9787004
179752, 9786190
182035, 9792530
181773, 9792913
177872, 9797081
187654, 9795255
189904, 9797756
182328, 9792619
179156, 9792447
180138, 9786954
181758, 9793969
187862, 9799175
182851, 9791936
182249, 9796821
183480, 9786636
189700, 9784569
190348, 9788396
186194, 9795193
186225, 9788801
180078, 9796569
186111, 9786836
181133, 9791260
181078, 9799133
187330, 9790826
181752, 9783494
188204, 9799243
182579, 9794336
189354, 9796010
179618, 9788916
180905, 9793079
184250, 9786864
182316, 9789458
178400, 9796862
186916, 9783954
180253, 9786143
178963, 9788936
186445, 9796948
180977, 9795089
186800, 9784505
187130, 9797947
181342, 9789103
186233, 9795047
182157, 9798197
189356, 9797646
183342, 9791497
180332, 9793037
183642, 9791534
