# Number of control cameras to place = 54 (includes 54 opportunistic sightings + 0 placed randomly)
184003, 9793547
184646, 9793719
188535, 9783898
188006, 9799134
190430, 9785574
189950, 9787133
181851, 9788775
179274, 9794590
187205, 9795546
178480, 9788835
188156, 9783753
182124, 9794406
183430, 9785930
185773, 9790713
189221, 9785285
180687, 9796084
183153, 9796188
188254, 9796021
187207, 9797281
180926, 9791419
189602, 9788816
179028, 9788566
187160, 9782419
181317, 9786760
179888, 9790122
181698, 9795523
189957, 9783385
180854, 9795253
185395, 9788599
182069, 9789580
189064, 9788293
186131, 9795496
189915, 9797768
183931, 9782162
180533, 9797485
184541, 9793798
186252, 9795427
186595, 9786449
181113, 9785386
177815, 9793139
183460, 9785658
187622, 9786361
180984, 9789015
178614, 9796774
184629, 9791413
179490, 9782402
184561, 9789810
179277, 9787688
190088, 9783723
179435, 9785593
190566, 9789782
181130, 9795990
186287, 9793208
184691, 9795315
