# Number of control cameras to place = 54 (includes 11 opportunistic sightings + 43 placed randomly)
184480, 9786344
185451, 9792345
186796, 9791162
185337, 9791006
186073, 9790836
185491, 9792396
183688, 9785452
185252, 9788275
184262, 9791047
185695, 9794226
181879, 9792066
178004, 9784657
182076, 9797731
185049, 9792542
182917, 9782560
187566, 9796141
185693, 9796208
189432, 9785777
186526, 9783721
178512, 9790697
182818, 9784073
189479, 9798301
177997, 9786203
187088, 9793762
187266, 9796057
184119, 9783060
180946, 9788950
190208, 9797416
181838, 9791389
188363, 9794783
180550, 9782099
177934, 9794163
180631, 9796773
181043, 9797909
179978, 9796407
181843, 9785633
185776, 9787992
187630, 9791434
186810, 9788452
178398, 9792070
181895, 9787334
179833, 9791704
177886, 9793913
190460, 9787015
190094, 9784067
184381, 9787732
184597, 9789642
177992, 9788091
185595, 9793447
183736, 9799209
183956, 9795328
179057, 9791986
184678, 9797903
186458, 9782366
