# Number of control cameras to place = 50 (includes 16 opportunistic sightings + 34 placed randomly)
183740, 9789061
185452, 9790363
183933, 9790616
183736, 9789059
183766, 9789091
184453, 9790795
183599, 9788783
179432, 9788753
184785, 9791995
181936, 9792377
183688, 9790128
183077, 9788739
184011, 9791604
179594, 9789340
183631, 9788741
185199, 9789372
183517, 9786260
187543, 9788993
185410, 9794218
189690, 9782523
186831, 9784059
182126, 9791602
179643, 9786663
186103, 9791894
178628, 9784520
180449, 9796494
182158, 9785792
184650, 9787449
180784, 9798768
182557, 9784295
178452, 9799229
190510, 9794788
180799, 9793965
179226, 9786591
188234, 9790049
184791, 9796960
181457, 9798594
183379, 9793053
186501, 9785653
181253, 9783107
181691, 9785327
186480, 9796782
178583, 9797361
177825, 9797232
178236, 9797355
189704, 9788710
184419, 9794338
180722, 9784240
188432, 9793585
180083, 9782778
