# Actual number of control cameras to place = 60
170980, 9776800
170980, 9777897
170980, 9778912
170980, 9780196
170980, 9780849
170980, 9782462
170980, 9783635
170980, 9784435
170980, 9785329
170980, 9786333
170980, 9787432
170980, 9788693
172832, 9776800
172832, 9777897
172832, 9778912
172832, 9780196
172832, 9780849
172832, 9782462
172832, 9783635
172832, 9784435
172832, 9785329
172832, 9786333
172832, 9787432
172832, 9788693
174829, 9776800
174829, 9777897
174829, 9778912
174829, 9780196
174829, 9780849
174829, 9782462
174829, 9783635
174829, 9784435
174829, 9785329
174829, 9786333
174829, 9787432
174829, 9788693
175536, 9776800
175536, 9777897
175536, 9778912
175536, 9780196
175536, 9780849
175536, 9782462
175536, 9783635
175536, 9784435
175536, 9785329
175536, 9786333
175536, 9787432
175536, 9788693
177144, 9776800
177144, 9777897
177144, 9778912
177144, 9780196
177144, 9780849
177144, 9782462
177144, 9783635
177144, 9784435
177144, 9785329
177144, 9786333
177144, 9787432
177144, 9788693
