# Actual number of control cameras to place = 48
171263, 9776960
171263, 9777831
171263, 9779556
171263, 9780081
171263, 9781347
171263, 9782124
171263, 9783087
171263, 9784424
171263, 9785718
171263, 9786128
171263, 9787343
171263, 9787973
173586, 9776960
173586, 9777831
173586, 9779556
173586, 9780081
173586, 9781347
173586, 9782124
173586, 9783087
173586, 9784424
173586, 9785718
173586, 9786128
173586, 9787343
173586, 9787973
175942, 9776960
175942, 9777831
175942, 9779556
175942, 9780081
175942, 9781347
175942, 9782124
175942, 9783087
175942, 9784424
175942, 9785718
175942, 9786128
175942, 9787343
175942, 9787973
176744, 9776960
176744, 9777831
176744, 9779556
176744, 9780081
176744, 9781347
176744, 9782124
176744, 9783087
176744, 9784424
176744, 9785718
176744, 9786128
176744, 9787343
176744, 9787973
