# Number of control cameras to place = 50 (includes 50 opportunistic sightings + 0 placed randomly)
185330, 9793812
189334, 9792074
182615, 9794588
185807, 9798003
180346, 9787409
185929, 9796108
187413, 9791883
189783, 9795375
185226, 9798243
183422, 9789585
182699, 9792022
187426, 9794029
185269, 9796109
182518, 9790943
178338, 9784741
189121, 9795320
177843, 9782188
179150, 9789532
185231, 9796633
182543, 9796415
186660, 9792425
189488, 9789245
184832, 9786358
189170, 9798266
187066, 9787030
183993, 9799285
182082, 9787646
189105, 9794757
181293, 9785477
178208, 9793667
181862, 9790965
183602, 9790322
187164, 9793451
189277, 9790682
188143, 9786444
179824, 9790478
181828, 9796767
188909, 9791946
183269, 9797672
189454, 9793851
179141, 9792856
180545, 9793801
190381, 9788692
182135, 9790768
188543, 9784041
182192, 9782899
189791, 9782141
181117, 9796775
182615, 9797991
188844, 9791471
