# Number of control cameras to place = 50 (includes 0 opportunistic sightings + 50 placed randomly)
188584, 9797691
182738, 9796406
181160, 9791520
187602, 9792893
184672, 9799004
187667, 9795678
181454, 9788282
186087, 9788555
184034, 9790229
183980, 9794110
178161, 9786106
181919, 9787855
188775, 9787833
184902, 9798705
180562, 9782797
182020, 9788488
185892, 9784511
189553, 9782375
186824, 9792828
187731, 9783249
187003, 9797736
180596, 9793758
184009, 9799119
185547, 9786441
190289, 9794628
181208, 9790376
183492, 9799214
182849, 9784728
190562, 9793589
190276, 9789333
183548, 9795430
181566, 9788950
185894, 9787665
183595, 9783249
183755, 9782290
186800, 9790333
187315, 9796512
190340, 9799154
185221, 9797231
184548, 9784359
181349, 9795370
190259, 9789644
186408, 9794239
181681, 9788632
185431, 9787978
188330, 9795550
187394, 9789461
182514, 9793158
184532, 9788685
180620, 9794880
