# Number of control cameras to place = 54 (includes 10 opportunistic sightings + 44 placed randomly)
171984, 9784738
171494, 9783313
172160, 9785222
172825, 9784975
171941, 9783329
174739, 9785206
171941, 9783329
172088, 9783829
171494, 9783313
171494, 9783313
173169, 9782177
173724, 9778317
172246, 9786587
174541, 9780004
176005, 9783461
174036, 9777575
174636, 9781846
172704, 9785462
176594, 9782099
174180, 9787782
174312, 9785446
175003, 9785395
174629, 9785786
170911, 9787840
170886, 9784045
176113, 9778509
175470, 9779024
174329, 9786818
177611, 9783145
174831, 9785371
174400, 9781855
172404, 9781275
176200, 9780900
175643, 9785898
174539, 9778735
174783, 9782141
172781, 9787542
174716, 9785383
172811, 9780785
176887, 9778958
172755, 9788571
176947, 9781359
175283, 9783443
175973, 9782803
176599, 9779095
174265, 9784295
176334, 9783800
171145, 9781289
172693, 9778412
175898, 9784265
173377, 9782139
176094, 9784728
170933, 9784437
175102, 9784676
