# Number of control cameras to place = 54 (includes 15 opportunistic sightings + 39 placed randomly)
171924, 9781902
172461, 9781838
174147, 9783004
172272, 9778453
175149, 9784843
173067, 9781941
172730, 9781693
174807, 9784476
173209, 9782066
171569, 9781791
171852, 9781825
172183, 9781863
171563, 9782199
172676, 9781565
173750, 9782703
171483, 9781089
175113, 9786394
172601, 9780663
173196, 9787269
171600, 9788523
173115, 9777439
172693, 9777115
173650, 9779251
177073, 9788199
172995, 9785012
172260, 9780472
173478, 9782554
176489, 9788434
173011, 9787188
172957, 9787396
174012, 9783085
175338, 9781738
175977, 9779122
175524, 9785299
175924, 9786300
171934, 9786008
174928, 9779807
173950, 9788309
177409, 9780927
171257, 9785574
175320, 9779449
176775, 9784476
171159, 9784061
172882, 9782619
174543, 9778342
176728, 9786823
173191, 9788129
174274, 9785224
174278, 9777640
175215, 9778897
171705, 9785734
172285, 9778143
177578, 9781349
174548, 9777908
