# Actual number of control cameras to place = 50
179904, 9782730
179904, 9783994
179904, 9787069
179904, 9788519
179904, 9790443
179904, 9792236
179904, 9794054
179904, 9794751
179904, 9797356
179904, 9798872
181741, 9782730
181741, 9783994
181741, 9787069
181741, 9788519
181741, 9790443
181741, 9792236
181741, 9794054
181741, 9794751
181741, 9797356
181741, 9798872
184615, 9782730
184615, 9783994
184615, 9787069
184615, 9788519
184615, 9790443
184615, 9792236
184615, 9794054
184615, 9794751
184615, 9797356
184615, 9798872
187766, 9782730
187766, 9783994
187766, 9787069
187766, 9788519
187766, 9790443
187766, 9792236
187766, 9794054
187766, 9794751
187766, 9797356
187766, 9798872
189245, 9782730
189245, 9783994
189245, 9787069
189245, 9788519
189245, 9790443
189245, 9792236
189245, 9794054
189245, 9794751
189245, 9797356
189245, 9798872
