# Actual number of control cameras to place = 48
174808, 9782115
174808, 9783289
174808, 9784129
174808, 9784902
174808, 9785941
174808, 9786893
174808, 9787715
174808, 9789012
174808, 9789691
174808, 9790730
174808, 9791896
174808, 9792308
176911, 9782115
176911, 9783289
176911, 9784129
176911, 9784902
176911, 9785941
176911, 9786893
176911, 9787715
176911, 9789012
176911, 9789691
176911, 9790730
176911, 9791896
176911, 9792308
177668, 9782115
177668, 9783289
177668, 9784129
177668, 9784902
177668, 9785941
177668, 9786893
177668, 9787715
177668, 9789012
177668, 9789691
177668, 9790730
177668, 9791896
177668, 9792308
180270, 9782115
180270, 9783289
180270, 9784129
180270, 9784902
180270, 9785941
180270, 9786893
180270, 9787715
180270, 9789012
180270, 9789691
180270, 9790730
180270, 9791896
180270, 9792308
