# Actual number of control cameras to place = 50
179182, 9782973
179182, 9785110
179182, 9785716
179182, 9788106
179182, 9789806
179182, 9791453
179182, 9793674
179182, 9794597
179182, 9797429
179182, 9798179
181816, 9782973
181816, 9785110
181816, 9785716
181816, 9788106
181816, 9789806
181816, 9791453
181816, 9793674
181816, 9794597
181816, 9797429
181816, 9798179
183677, 9782973
183677, 9785110
183677, 9785716
183677, 9788106
183677, 9789806
183677, 9791453
183677, 9793674
183677, 9794597
183677, 9797429
183677, 9798179
186333, 9782973
186333, 9785110
186333, 9785716
186333, 9788106
186333, 9789806
186333, 9791453
186333, 9793674
186333, 9794597
186333, 9797429
186333, 9798179
189740, 9782973
189740, 9785110
189740, 9785716
189740, 9788106
189740, 9789806
189740, 9791453
189740, 9793674
189740, 9794597
189740, 9797429
189740, 9798179
