# Actual number of control cameras to place = 50
178636, 9782669
178636, 9784058
178636, 9786337
178636, 9787531
178636, 9790346
178636, 9791070
178636, 9793417
178636, 9794665
178636, 9796187
178636, 9797857
181817, 9782669
181817, 9784058
181817, 9786337
181817, 9787531
181817, 9790346
181817, 9791070
181817, 9793417
181817, 9794665
181817, 9796187
181817, 9797857
184169, 9782669
184169, 9784058
184169, 9786337
184169, 9787531
184169, 9790346
184169, 9791070
184169, 9793417
184169, 9794665
184169, 9796187
184169, 9797857
186436, 9782669
186436, 9784058
186436, 9786337
186436, 9787531
186436, 9790346
186436, 9791070
186436, 9793417
186436, 9794665
186436, 9796187
186436, 9797857
188599, 9782669
188599, 9784058
188599, 9786337
188599, 9787531
188599, 9790346
188599, 9791070
188599, 9793417
188599, 9794665
188599, 9796187
188599, 9797857
