# Actual number of control cameras to place = 48
174672, 9782022
174672, 9783206
174672, 9783644
174672, 9784938
174672, 9785520
174672, 9786685
174672, 9787733
174672, 9788643
174672, 9789862
174672, 9790929
174672, 9791375
174672, 9792734
177117, 9782022
177117, 9783206
177117, 9783644
177117, 9784938
177117, 9785520
177117, 9786685
177117, 9787733
177117, 9788643
177117, 9789862
177117, 9790929
177117, 9791375
177117, 9792734
177666, 9782022
177666, 9783206
177666, 9783644
177666, 9784938
177666, 9785520
177666, 9786685
177666, 9787733
177666, 9788643
177666, 9789862
177666, 9790929
177666, 9791375
177666, 9792734
179394, 9782022
179394, 9783206
179394, 9783644
179394, 9784938
179394, 9785520
179394, 9786685
179394, 9787733
179394, 9788643
179394, 9789862
179394, 9790929
179394, 9791375
179394, 9792734
