# Actual number of control cameras to place = 48
174290, 9781848
174290, 9782963
174290, 9783655
174290, 9785242
174290, 9786218
174290, 9786730
174290, 9787900
174290, 9788901
174290, 9789374
174290, 9790814
174290, 9791374
174290, 9792597
176866, 9781848
176866, 9782963
176866, 9783655
176866, 9785242
176866, 9786218
176866, 9786730
176866, 9787900
176866, 9788901
176866, 9789374
176866, 9790814
176866, 9791374
176866, 9792597
178141, 9781848
178141, 9782963
178141, 9783655
178141, 9785242
178141, 9786218
178141, 9786730
178141, 9787900
178141, 9788901
178141, 9789374
178141, 9790814
178141, 9791374
178141, 9792597
179449, 9781848
179449, 9782963
179449, 9783655
179449, 9785242
179449, 9786218
179449, 9786730
179449, 9787900
179449, 9788901
179449, 9789374
179449, 9790814
179449, 9791374
179449, 9792597
