# Number of control cameras to place = 50 (includes 50 opportunistic sightings + 0 placed randomly)
179648, 9786703
177228, 9789972
174431, 9787835
177859, 9783311
180228, 9790021
179565, 9791579
177197, 9784512
175716, 9792051
175309, 9789545
177483, 9787496
177235, 9790179
177531, 9789321
175352, 9789068
178970, 9792884
179703, 9793016
175060, 9784912
175398, 9784073
176216, 9783966
177677, 9783614
179037, 9784915
176750, 9789056
177167, 9791113
178704, 9781752
175562, 9790630
175771, 9792869
179943, 9789909
175971, 9786438
174455, 9782211
174498, 9785311
176737, 9786253
178583, 9790152
177185, 9788105
176124, 9785048
174452, 9785008
180369, 9787740
178095, 9784495
180127, 9790980
178725, 9784578
174121, 9784817
174512, 9787766
179158, 9792026
177424, 9792065
174545, 9791283
177662, 9788817
176606, 9789648
178830, 9784135
178759, 9792569
175869, 9782536
174517, 9784503
177064, 9783641
