# Number of control cameras to place = 50 (includes 50 opportunistic sightings + 0 placed randomly)
179963, 9797075
185661, 9790762
187997, 9792268
185929, 9790678
186618, 9796585
184406, 9786259
184228, 9786017
182339, 9792688
188620, 9784321
182143, 9789406
182256, 9798287
185213, 9789662
186255, 9784468
189262, 9790572
188115, 9786048
188120, 9783964
187095, 9782787
181449, 9787481
178067, 9796867
184308, 9786162
186778, 9784130
185404, 9789165
185891, 9794529
188839, 9790509
188332, 9794166
182385, 9795372
177791, 9792248
180577, 9798084
188006, 9796213
178824, 9789905
178201, 9797526
182366, 9796562
178784, 9782360
182344, 9789069
185537, 9785417
181521, 9795496
188068, 9788141
178585, 9782190
186984, 9785692
180406, 9792006
181851, 9792793
190131, 9798841
180652, 9792341
185800, 9798483
184943, 9787455
186769, 9795011
187726, 9796983
182448, 9786296
185597, 9791377
177915, 9798778
