# Number of control cameras to place = 50 (includes 50 opportunistic sightings + 0 placed randomly)
179906, 9782773
183220, 9782272
179374, 9799074
185416, 9790662
179744, 9786387
189134, 9797384
180752, 9798943
178756, 9797902
187237, 9787757
180772, 9790466
182199, 9784805
185294, 9785132
182347, 9787027
183312, 9795676
184842, 9788537
180259, 9792034
190339, 9788338
189437, 9790316
183561, 9786556
184440, 9785786
185834, 9791717
185933, 9793816
181064, 9792182
184094, 9796570
189391, 9785583
183249, 9792033
182988, 9789736
186879, 9794262
180345, 9798039
184781, 9794366
188430, 9792784
184638, 9798246
189683, 9792500
185628, 9795544
185125, 9796061
184381, 9792859
177998, 9795109
188257, 9790425
179594, 9785210
183242, 9789570
178238, 9788037
186766, 9787356
184109, 9797324
184536, 9790054
183694, 9797791
185091, 9793235
182731, 9794006
190583, 9794986
180297, 9787882
179553, 9791371
