# Number of control cameras to place = 50 (includes 50 opportunistic sightings + 0 placed randomly)
189627, 9795859
179015, 9796116
183433, 9797849
183424, 9783804
177939, 9791015
179388, 9798503
182082, 9789962
184112, 9795364
188446, 9783767
187802, 9794312
180673, 9789362
183256, 9797260
189388, 9799298
181638, 9797527
178711, 9784260
188912, 9798216
188006, 9791898
179174, 9797649
180272, 9785517
179718, 9795409
178931, 9798953
188123, 9793913
184616, 9789031
188999, 9785629
178293, 9790725
179671, 9796962
179436, 9796982
178974, 9792187
185791, 9783537
184167, 9789851
189282, 9785333
181117, 9789491
182019, 9792147
177918, 9787676
188993, 9782128
185626, 9793192
187516, 9795271
187749, 9790216
185721, 9788986
181196, 9794728
190296, 9792246
189204, 9798906
189679, 9793407
189293, 9788825
185272, 9784250
185672, 9784331
187752, 9787304
189360, 9793785
177754, 9796023
177796, 9787852
