# Number of control cameras to place = 50 (includes 50 opportunistic sightings + 0 placed randomly)
177161, 9786880
179427, 9781979
176011, 9788380
177990, 9784849
179727, 9789532
178108, 9783903
178348, 9791128
176577, 9785644
176145, 9791143
177979, 9791654
179008, 9783854
175529, 9790477
174612, 9788210
179811, 9787491
179702, 9792306
176391, 9787654
179626, 9792225
177863, 9785233
175765, 9784881
176864, 9784940
174653, 9785485
177006, 9781985
179998, 9790564
176744, 9788063
176931, 9784780
177303, 9791536
176156, 9787206
175154, 9782261
174239, 9791785
177316, 9783124
175252, 9792984
176742, 9781992
174270, 9790233
177447, 9786869
174448, 9789081
176740, 9786024
175237, 9791865
176246, 9792890
178118, 9785302
180054, 9786605
175438, 9787208
176768, 9783599
178021, 9786452
180116, 9783296
178082, 9787277
177521, 9790106
179799, 9784628
178925, 9792379
178159, 9784618
174079, 9788908
