# Number of control cameras to place = 54 (includes 54 opportunistic sightings + 0 placed randomly)
178555, 9791649
177994, 9782810
176161, 9790677
176372, 9788564
174734, 9785077
177888, 9784855
174324, 9792532
179611, 9791713
179694, 9782016
178699, 9784999
178577, 9790645
177087, 9791252
177279, 9782421
178956, 9784324
176531, 9789440
175116, 9788232
175258, 9781609
175957, 9790659
180104, 9785661
175968, 9789416
175972, 9784189
179390, 9783424
175637, 9784265
178232, 9790551
178934, 9784742
174137, 9781866
177320, 9788978
176601, 9789713
177479, 9787609
176457, 9784670
179650, 9784987
176378, 9782925
179789, 9790644
174823, 9784668
177601, 9791212
176982, 9791416
176884, 9791935
178039, 9791899
175966, 9783564
178393, 9787762
176077, 9787858
176324, 9783818
177647, 9787155
174290, 9790592
174527, 9791267
177222, 9791286
175644, 9791445
180461, 9781773
179992, 9789632
177245, 9789341
180470, 9791183
175853, 9789518
174072, 9783225
176596, 9790870
