# Number of control cameras to place = 50 (includes 50 opportunistic sightings + 0 placed randomly)
178151, 9787308
181774, 9794064
178864, 9788998
178768, 9796130
185126, 9790355
188785, 9786733
188035, 9796342
180466, 9797644
180966, 9782882
180421, 9791001
177779, 9788441
182748, 9795313
185638, 9793778
184109, 9796996
190422, 9795862
180553, 9792000
186814, 9795800
190386, 9796544
188649, 9790172
184382, 9790084
179891, 9785027
186875, 9790080
186416, 9782348
184387, 9784301
181328, 9782668
182308, 9790293
180713, 9789183
178092, 9786310
190453, 9796863
189298, 9789299
184467, 9793139
178377, 9796560
189062, 9795501
179176, 9791574
189503, 9785564
189529, 9785854
178299, 9783829
186258, 9785160
178697, 9784796
177809, 9785421
190053, 9794605
187834, 9793603
179891, 9785921
181881, 9787856
182145, 9798521
188933, 9792391
185783, 9783816
179682, 9784210
187305, 9789554
184001, 9793759
