# Number of control cameras to place = 50 (includes 3 opportunistic sightings + 47 placed randomly)
177958, 9784191
179092, 9784958
178449, 9782891
188157, 9786573
189934, 9785176
178213, 9793633
186358, 9797661
178740, 9795648
185772, 9788439
185091, 9793878
186822, 9796167
178739, 9791261
187201, 9791676
187645, 9786940
182208, 9798633
177828, 9790105
188520, 9797143
187657, 9785429
183885, 9787369
178537, 9793967
179343, 9797802
179221, 9787366
188431, 9791179
179863, 9785857
180766, 9798084
190323, 9786980
182009, 9794732
183142, 9791973
184143, 9786738
186249, 9790400
185392, 9784740
183009, 9798551
179013, 9794435
180218, 9791830
186058, 9783537
188151, 9790391
185309, 9797143
180801, 9797584
181100, 9788908
180169, 9783429
179509, 9798531
183592, 9790472
190609, 9795609
187462, 9795034
187951, 9798469
181072, 9795796
177933, 9785441
178466, 9785970
185240, 9789363
189054, 9798345
