# Number of control cameras to place = 50 (includes 8 opportunistic sightings + 42 placed randomly)
178713, 9783944
178635, 9783153
178768, 9782312
178172, 9782153
178713, 9783944
178713, 9783944
175788, 9784341
177790, 9782070
177602, 9784963
174517, 9785481
177966, 9783161
174333, 9787353
180272, 9787934
178474, 9787913
178698, 9787305
175453, 9781900
174544, 9781735
174611, 9790663
177218, 9781698
176046, 9787163
180403, 9784678
174235, 9783417
178026, 9789470
174831, 9783897
174964, 9786732
176975, 9784162
180111, 9785501
178453, 9792437
179465, 9786006
178544, 9785061
177255, 9791031
176047, 9788017
177460, 9788074
180498, 9782938
175595, 9786298
179022, 9783569
176017, 9791885
178999, 9788939
180018, 9790131
174820, 9787473
176243, 9781676
175594, 9785725
175849, 9783508
174228, 9792473
180109, 9788902
175534, 9790580
175485, 9789335
178418, 9788617
178461, 9787215
175673, 9789612
