# Number of control cameras to place = 54 (includes 12 opportunistic sightings + 42 placed randomly)
178273, 9789374
178265, 9789349
176775, 9785342
179049, 9788183
175737, 9784510
174991, 9784905
177995, 9786704
178941, 9788401
177436, 9785500
178273, 9789374
177965, 9786491
178189, 9789446
180307, 9782852
174917, 9791703
178958, 9791544
176580, 9792236
174381, 9782066
174827, 9790934
180363, 9784067
174859, 9786494
174359, 9788925
176222, 9788864
179142, 9786430
175507, 9784683
177729, 9787170
175256, 9783889
176295, 9790856
178890, 9787823
175658, 9791676
180046, 9785086
180354, 9783613
179138, 9787626
179881, 9786550
175915, 9783967
179326, 9785396
175491, 9787212
178643, 9784891
176206, 9784286
176856, 9786985
174188, 9782491
176663, 9792343
180156, 9786125
178187, 9790178
174539, 9790259
176866, 9788083
175324, 9784686
176539, 9792462
174651, 9781676
179798, 9786935
179729, 9783027
179094, 9788772
180310, 9787329
175333, 9783676
174449, 9781955
