# Number of control cameras to place = 50 (includes 1 opportunistic sightings + 49 placed randomly)
179204, 9787511
180164, 9795717
187058, 9790602
187308, 9797722
179863, 9782665
190445, 9799197
177786, 9787405
183513, 9784928
189178, 9785387
182173, 9798811
181365, 9786106
189560, 9787811
185122, 9788458
184788, 9796307
186952, 9796211
179544, 9796487
186513, 9783085
179086, 9796969
182249, 9786675
179112, 9782150
190689, 9785520
179006, 9797261
188776, 9787375
186002, 9797722
185686, 9786202
188951, 9791588
189583, 9789603
180827, 9797141
180114, 9788478
180130, 9798663
182575, 9784129
186743, 9791027
182278, 9789608
188644, 9795533
181874, 9782975
180344, 9785923
189820, 9793813
177905, 9791782
184792, 9790351
186033, 9793866
180236, 9792805
190341, 9793119
185315, 9795241
188689, 9797339
184166, 9794421
183379, 9786937
190000, 9791200
179516, 9785701
178693, 9792383
190637, 9791871
