# Number of control cameras to place = 50 (includes 21 opportunistic sightings + 29 placed randomly)
179697, 9784952
179630, 9784757
179805, 9786448
179490, 9786608
179847, 9786550
175737, 9784510
180023, 9785055
179567, 9786646
179879, 9785665
179810, 9786055
179810, 9786055
175543, 9783888
175737, 9784510
175737, 9784510
179847, 9786550
179490, 9786608
179447, 9784694
175737, 9784510
175543, 9783888
175586, 9783959
179847, 9786550
180089, 9782589
176300, 9788546
178553, 9792870
175418, 9784171
175350, 9789307
175177, 9785401
174456, 9783382
176272, 9784051
176880, 9784624
179070, 9783158
178957, 9792805
179037, 9789860
176753, 9785156
178935, 9789041
176141, 9787705
175995, 9786375
177532, 9785505
175635, 9787431
176494, 9784686
178649, 9782829
177749, 9791043
176851, 9782570
177031, 9784112
177396, 9788392
175193, 9790584
176447, 9781881
174376, 9787049
178223, 9790818
178785, 9792865
