# Number of control cameras to place = 50 (includes 2 opportunistic sightings + 48 placed randomly)
178286, 9787593
177830, 9788427
178667, 9789998
190185, 9790987
179380, 9795651
188297, 9784330
186778, 9796859
179341, 9795956
183644, 9798817
179775, 9782781
182385, 9792595
179659, 9796823
189119, 9788630
184821, 9798772
183716, 9783596
187259, 9782730
187754, 9785187
181398, 9790632
179060, 9791591
180028, 9784300
190661, 9787980
187494, 9788868
182339, 9789487
185604, 9795508
189217, 9799100
187737, 9789856
190238, 9787080
188746, 9789940
185104, 9783838
188994, 9786959
178511, 9799076
182153, 9787176
185228, 9783056
182048, 9784836
187137, 9792484
189122, 9793893
188432, 9787564
190471, 9793377
188176, 9785662
184805, 9791819
182069, 9783689
187803, 9786459
180929, 9795944
190352, 9784148
180883, 9782241
184109, 9799000
177825, 9788854
190109, 9791253
188106, 9790333
182050, 9782201
