# Number of control cameras to place = 54 (includes 5 opportunistic sightings + 49 placed randomly)
179172, 9787783
178619, 9786315
178329, 9788660
180359, 9784959
179276, 9786180
176140, 9786156
178741, 9782268
176120, 9783978
174943, 9788648
178112, 9788075
178462, 9791095
174442, 9784485
177674, 9785008
175646, 9792786
175462, 9789155
180218, 9783949
178358, 9789907
177737, 9788511
177312, 9782497
179040, 9786460
177632, 9789438
180302, 9791866
175921, 9792669
176685, 9782063
178374, 9790025
175066, 9789052
176372, 9783472
174954, 9786072
174683, 9783007
175632, 9785957
175823, 9786917
179275, 9783546
177239, 9787464
175521, 9790203
179350, 9789172
177462, 9789836
178737, 9782552
178146, 9790411
179653, 9786046
175322, 9782141
180387, 9784105
178874, 9781803
177125, 9792616
177176, 9791378
178225, 9791074
179491, 9782351
174362, 9782649
176069, 9783160
179344, 9785749
177537, 9785445
179796, 9784569
174335, 9785924
174941, 9785660
175507, 9783178
