# Number of control cameras to place = 50 (includes 9 opportunistic sightings + 41 placed randomly)
176301, 9783539
176407, 9783687
177270, 9787051
176432, 9783456
176301, 9783539
178124, 9789477
178127, 9789477
178105, 9789505
177220, 9783137
174073, 9787005
175864, 9783196
176515, 9782633
178844, 9792446
175160, 9790981
179402, 9787468
174833, 9792415
175281, 9790191
175312, 9785174
174924, 9787915
179874, 9792848
178548, 9785026
174428, 9784463
177643, 9787161
179699, 9788376
176882, 9785636
178722, 9787161
179555, 9790798
179972, 9790441
179442, 9784155
176694, 9788765
174900, 9791481
175674, 9786433
179622, 9791481
180402, 9789635
174890, 9784613
177826, 9792531
177241, 9784422
174877, 9788587
177513, 9784878
179665, 9791848
175168, 9784488
180413, 9787370
175502, 9789935
176313, 9782590
179660, 9790617
174048, 9791946
179602, 9790173
177397, 9788281
176259, 9791254
177395, 9782651
