# Actual number of control cameras to place = 50
178032, 9783491
178032, 9784730
178032, 9786247
178032, 9788342
178032, 9789588
178032, 9790869
178032, 9793691
178032, 9794607
178032, 9796522
178032, 9798634
182548, 9783491
182548, 9784730
182548, 9786247
182548, 9788342
182548, 9789588
182548, 9790869
182548, 9793691
182548, 9794607
182548, 9796522
182548, 9798634
184546, 9783491
184546, 9784730
184546, 9786247
184546, 9788342
184546, 9789588
184546, 9790869
184546, 9793691
184546, 9794607
184546, 9796522
184546, 9798634
186916, 9783491
186916, 9784730
186916, 9786247
186916, 9788342
186916, 9789588
186916, 9790869
186916, 9793691
186916, 9794607
186916, 9796522
186916, 9798634
190709, 9783491
190709, 9784730
190709, 9786247
190709, 9788342
190709, 9789588
190709, 9790869
190709, 9793691
190709, 9794607
190709, 9796522
190709, 9798634
