# Actual number of control cameras to place = 39
173100, 9775744
173100, 9776784
173100, 9778745
173100, 9780327
173100, 9780911
173100, 9782290
173100, 9784354
173100, 9785033
173100, 9786800
173100, 9788783
173100, 9789839
173100, 9791553
173100, 9791898
174464, 9775744
174464, 9776784
174464, 9778745
174464, 9780327
174464, 9780911
174464, 9782290
174464, 9784354
174464, 9785033
174464, 9786800
174464, 9788783
174464, 9789839
174464, 9791553
174464, 9791898
180376, 9775744
180376, 9776784
180376, 9778745
180376, 9780327
180376, 9780911
180376, 9782290
180376, 9784354
180376, 9785033
180376, 9786800
180376, 9788783
180376, 9789839
180376, 9791553
180376, 9791898
