# Actual number of control cameras to place = 50
179535, 9783298
179535, 9784657
179535, 9785760
179535, 9787825
179535, 9789084
179535, 9791323
179535, 9792837
179535, 9795077
179535, 9797332
179535, 9799246
182232, 9783298
182232, 9784657
182232, 9785760
182232, 9787825
182232, 9789084
182232, 9791323
182232, 9792837
182232, 9795077
182232, 9797332
182232, 9799246
185108, 9783298
185108, 9784657
185108, 9785760
185108, 9787825
185108, 9789084
185108, 9791323
185108, 9792837
185108, 9795077
185108, 9797332
185108, 9799246
186843, 9783298
186843, 9784657
186843, 9785760
186843, 9787825
186843, 9789084
186843, 9791323
186843, 9792837
186843, 9795077
186843, 9797332
186843, 9799246
188800, 9783298
188800, 9784657
188800, 9785760
188800, 9787825
188800, 9789084
188800, 9791323
188800, 9792837
188800, 9795077
188800, 9797332
188800, 9799246
