# Number of control cameras to place = 54 (includes 54 opportunistic sightings + 0 placed randomly)
173720, 9777476
175547, 9777938
171636, 9786541
171408, 9779858
174237, 9784857
177627, 9792579
171597, 9780988
176167, 9789262
173017, 9792515
174474, 9781854
171843, 9779866
178405, 9786240
179834, 9788705
179780, 9776122
176311, 9777187
172072, 9780322
174799, 9780819
179659, 9777314
178093, 9780322
176859, 9783079
175010, 9777379
175234, 9792026
177007, 9780141
178996, 9792142
177455, 9790514
172523, 9792308
174927, 9786317
179382, 9782429
171334, 9790124
175963, 9786539
171553, 9783096
178323, 9781704
171041, 9791474
179816, 9790759
179165, 9789322
174071, 9790721
173382, 9786555
171652, 9779745
177886, 9778065
175025, 9782021
170894, 9783321
175294, 9784222
176197, 9790317
177015, 9787311
174922, 9779633
178873, 9786416
177635, 9781663
171896, 9778084
178636, 9789363
172643, 9778715
178980, 9777244
175077, 9785734
171449, 9782056
177960, 9789319
