# Number of control cameras to place = 50 (includes 50 opportunistic sightings + 0 placed randomly)
180163, 9796089
180470, 9795002
178083, 9791278
189900, 9786965
181311, 9792050
181613, 9789554
185474, 9797273
190694, 9791668
183998, 9788642
182109, 9782496
189999, 9796202
184446, 9782236
177959, 9787927
180180, 9797449
179880, 9798410
189178, 9795898
183760, 9786525
186050, 9796338
186817, 9789942
190335, 9795771
182271, 9794392
181687, 9792482
185565, 9789796
183077, 9789171
187206, 9791166
181294, 9791127
180765, 9789081
190246, 9785758
179368, 9789615
182097, 9786043
178602, 9795219
182189, 9795630
186809, 9790893
180463, 9791354
181724, 9785637
187169, 9790768
186346, 9788160
185024, 9797137
185111, 9790095
186996, 9787001
180439, 9789298
185654, 9792078
182452, 9784172
184707, 9795574
183350, 9783135
178530, 9793351
184394, 9795750
185593, 9785394
178561, 9795525
189562, 9784720
