# Number of control cameras to place = 50 (includes 6 opportunistic sightings + 44 placed randomly)
179470, 9785709
178222, 9785072
180221, 9784775
178254, 9782464
180121, 9784349
180130, 9786438
179158, 9798047
184452, 9790786
183982, 9787322
189683, 9790223
183251, 9796656
181396, 9782277
178661, 9791454
189828, 9794955
180655, 9799165
182122, 9788083
179585, 9785153
185746, 9786508
184188, 9792723
190527, 9795011
181113, 9793467
189962, 9786125
186472, 9795792
185847, 9793094
178118, 9797497
179651, 9789353
184354, 9796789
185349, 9790630
189785, 9792996
179815, 9788341
179373, 9792364
184674, 9796566
185264, 9798578
188267, 9787804
185806, 9798130
180329, 9796804
182931, 9798756
182877, 9795383
186036, 9798177
182239, 9787207
183273, 9796411
186187, 9792623
181443, 9790758
185838, 9789021
187520, 9795010
180748, 9784605
178099, 9784202
189218, 9791343
184687, 9790877
184454, 9783443
