# Number of control cameras to place = 50 (includes 11 opportunistic sightings + 39 placed randomly)
177811, 9785074
177811, 9785074
177842, 9786567
178579, 9783191
178144, 9786566
177811, 9785074
178159, 9786060
179426, 9785058
179418, 9785004
178167, 9785220
177811, 9785074
187263, 9787186
182679, 9789769
187377, 9784930
182622, 9794378
185623, 9782885
187878, 9788780
183539, 9790413
178915, 9792180
190474, 9785429
182701, 9785103
189754, 9784728
184734, 9794320
187744, 9794531
185590, 9788559
189028, 9787421
180002, 9783715
182042, 9798154
180123, 9790599
185366, 9799001
178888, 9787722
188186, 9786013
185280, 9788825
189031, 9782836
185957, 9792720
186961, 9783843
186875, 9795286
183715, 9787403
179166, 9789841
178720, 9795218
188415, 9783108
188863, 9797752
186492, 9785626
186846, 9792647
179951, 9797835
180385, 9782437
182626, 9791942
183855, 9784360
178115, 9798476
185916, 9784080
