# Actual number of control cameras to place = 48
184650, 9772278
184650, 9773157
184650, 9774118
184650, 9774467
184650, 9775413
184650, 9776707
184650, 9777330
184650, 9778149
184650, 9779097
184650, 9780180
184650, 9781229
184650, 9781908
185830, 9772278
185830, 9773157
185830, 9774118
185830, 9774467
185830, 9775413
185830, 9776707
185830, 9777330
185830, 9778149
185830, 9779097
185830, 9780180
185830, 9781229
185830, 9781908
187633, 9772278
187633, 9773157
187633, 9774118
187633, 9774467
187633, 9775413
187633, 9776707
187633, 9777330
187633, 9778149
187633, 9779097
187633, 9780180
187633, 9781229
187633, 9781908
189447, 9772278
189447, 9773157
189447, 9774118
189447, 9774467
189447, 9775413
189447, 9776707
189447, 9777330
189447, 9778149
189447, 9779097
189447, 9780180
189447, 9781229
189447, 9781908
