# Actual number of control cameras to place = 60
175113, 9781948
175113, 9782584
175113, 9783943
175113, 9784638
175113, 9786138
175113, 9786465
175113, 9787768
175113, 9789116
175113, 9789680
175113, 9790336
175113, 9791342
175113, 9792331
176427, 9781948
176427, 9782584
176427, 9783943
176427, 9784638
176427, 9786138
176427, 9786465
176427, 9787768
176427, 9789116
176427, 9789680
176427, 9790336
176427, 9791342
176427, 9792331
177330, 9781948
177330, 9782584
177330, 9783943
177330, 9784638
177330, 9786138
177330, 9786465
177330, 9787768
177330, 9789116
177330, 9789680
177330, 9790336
177330, 9791342
177330, 9792331
178295, 9781948
178295, 9782584
178295, 9783943
178295, 9784638
178295, 9786138
178295, 9786465
178295, 9787768
178295, 9789116
178295, 9789680
178295, 9790336
178295, 9791342
178295, 9792331
179790, 9781948
179790, 9782584
179790, 9783943
179790, 9784638
179790, 9786138
179790, 9786465
179790, 9787768
179790, 9789116
179790, 9789680
179790, 9790336
179790, 9791342
179790, 9792331
