# Actual number of control cameras to place = 48
175048, 9782062
175048, 9782829
175048, 9783796
175048, 9784678
175048, 9785630
175048, 9786844
175048, 9787890
175048, 9788606
175048, 9790090
175048, 9790629
175048, 9791906
175048, 9792353
176240, 9782062
176240, 9782829
176240, 9783796
176240, 9784678
176240, 9785630
176240, 9786844
176240, 9787890
176240, 9788606
176240, 9790090
176240, 9790629
176240, 9791906
176240, 9792353
178741, 9782062
178741, 9782829
178741, 9783796
178741, 9784678
178741, 9785630
178741, 9786844
178741, 9787890
178741, 9788606
178741, 9790090
178741, 9790629
178741, 9791906
178741, 9792353
180381, 9782062
180381, 9782829
180381, 9783796
180381, 9784678
180381, 9785630
180381, 9786844
180381, 9787890
180381, 9788606
180381, 9790090
180381, 9790629
180381, 9791906
180381, 9792353
