# Actual number of control cameras to place = 50
179556, 9782291
179556, 9783914
179556, 9786736
179556, 9788340
179556, 9789692
179556, 9792086
179556, 9792933
179556, 9794557
179556, 9796687
179556, 9798489
180567, 9782291
180567, 9783914
180567, 9786736
180567, 9788340
180567, 9789692
180567, 9792086
180567, 9792933
180567, 9794557
180567, 9796687
180567, 9798489
185202, 9782291
185202, 9783914
185202, 9786736
185202, 9788340
185202, 9789692
185202, 9792086
185202, 9792933
185202, 9794557
185202, 9796687
185202, 9798489
185732, 9782291
185732, 9783914
185732, 9786736
185732, 9788340
185732, 9789692
185732, 9792086
185732, 9792933
185732, 9794557
185732, 9796687
185732, 9798489
190080, 9782291
190080, 9783914
190080, 9786736
190080, 9788340
190080, 9789692
190080, 9792086
190080, 9792933
190080, 9794557
190080, 9796687
190080, 9798489
