# Actual number of control cameras to place = 48
174936, 9782140
174936, 9782775
174936, 9783580
174936, 9785029
174936, 9785899
174936, 9786623
174936, 9787790
174936, 9788512
174936, 9789378
174936, 9791022
174936, 9791558
174936, 9792870
175729, 9782140
175729, 9782775
175729, 9783580
175729, 9785029
175729, 9785899
175729, 9786623
175729, 9787790
175729, 9788512
175729, 9789378
175729, 9791022
175729, 9791558
175729, 9792870
178445, 9782140
178445, 9782775
178445, 9783580
178445, 9785029
178445, 9785899
178445, 9786623
178445, 9787790
178445, 9788512
178445, 9789378
178445, 9791022
178445, 9791558
178445, 9792870
179264, 9782140
179264, 9782775
179264, 9783580
179264, 9785029
179264, 9785899
179264, 9786623
179264, 9787790
179264, 9788512
179264, 9789378
179264, 9791022
179264, 9791558
179264, 9792870
