# Number of control cameras to place = 54 (includes 54 opportunistic sightings + 0 placed randomly)
175677, 9784215
178672, 9792186
176597, 9786970
178021, 9788100
180442, 9783672
176863, 9788331
176721, 9782898
174290, 9783340
179216, 9782849
180248, 9791939
178339, 9787062
175390, 9781949
178156, 9791359
178826, 9783834
177023, 9792297
174415, 9782650
178027, 9786920
180321, 9783288
177327, 9791026
174907, 9787322
176938, 9789954
175453, 9785289
174638, 9787221
178501, 9788744
176903, 9784638
174978, 9792488
179994, 9789033
174495, 9791677
177142, 9782927
176517, 9784652
178607, 9785494
177710, 9783698
177146, 9789982
179100, 9792364
177896, 9781953
177983, 9789474
178432, 9789088
180477, 9783504
179343, 9792571
177418, 9787242
178237, 9792231
175944, 9788594
176281, 9791202
178850, 9789206
176584, 9787979
179407, 9789968
175865, 9785770
180339, 9789105
174328, 9782872
179412, 9783420
174335, 9785981
179745, 9785076
175071, 9789969
177833, 9785392
