# Number of control cameras to place = 50 (includes 50 opportunistic sightings + 0 placed randomly)
179773, 9790161
189130, 9792750
188587, 9797573
179634, 9797708
178698, 9790769
190128, 9798374
183733, 9793628
182052, 9784302
186772, 9785943
188853, 9785810
183236, 9791252
187210, 9798422
181968, 9790513
183490, 9798471
187526, 9782174
190706, 9786889
179151, 9790486
187774, 9792152
179942, 9783854
183357, 9786543
182694, 9797983
184853, 9785588
185248, 9786708
184677, 9794519
180951, 9796886
187175, 9789966
185643, 9790404
182982, 9792053
190093, 9786838
178096, 9792455
185189, 9791470
186216, 9791516
182909, 9786244
180152, 9788910
180051, 9798686
181892, 9798883
187870, 9783667
187495, 9791075
183527, 9786553
179758, 9792877
179470, 9784064
187528, 9790432
181804, 9787810
184684, 9788702
189604, 9798598
189231, 9785982
188968, 9794802
187413, 9789894
188744, 9785532
187179, 9783671
