# Number of control cameras to place = 50 (includes 50 opportunistic sightings + 0 placed randomly)
178524, 9785210
180262, 9782103
179322, 9782793
180175, 9784184
175912, 9785427
178380, 9785132
179928, 9787051
176438, 9790245
177421, 9781916
179718, 9783127
174232, 9792852
179537, 9785931
174569, 9792412
174296, 9787937
178226, 9787063
177253, 9785090
179215, 9787069
175721, 9789943
177441, 9790567
174604, 9783983
177004, 9789193
175043, 9788228
177956, 9791099
177797, 9788746
178345, 9782784
175431, 9785048
176123, 9787723
176302, 9787459
174687, 9791039
179007, 9785657
176038, 9785017
177429, 9783005
179545, 9788256
180437, 9789220
176426, 9784376
174793, 9784274
174078, 9784761
179191, 9783555
179755, 9787390
180270, 9790229
176106, 9781990
179172, 9782597
175417, 9781633
175354, 9792430
178794, 9790703
176621, 9788186
174404, 9782823
177771, 9787652
174514, 9783155
178777, 9789977
