# Number of control cameras to place = 54 (includes 11 opportunistic sightings + 43 placed randomly)
175180, 9784916
178735, 9783153
177965, 9782114
178172, 9782153
178635, 9783153
178172, 9782153
178768, 9782312
178882, 9783393
178713, 9783944
178333, 9784275
178713, 9783944
176358, 9781914
180284, 9786516
177418, 9791447
175047, 9791699
174517, 9784060
176261, 9790293
180487, 9790709
180060, 9792081
179233, 9781876
178270, 9788573
178153, 9783045
179456, 9791208
178615, 9787358
177627, 9791946
175880, 9783250
176967, 9785833
174759, 9791900
177016, 9782047
179577, 9785360
178760, 9783746
175683, 9781946
177637, 9785111
175907, 9782401
176599, 9788654
180292, 9782624
177507, 9791275
180206, 9789727
180381, 9787024
179749, 9789097
180291, 9783483
176094, 9790155
179537, 9782896
176474, 9786223
174091, 9783122
174864, 9784328
175192, 9785368
174603, 9784594
176088, 9791843
176875, 9792453
179648, 9792551
174074, 9790220
176635, 9792870
178685, 9785697
