# Number of control cameras to place = 54 (includes 16 opportunistic sightings + 38 placed randomly)
179697, 9784952
179810, 9786055
179805, 9786448
179490, 9786608
179847, 9786550
175737, 9784510
175543, 9783888
175737, 9784510
175737, 9784510
180023, 9785055
179447, 9784694
179879, 9785665
175586, 9783959
175737, 9784510
179847, 9786550
179810, 9786055
177904, 9791087
174666, 9792324
175663, 9781829
177569, 9786825
175594, 9788370
174833, 9783827
178647, 9788146
178612, 9791481
176283, 9790390
178968, 9791327
177089, 9788044
177346, 9788466
177945, 9787001
174131, 9788554
174326, 9791476
178046, 9791532
175000, 9783444
180141, 9785461
179417, 9788843
174645, 9782996
175624, 9790620
177262, 9786189
177039, 9783790
175521, 9788683
180426, 9783684
175580, 9783143
174523, 9784464
177598, 9791171
174087, 9789143
179812, 9785920
179246, 9790929
174135, 9789294
178879, 9788819
177247, 9784395
175616, 9790931
174093, 9786334
179381, 9791834
179725, 9783806
