# Number of control cameras to place = 50 (includes 0 opportunistic sightings + 50 placed randomly)
180236, 9782511
178379, 9781985
175739, 9792517
178694, 9790196
177034, 9788075
175932, 9790341
179592, 9790549
176665, 9788722
176123, 9784093
179086, 9785872
179281, 9791167
176182, 9782439
177758, 9789293
178225, 9786468
179739, 9781944
174263, 9783690
174174, 9789371
178685, 9785785
178397, 9791533
176391, 9783343
178973, 9787719
177637, 9786679
174191, 9783915
180227, 9788101
177038, 9786813
177952, 9790865
175257, 9782365
178607, 9790264
176290, 9792259
176797, 9783647
179358, 9786089
178326, 9782534
180460, 9788280
175740, 9786653
178324, 9790636
177847, 9789357
178428, 9790006
178618, 9789948
178117, 9791594
175858, 9786145
175083, 9788825
176343, 9791753
180133, 9785467
177035, 9791418
177912, 9785707
179803, 9783002
178643, 9783843
177548, 9788252
176601, 9788219
177538, 9786597
