# Actual number of control cameras to place = 50
179117, 9782487
179117, 9785256
179117, 9785574
179117, 9788352
179117, 9790346
179117, 9792196
179117, 9793878
179117, 9795510
179117, 9796739
179117, 9798756
182413, 9782487
182413, 9785256
182413, 9785574
182413, 9788352
182413, 9790346
182413, 9792196
182413, 9793878
182413, 9795510
182413, 9796739
182413, 9798756
185295, 9782487
185295, 9785256
185295, 9785574
185295, 9788352
185295, 9790346
185295, 9792196
185295, 9793878
185295, 9795510
185295, 9796739
185295, 9798756
187726, 9782487
187726, 9785256
187726, 9785574
187726, 9788352
187726, 9790346
187726, 9792196
187726, 9793878
187726, 9795510
187726, 9796739
187726, 9798756
190618, 9782487
190618, 9785256
190618, 9785574
190618, 9788352
190618, 9790346
190618, 9792196
190618, 9793878
190618, 9795510
190618, 9796739
190618, 9798756
