# Actual number of control cameras to place = 52
172013, 9775793
172013, 9777675
172013, 9778274
172013, 9780480
172013, 9781547
172013, 9782700
172013, 9784020
172013, 9785469
172013, 9787312
172013, 9787848
172013, 9789269
172013, 9791494
172013, 9792574
174737, 9775793
174737, 9777675
174737, 9778274
174737, 9780480
174737, 9781547
174737, 9782700
174737, 9784020
174737, 9785469
174737, 9787312
174737, 9787848
174737, 9789269
174737, 9791494
174737, 9792574
175848, 9775793
175848, 9777675
175848, 9778274
175848, 9780480
175848, 9781547
175848, 9782700
175848, 9784020
175848, 9785469
175848, 9787312
175848, 9787848
175848, 9789269
175848, 9791494
175848, 9792574
178680, 9775793
178680, 9777675
178680, 9778274
178680, 9780480
178680, 9781547
178680, 9782700
178680, 9784020
178680, 9785469
178680, 9787312
178680, 9787848
178680, 9789269
178680, 9791494
178680, 9792574
