# Actual number of control cameras to place = 39
171142, 9775510
171142, 9777399
171142, 9778098
171142, 9780487
171142, 9781744
171142, 9782300
171142, 9784506
171142, 9785774
171142, 9786968
171142, 9788379
171142, 9789531
171142, 9791249
171142, 9792224
175663, 9775510
175663, 9777399
175663, 9778098
175663, 9780487
175663, 9781744
175663, 9782300
175663, 9784506
175663, 9785774
175663, 9786968
175663, 9788379
175663, 9789531
175663, 9791249
175663, 9792224
180381, 9775510
180381, 9777399
180381, 9778098
180381, 9780487
180381, 9781744
180381, 9782300
180381, 9784506
180381, 9785774
180381, 9786968
180381, 9788379
180381, 9789531
180381, 9791249
180381, 9792224
