# Number of control cameras to place = 50 (includes 50 opportunistic sightings + 0 placed randomly)
187367, 9791984
181368, 9795879
187945, 9793183
180758, 9797544
183806, 9793943
179067, 9790459
190667, 9788681
182556, 9795709
186032, 9788899
180018, 9793237
181615, 9798614
181607, 9785318
185592, 9796392
185487, 9791728
188063, 9796861
179150, 9793411
188687, 9794621
183066, 9796773
190083, 9793530
181449, 9788815
178756, 9795960
182288, 9782457
178379, 9797551
181863, 9783892
180861, 9792250
188433, 9794971
189926, 9789595
187374, 9785146
178480, 9783942
179182, 9796293
178386, 9783267
185037, 9792609
189891, 9784009
185588, 9797954
184496, 9785346
188716, 9789517
189123, 9786295
182676, 9791874
184154, 9787670
185492, 9793607
189133, 9783004
184410, 9792257
188703, 9791372
180476, 9798648
187389, 9790052
185749, 9787350
187390, 9796535
184004, 9792293
179997, 9788108
189422, 9793880
