# Number of control cameras to place = 50 (includes 50 opportunistic sightings + 0 placed randomly)
173034, 9781126
178626, 9782709
172799, 9786517
178378, 9786759
172164, 9783134
174348, 9789345
175887, 9782749
173393, 9790104
177059, 9792798
171501, 9786526
176857, 9777302
177056, 9791570
174212, 9790970
180467, 9775354
174845, 9787433
177231, 9789743
175214, 9789008
177743, 9785338
172726, 9788879
177825, 9776675
177821, 9777534
179144, 9777838
175176, 9776790
179761, 9783345
176315, 9776267
178655, 9775850
174472, 9784757
171145, 9778145
177037, 9792160
178439, 9787036
172132, 9776771
175125, 9787574
173438, 9785849
171387, 9779114
176963, 9787306
171898, 9791972
179834, 9789310
176194, 9786836
175025, 9786747
177202, 9788428
177157, 9788701
179738, 9782926
175668, 9790626
171266, 9778317
179433, 9778794
178074, 9789771
172890, 9782740
178394, 9776690
176589, 9784403
171538, 9783671
