# Number of control cameras to place = 50 (includes 50 opportunistic sightings + 0 placed randomly)
189459, 9788560
189239, 9782814
185756, 9786148
179310, 9784941
184063, 9797918
186605, 9786951
188591, 9794682
178315, 9783361
188978, 9784336
184374, 9795600
184099, 9785920
182985, 9788133
187221, 9799262
183156, 9791915
189833, 9790788
183557, 9786447
187521, 9785514
190620, 9795383
178622, 9785054
189357, 9793440
183284, 9796559
188071, 9785284
186038, 9795207
189628, 9782167
180980, 9790747
179449, 9789727
185177, 9789567
189131, 9799206
188206, 9789115
182607, 9785619
189601, 9791663
181228, 9798209
180773, 9786759
188187, 9790530
181030, 9788120
186431, 9786663
179644, 9783058
185795, 9792306
185797, 9798571
184422, 9783855
182895, 9791558
189037, 9796120
178543, 9792560
186294, 9797703
181493, 9798167
181388, 9799114
188577, 9797602
190067, 9787738
180966, 9796659
184103, 9795757
