# Number of control cameras to place = 50 (includes 5 opportunistic sightings + 45 placed randomly)
177862, 9782532
178257, 9783923
177928, 9782491
177888, 9782556
177871, 9782035
179209, 9790200
188917, 9787915
184665, 9792562
187156, 9783492
181408, 9787654
179362, 9798041
188484, 9782390
188646, 9796676
183446, 9786864
185094, 9783951
177948, 9798855
188599, 9792771
181026, 9782400
180212, 9784469
180182, 9787758
186451, 9798216
180504, 9784587
182360, 9789464
177917, 9788216
183312, 9788633
188569, 9791337
178785, 9798665
184819, 9797543
190401, 9796397
181994, 9785627
188883, 9791966
181736, 9786234
188354, 9789111
177938, 9796704
190527, 9798658
181277, 9795306
183124, 9798071
179171, 9791669
182717, 9791109
190507, 9796141
188841, 9786595
190235, 9794023
179440, 9797343
177883, 9793044
178379, 9791674
181115, 9796385
187310, 9789017
189232, 9795377
182776, 9784331
190103, 9782322
