# Number of control cameras to place = 50 (includes 2 opportunistic sightings + 48 placed randomly)
178127, 9789477
178105, 9789505
182207, 9786222
181661, 9794234
190349, 9798983
187313, 9784635
181103, 9796712
186593, 9797488
186468, 9793168
188878, 9794952
185906, 9783982
188899, 9796914
182322, 9791446
185544, 9785165
184362, 9787207
184151, 9789094
179827, 9787753
188495, 9792105
184688, 9796654
181096, 9784324
180016, 9782845
178175, 9792009
182685, 9789905
179560, 9792631
180062, 9795531
179089, 9782454
182744, 9790239
179739, 9783995
184897, 9783295
183476, 9784107
181260, 9796145
184609, 9793761
181029, 9784719
185626, 9796977
183641, 9784093
180081, 9797801
186665, 9790080
182277, 9791166
178100, 9783024
187869, 9788764
182321, 9788661
183069, 9783181
181591, 9794986
182948, 9789425
181669, 9796574
182395, 9793489
189694, 9783130
183074, 9795048
182907, 9786729
189650, 9788077
