# Actual number of control cameras to place = 60
175080, 9782324
175080, 9783005
175080, 9783939
175080, 9784994
175080, 9785849
175080, 9787190
175080, 9787917
175080, 9788453
175080, 9789360
175080, 9790562
175080, 9791665
175080, 9792321
176169, 9782324
176169, 9783005
176169, 9783939
176169, 9784994
176169, 9785849
176169, 9787190
176169, 9787917
176169, 9788453
176169, 9789360
176169, 9790562
176169, 9791665
176169, 9792321
177120, 9782324
177120, 9783005
177120, 9783939
177120, 9784994
177120, 9785849
177120, 9787190
177120, 9787917
177120, 9788453
177120, 9789360
177120, 9790562
177120, 9791665
177120, 9792321
178650, 9782324
178650, 9783005
178650, 9783939
178650, 9784994
178650, 9785849
178650, 9787190
178650, 9787917
178650, 9788453
178650, 9789360
178650, 9790562
178650, 9791665
178650, 9792321
180037, 9782324
180037, 9783005
180037, 9783939
180037, 9784994
180037, 9785849
180037, 9787190
180037, 9787917
180037, 9788453
180037, 9789360
180037, 9790562
180037, 9791665
180037, 9792321
