# Actual number of control cameras to place = 60
174469, 9781782
174469, 9783288
174469, 9784183
174469, 9784539
174469, 9786142
174469, 9787157
174469, 9787629
174469, 9788857
174469, 9789645
174469, 9790980
174469, 9791343
174469, 9792520
175530, 9781782
175530, 9783288
175530, 9784183
175530, 9784539
175530, 9786142
175530, 9787157
175530, 9787629
175530, 9788857
175530, 9789645
175530, 9790980
175530, 9791343
175530, 9792520
177622, 9781782
177622, 9783288
177622, 9784183
177622, 9784539
177622, 9786142
177622, 9787157
177622, 9787629
177622, 9788857
177622, 9789645
177622, 9790980
177622, 9791343
177622, 9792520
178950, 9781782
178950, 9783288
178950, 9784183
178950, 9784539
178950, 9786142
178950, 9787157
178950, 9787629
178950, 9788857
178950, 9789645
178950, 9790980
178950, 9791343
178950, 9792520
179418, 9781782
179418, 9783288
179418, 9784183
179418, 9784539
179418, 9786142
179418, 9787157
179418, 9787629
179418, 9788857
179418, 9789645
179418, 9790980
179418, 9791343
179418, 9792520
