# Actual number of control cameras to place = 50
178215, 9782596
178215, 9784162
178215, 9786408
178215, 9788248
178215, 9789779
178215, 9791957
178215, 9792579
178215, 9794334
178215, 9796146
178215, 9798954
180912, 9782596
180912, 9784162
180912, 9786408
180912, 9788248
180912, 9789779
180912, 9791957
180912, 9792579
180912, 9794334
180912, 9796146
180912, 9798954
185031, 9782596
185031, 9784162
185031, 9786408
185031, 9788248
185031, 9789779
185031, 9791957
185031, 9792579
185031, 9794334
185031, 9796146
185031, 9798954
187584, 9782596
187584, 9784162
187584, 9786408
187584, 9788248
187584, 9789779
187584, 9791957
187584, 9792579
187584, 9794334
187584, 9796146
187584, 9798954
188655, 9782596
188655, 9784162
188655, 9786408
188655, 9788248
188655, 9789779
188655, 9791957
188655, 9792579
188655, 9794334
188655, 9796146
188655, 9798954
