# Number of control cameras to place = 50 (includes 50 opportunistic sightings + 0 placed randomly)
177849, 9796490
181504, 9786637
185893, 9794619
188940, 9791974
178211, 9792842
188440, 9793459
184444, 9788964
189139, 9786538
188496, 9784752
180598, 9796768
182957, 9786045
189807, 9795272
180950, 9790303
186145, 9795445
187984, 9798959
183509, 9794770
187854, 9796909
187460, 9793249
188687, 9788214
185979, 9785391
185066, 9782488
179776, 9788585
186637, 9792427
189038, 9784555
190164, 9784145
180335, 9785956
186443, 9793044
188561, 9798960
188319, 9789511
180855, 9789639
184980, 9791184
181668, 9791975
183939, 9792083
185840, 9787209
185403, 9794457
178359, 9797617
186758, 9785326
179274, 9796977
177728, 9794682
184321, 9784515
189924, 9797028
188446, 9793200
186904, 9789571
179834, 9790487
187517, 9793604
189176, 9787190
183324, 9789072
179637, 9794504
188270, 9792701
180538, 9790951
