# Number of control cameras to place = 50 (includes 50 opportunistic sightings + 0 placed randomly)
179113, 9783572
184025, 9786778
182641, 9795940
180887, 9793846
179295, 9799014
179531, 9796267
181130, 9796620
183579, 9791758
190256, 9793873
182824, 9797014
184526, 9784793
188708, 9794667
181918, 9785096
183840, 9796392
187855, 9791713
187394, 9784566
189278, 9789260
186096, 9798973
188486, 9794521
184176, 9795956
189837, 9793961
185370, 9797238
178823, 9795351
186437, 9785388
188502, 9788991
185189, 9785825
185321, 9783259
181903, 9796597
186298, 9798140
185862, 9788729
184050, 9788780
182350, 9785452
187922, 9787421
185517, 9795652
189146, 9793274
188714, 9793818
178425, 9787308
187404, 9786974
179268, 9792016
178329, 9795694
180970, 9789199
184065, 9787622
190313, 9783107
188670, 9782245
180019, 9796652
184082, 9796766
178766, 9793818
190507, 9783939
183553, 9787680
180018, 9795907
