# Number of control cameras to place = 50 (includes 11 opportunistic sightings + 39 placed randomly)
176580, 9784995
176695, 9784720
176859, 9784497
174834, 9783893
176580, 9784995
174569, 9785430
176859, 9784497
174521, 9784889
178436, 9790396
176717, 9785020
174606, 9784309
178783, 9791925
175732, 9789236
178008, 9790021
180473, 9784349
179961, 9787674
176654, 9788030
178942, 9786004
179017, 9787499
175004, 9790363
174130, 9781937
180207, 9783343
179343, 9783645
177845, 9791620
174489, 9790616
179367, 9786819
176906, 9783009
175911, 9790248
178526, 9785374
175301, 9782973
175970, 9792611
177704, 9788292
176854, 9790365
178926, 9790503
175440, 9788369
176219, 9782769
177211, 9783530
174980, 9782044
177217, 9790139
175834, 9791968
180092, 9784086
179797, 9789569
179389, 9787520
177227, 9787355
176555, 9788854
174385, 9789853
176176, 9786878
177478, 9782430
179540, 9782003
176227, 9791940
