# Number of control cameras to place = 50 (includes 1 opportunistic sightings + 49 placed randomly)
178257, 9783923
176336, 9784593
178589, 9787687
177363, 9792541
178606, 9787514
179022, 9791166
177763, 9784719
174150, 9784252
176154, 9786221
176755, 9788629
175668, 9792870
180264, 9788441
175190, 9789029
179932, 9784109
179356, 9784387
180007, 9787266
176450, 9789092
177651, 9787789
174081, 9781653
177833, 9791858
174855, 9792964
178920, 9787508
174326, 9790556
174997, 9783299
175211, 9782099
174839, 9787720
179228, 9784851
178672, 9787983
177666, 9788457
177849, 9782909
175103, 9784972
174898, 9787161
176251, 9791367
180105, 9786491
174640, 9787256
176799, 9789813
176483, 9785104
175608, 9792007
180384, 9789338
180088, 9790118
174855, 9783203
175297, 9782510
174421, 9791326
176275, 9785141
176361, 9786922
177885, 9791749
175255, 9792410
175620, 9782667
178644, 9782467
179396, 9787284
