# Number of control cameras to place = 54 (includes 13 opportunistic sightings + 41 placed randomly)
176152, 9784403
177092, 9783716
176152, 9784403
176152, 9784403
176152, 9784403
177047, 9788912
176152, 9784403
177247, 9786880
176152, 9784403
176152, 9784403
176152, 9784403
176152, 9784403
176152, 9784403
174336, 9787793
176506, 9791026
176863, 9787324
180188, 9783937
179687, 9787835
175264, 9782863
174184, 9787933
174582, 9786092
178435, 9784232
176875, 9787615
180388, 9790316
178966, 9792367
179237, 9790907
177043, 9783519
176744, 9789295
177587, 9785637
179873, 9786488
174891, 9785856
177650, 9783301
179116, 9787842
177521, 9788626
174863, 9782556
176615, 9789297
180427, 9791964
177693, 9792533
178167, 9789034
177361, 9783692
179847, 9792746
178775, 9789963
174719, 9787805
175252, 9783626
176525, 9790388
180421, 9792712
174405, 9784496
180393, 9787340
176205, 9784221
180120, 9788280
174169, 9785435
178807, 9786201
174193, 9791010
177364, 9786463
