# Number of control cameras to place = 50 (includes 5 opportunistic sightings + 45 placed randomly)
178561, 9783072
178702, 9782207
177675, 9782687
178475, 9782297
178369, 9782832
187024, 9798081
184084, 9799099
182116, 9785372
182454, 9782444
190424, 9787036
181166, 9786518
181175, 9785131
183836, 9791601
184781, 9799225
180444, 9787231
189935, 9788651
189513, 9799117
185172, 9791901
180671, 9785477
181518, 9791834
177886, 9788703
182291, 9782913
178890, 9797011
187523, 9794182
184912, 9790028
183486, 9794576
180191, 9791499
183487, 9798571
183181, 9785958
188089, 9797633
187212, 9794433
181843, 9783478
186979, 9799090
180623, 9795937
189207, 9793265
188683, 9797334
189975, 9792976
183303, 9791737
187016, 9786889
190674, 9793033
177732, 9795151
183358, 9795509
180966, 9791156
189953, 9792430
179212, 9793889
187898, 9794577
184994, 9793067
184377, 9788633
181559, 9788225
184295, 9784044
