# Number of control cameras to place = 50 (includes 50 opportunistic sightings + 0 placed randomly)
177854, 9778316
177969, 9776564
176337, 9786549
175194, 9781324
177138, 9787352
179457, 9785071
175514, 9786221
175533, 9778259
176132, 9786140
177063, 9786316
178047, 9790716
179082, 9774950
175284, 9789736
174908, 9774478
176946, 9777467
176044, 9786536
175923, 9787333
174257, 9783433
174159, 9781007
177329, 9774457
175304, 9788583
174015, 9783908
180292, 9785780
174860, 9784529
174175, 9781662
179904, 9779643
175736, 9779502
178548, 9780392
175692, 9787804
176178, 9788768
176856, 9785830
176278, 9774596
178229, 9779478
174563, 9776040
174292, 9779605
176793, 9784129
179174, 9785791
175897, 9774496
179235, 9788409
176514, 9774807
176863, 9782759
179851, 9784468
179146, 9777628
176404, 9778273
176636, 9780897
175338, 9783895
180189, 9783611
174890, 9785235
178203, 9779715
176652, 9782597
