# Number of control cameras to place = 50 (includes 50 opportunistic sightings + 0 placed randomly)
185343, 9782828
189555, 9793856
184458, 9789748
182069, 9783213
179566, 9795913
187296, 9787661
187020, 9794013
188970, 9798317
187270, 9786466
189074, 9797088
179747, 9792761
181962, 9794804
184941, 9795696
186576, 9790742
185949, 9788861
180327, 9790857
184866, 9785066
184922, 9792020
188029, 9793836
178216, 9795603
179921, 9796178
187754, 9783296
180236, 9783605
182380, 9784230
188520, 9788284
189347, 9787320
182610, 9783141
179352, 9784681
179852, 9785759
190703, 9789952
180846, 9796010
178788, 9786402
186195, 9787673
185635, 9798251
179049, 9792826
178124, 9796031
185672, 9792403
184506, 9792545
179013, 9785297
185723, 9794267
188209, 9782478
188460, 9798840
189391, 9785280
187140, 9796628
178026, 9796368
182057, 9782864
187451, 9789401
185915, 9790276
183961, 9789584
190201, 9791723
