# Actual number of control cameras to place = 39
173686, 9775667
173686, 9777784
173686, 9778386
173686, 9780240
173686, 9781454
173686, 9782301
173686, 9784638
173686, 9785826
173686, 9787149
173686, 9787890
173686, 9789127
173686, 9791456
173686, 9792683
176563, 9775667
176563, 9777784
176563, 9778386
176563, 9780240
176563, 9781454
176563, 9782301
176563, 9784638
176563, 9785826
176563, 9787149
176563, 9787890
176563, 9789127
176563, 9791456
176563, 9792683
179807, 9775667
179807, 9777784
179807, 9778386
179807, 9780240
179807, 9781454
179807, 9782301
179807, 9784638
179807, 9785826
179807, 9787149
179807, 9787890
179807, 9789127
179807, 9791456
179807, 9792683
