# Number of control cameras to place = 50 (includes 50 opportunistic sightings + 0 placed randomly)
171835, 9786951
176792, 9788581
177958, 9787240
176544, 9781107
180476, 9788874
176260, 9786450
171188, 9791836
177774, 9778840
173146, 9783193
176899, 9779308
180025, 9791289
172127, 9788117
178857, 9789912
177889, 9789812
174745, 9786546
175074, 9776441
178418, 9785272
171423, 9780996
176320, 9792167
171598, 9789785
175592, 9786092
178118, 9787573
173593, 9783897
178530, 9787638
171497, 9776574
179412, 9779676
174436, 9792805
173969, 9781665
171950, 9777891
178195, 9777114
175521, 9791634
179816, 9783616
171763, 9787754
171581, 9776012
175737, 9782444
176611, 9787017
177060, 9790538
175798, 9780584
174316, 9786715
176544, 9778974
175122, 9792574
172333, 9781651
178204, 9775742
179691, 9790678
173419, 9788190
178964, 9790620
173768, 9785905
180127, 9789195
171265, 9776010
176347, 9792684
