# Number of control cameras to place = 50 (includes 3 opportunistic sightings + 47 placed randomly)
178423, 9786534
178857, 9784087
178144, 9786566
181898, 9785867
178646, 9790113
186106, 9792064
187004, 9782666
183006, 9786568
178552, 9786879
188833, 9786877
180771, 9789431
181554, 9794689
186845, 9794960
177833, 9793678
183520, 9798587
190246, 9793026
180561, 9797710
179502, 9782498
178766, 9787385
183684, 9790349
182129, 9784821
183483, 9791556
187594, 9787304
181242, 9788237
185920, 9790583
185160, 9789893
184332, 9788047
180408, 9787860
177884, 9793357
178306, 9796176
190251, 9782369
183341, 9788489
185245, 9792971
178804, 9789959
178147, 9796462
178976, 9796600
180939, 9796416
185459, 9791855
177960, 9789225
178863, 9796833
185665, 9785816
190197, 9783405
180626, 9785287
185704, 9789353
183228, 9782326
182937, 9796552
182910, 9797490
187153, 9786559
178633, 9790650
179090, 9791170
