# Number of control cameras to place = 50 (includes 9 opportunistic sightings + 41 placed randomly)
188734, 9779176
189451, 9774629
188549, 9779101
188228, 9779745
186828, 9774084
189026, 9778335
187324, 9776523
186318, 9777150
188567, 9779008
187279, 9773483
184167, 9774737
187064, 9778386
189230, 9772812
184998, 9781511
187963, 9773884
184707, 9781366
186888, 9772565
185058, 9779506
189664, 9775367
186201, 9781869
186211, 9779692
188530, 9775173
189404, 9774835
184449, 9777574
184854, 9781196
188960, 9779494
184201, 9772469
187338, 9779948
184604, 9772458
189520, 9781508
185141, 9775771
190572, 9777356
184644, 9781468
184299, 9773933
187554, 9775273
186571, 9777735
188738, 9775662
184808, 9776729
187534, 9776659
184218, 9774086
190506, 9774062
189462, 9772736
184824, 9781573
187406, 9776100
187882, 9780678
190080, 9779497
184936, 9772132
190421, 9778792
186475, 9778395
186341, 9774134
