# Actual number of control cameras to place = 60
175149, 9781653
175149, 9782971
175149, 9783631
175149, 9785262
175149, 9785791
175149, 9787161
175149, 9787811
175149, 9788972
175149, 9789409
175149, 9790996
175149, 9791717
175149, 9792831
175966, 9781653
175966, 9782971
175966, 9783631
175966, 9785262
175966, 9785791
175966, 9787161
175966, 9787811
175966, 9788972
175966, 9789409
175966, 9790996
175966, 9791717
175966, 9792831
176764, 9781653
176764, 9782971
176764, 9783631
176764, 9785262
176764, 9785791
176764, 9787161
176764, 9787811
176764, 9788972
176764, 9789409
176764, 9790996
176764, 9791717
176764, 9792831
178657, 9781653
178657, 9782971
178657, 9783631
178657, 9785262
178657, 9785791
178657, 9787161
178657, 9787811
178657, 9788972
178657, 9789409
178657, 9790996
178657, 9791717
178657, 9792831
180139, 9781653
180139, 9782971
180139, 9783631
180139, 9785262
180139, 9785791
180139, 9787161
180139, 9787811
180139, 9788972
180139, 9789409
180139, 9790996
180139, 9791717
180139, 9792831
