# Actual number of control cameras to place = 60
174607, 9782174
174607, 9782886
174607, 9783719
174607, 9785185
174607, 9785527
174607, 9787191
174607, 9787730
174607, 9788440
174607, 9789874
174607, 9790718
174607, 9791688
174607, 9792280
176237, 9782174
176237, 9782886
176237, 9783719
176237, 9785185
176237, 9785527
176237, 9787191
176237, 9787730
176237, 9788440
176237, 9789874
176237, 9790718
176237, 9791688
176237, 9792280
177231, 9782174
177231, 9782886
177231, 9783719
177231, 9785185
177231, 9785527
177231, 9787191
177231, 9787730
177231, 9788440
177231, 9789874
177231, 9790718
177231, 9791688
177231, 9792280
178964, 9782174
178964, 9782886
178964, 9783719
178964, 9785185
178964, 9785527
178964, 9787191
178964, 9787730
178964, 9788440
178964, 9789874
178964, 9790718
178964, 9791688
178964, 9792280
179833, 9782174
179833, 9782886
179833, 9783719
179833, 9785185
179833, 9785527
179833, 9787191
179833, 9787730
179833, 9788440
179833, 9789874
179833, 9790718
179833, 9791688
179833, 9792280
