# Actual number of control cameras to place = 50
178964, 9783453
178964, 9784093
178964, 9785575
178964, 9788359
178964, 9790268
178964, 9791575
178964, 9792642
178964, 9794625
178964, 9796728
178964, 9797976
181621, 9783453
181621, 9784093
181621, 9785575
181621, 9788359
181621, 9790268
181621, 9791575
181621, 9792642
181621, 9794625
181621, 9796728
181621, 9797976
183352, 9783453
183352, 9784093
183352, 9785575
183352, 9788359
183352, 9790268
183352, 9791575
183352, 9792642
183352, 9794625
183352, 9796728
183352, 9797976
186728, 9783453
186728, 9784093
186728, 9785575
186728, 9788359
186728, 9790268
186728, 9791575
186728, 9792642
186728, 9794625
186728, 9796728
186728, 9797976
190091, 9783453
190091, 9784093
190091, 9785575
190091, 9788359
190091, 9790268
190091, 9791575
190091, 9792642
190091, 9794625
190091, 9796728
190091, 9797976
