# Actual number of control cameras to place = 50
178929, 9783456
178929, 9784619
178929, 9786653
178929, 9788023
178929, 9789523
178929, 9790946
178929, 9793793
178929, 9795338
178929, 9796255
178929, 9797857
180624, 9783456
180624, 9784619
180624, 9786653
180624, 9788023
180624, 9789523
180624, 9790946
180624, 9793793
180624, 9795338
180624, 9796255
180624, 9797857
184650, 9783456
184650, 9784619
184650, 9786653
184650, 9788023
184650, 9789523
184650, 9790946
184650, 9793793
184650, 9795338
184650, 9796255
184650, 9797857
187396, 9783456
187396, 9784619
187396, 9786653
187396, 9788023
187396, 9789523
187396, 9790946
187396, 9793793
187396, 9795338
187396, 9796255
187396, 9797857
189076, 9783456
189076, 9784619
189076, 9786653
189076, 9788023
189076, 9789523
189076, 9790946
189076, 9793793
189076, 9795338
189076, 9796255
189076, 9797857
