# Actual number of control cameras to place = 48
174994, 9781793
174994, 9782988
174994, 9784263
174994, 9785250
174994, 9785928
174994, 9786709
174994, 9787994
174994, 9788858
174994, 9789670
174994, 9790801
174994, 9792068
174994, 9792499
175769, 9781793
175769, 9782988
175769, 9784263
175769, 9785250
175769, 9785928
175769, 9786709
175769, 9787994
175769, 9788858
175769, 9789670
175769, 9790801
175769, 9792068
175769, 9792499
177750, 9781793
177750, 9782988
177750, 9784263
177750, 9785250
177750, 9785928
177750, 9786709
177750, 9787994
177750, 9788858
177750, 9789670
177750, 9790801
177750, 9792068
177750, 9792499
179645, 9781793
179645, 9782988
179645, 9784263
179645, 9785250
179645, 9785928
179645, 9786709
179645, 9787994
179645, 9788858
179645, 9789670
179645, 9790801
179645, 9792068
179645, 9792499
