# Actual number of control cameras to place = 60
174820, 9781799
174820, 9782581
174820, 9783600
174820, 9785051
174820, 9786203
174820, 9786793
174820, 9788017
174820, 9788494
174820, 9789733
174820, 9790381
174820, 9791966
174820, 9792576
175756, 9781799
175756, 9782581
175756, 9783600
175756, 9785051
175756, 9786203
175756, 9786793
175756, 9788017
175756, 9788494
175756, 9789733
175756, 9790381
175756, 9791966
175756, 9792576
177659, 9781799
177659, 9782581
177659, 9783600
177659, 9785051
177659, 9786203
177659, 9786793
177659, 9788017
177659, 9788494
177659, 9789733
177659, 9790381
177659, 9791966
177659, 9792576
179001, 9781799
179001, 9782581
179001, 9783600
179001, 9785051
179001, 9786203
179001, 9786793
179001, 9788017
179001, 9788494
179001, 9789733
179001, 9790381
179001, 9791966
179001, 9792576
179870, 9781799
179870, 9782581
179870, 9783600
179870, 9785051
179870, 9786203
179870, 9786793
179870, 9788017
179870, 9788494
179870, 9789733
179870, 9790381
179870, 9791966
179870, 9792576
