# Actual number of control cameras to place = 50
179427, 9782416
179427, 9784979
179427, 9786618
179427, 9787963
179427, 9789568
179427, 9791891
179427, 9794051
179427, 9794290
179427, 9797120
179427, 9798414
181924, 9782416
181924, 9784979
181924, 9786618
181924, 9787963
181924, 9789568
181924, 9791891
181924, 9794051
181924, 9794290
181924, 9797120
181924, 9798414
183656, 9782416
183656, 9784979
183656, 9786618
183656, 9787963
183656, 9789568
183656, 9791891
183656, 9794051
183656, 9794290
183656, 9797120
183656, 9798414
186468, 9782416
186468, 9784979
186468, 9786618
186468, 9787963
186468, 9789568
186468, 9791891
186468, 9794051
186468, 9794290
186468, 9797120
186468, 9798414
190658, 9782416
190658, 9784979
190658, 9786618
190658, 9787963
190658, 9789568
190658, 9791891
190658, 9794051
190658, 9794290
190658, 9797120
190658, 9798414
