# Number of control cameras to place = 50 (includes 50 opportunistic sightings + 0 placed randomly)
182703, 9782802
185697, 9798181
181550, 9782135
181954, 9798694
178600, 9792074
177740, 9798358
185214, 9786628
184934, 9791674
187560, 9790828
184007, 9799292
183854, 9792374
186396, 9793884
181783, 9791739
179343, 9796436
188966, 9795051
182189, 9795863
179404, 9788372
187676, 9783654
183070, 9793422
182282, 9785234
190163, 9784426
186666, 9787336
185825, 9782610
186180, 9792311
185704, 9782508
185250, 9789853
186237, 9797817
181248, 9790825
179070, 9795608
187107, 9782588
186028, 9794833
190439, 9786175
182045, 9784600
185003, 9786545
186219, 9798071
184928, 9789026
180726, 9798393
185168, 9793487
189202, 9786312
184135, 9796055
183327, 9783152
190471, 9783672
187444, 9794620
183205, 9785633
181173, 9784769
188007, 9796447
182736, 9788819
183508, 9795582
188971, 9793947
190310, 9788044
