# Number of control cameras to place = 50 (includes 50 opportunistic sightings + 0 placed randomly)
176092, 9786823
178914, 9783920
175962, 9790193
178267, 9781765
174490, 9789388
174777, 9792960
179544, 9791496
177368, 9785705
179488, 9791924
179834, 9792252
174312, 9785833
174860, 9784717
178571, 9787595
176737, 9782367
179634, 9793018
179470, 9788773
177219, 9789702
174960, 9791135
175752, 9789782
178944, 9784248
176853, 9789445
178975, 9791559
174770, 9785136
176159, 9784185
180190, 9787079
177701, 9789710
177708, 9786338
174280, 9786266
174390, 9784694
180205, 9791398
178759, 9786635
174933, 9787592
177497, 9781998
174981, 9783796
178245, 9785257
180369, 9785197
177702, 9785757
175850, 9786472
178247, 9782942
175335, 9785861
179447, 9790234
178161, 9790154
177671, 9789504
176093, 9792589
174894, 9788208
174636, 9787351
176423, 9785860
176270, 9790962
178510, 9783880
175501, 9789452
