# Number of control cameras to place = 50 (includes 50 opportunistic sightings + 0 placed randomly)
184892, 9791826
185240, 9790066
183650, 9787909
181184, 9795816
179659, 9788136
189557, 9799159
188767, 9784805
185157, 9785761
187182, 9788726
189188, 9782793
185109, 9792149
177729, 9796935
189525, 9795442
186873, 9793762
180905, 9798770
184381, 9795933
187036, 9798987
178670, 9790369
184583, 9798527
178989, 9788573
182782, 9788273
182908, 9791118
188166, 9791395
182693, 9785374
183035, 9790867
181814, 9788720
187018, 9785430
189193, 9787069
181877, 9785186
183184, 9794528
186088, 9784932
184487, 9795146
184611, 9791969
181724, 9793114
185996, 9791475
190210, 9783982
180778, 9791091
187664, 9786529
187443, 9793933
178509, 9787343
180766, 9790875
187462, 9794286
188769, 9798174
187955, 9785125
181765, 9789995
181058, 9794093
182171, 9790720
177878, 9797078
189519, 9794581
183560, 9786553
