# Number of control cameras to place = 50 (includes 50 opportunistic sightings + 0 placed randomly)
182273, 9798125
182564, 9785488
181470, 9785751
186681, 9796209
180614, 9792622
185640, 9790574
180497, 9786462
182104, 9798204
185317, 9783707
190044, 9792403
185833, 9783325
179371, 9798349
186867, 9792856
184358, 9783097
187855, 9782342
180661, 9789776
188624, 9787802
180062, 9782857
181813, 9785744
184370, 9795391
181662, 9784519
181988, 9789034
190378, 9786985
181826, 9794633
179595, 9782940
184929, 9797193
182234, 9796317
177897, 9796343
189727, 9788440
188005, 9786025
181930, 9795462
178199, 9794981
185787, 9790043
178012, 9786434
179680, 9791792
189100, 9792852
184378, 9797232
181598, 9783890
178447, 9794783
188799, 9798614
183732, 9786098
183981, 9789749
180824, 9785317
190372, 9795444
189002, 9786605
183460, 9783629
182180, 9792683
178113, 9788962
177928, 9787522
181983, 9797234
