# Number of control cameras to place = 50 (includes 50 opportunistic sightings + 0 placed randomly)
177371, 9793032
180027, 9790635
175246, 9782816
180432, 9789447
174591, 9789352
178936, 9788485
178301, 9786227
179671, 9792773
178888, 9788348
178698, 9787695
180068, 9785150
177096, 9790018
178248, 9786439
176380, 9790379
174349, 9783400
176680, 9783436
180231, 9792942
178669, 9789125
176770, 9789328
178890, 9785109
175194, 9789927
179092, 9783842
175311, 9784758
177085, 9791982
174541, 9790800
178473, 9791942
174622, 9785206
180247, 9790711
174499, 9791646
179198, 9789485
174607, 9791385
176351, 9785600
175488, 9792259
180024, 9784715
178666, 9783592
175919, 9784684
175006, 9787852
180376, 9792443
176845, 9785124
178629, 9792192
176708, 9790962
177055, 9785120
177859, 9790807
175699, 9785945
179729, 9784895
177682, 9786629
175188, 9792462
176695, 9785228
175849, 9785765
177465, 9781901
