# Number of control cameras to place = 50 (includes 1 opportunistic sightings + 49 placed randomly)
174981, 9786347
178128, 9788423
177974, 9783212
178577, 9790741
178256, 9792917
178201, 9784532
177139, 9784448
179104, 9788889
178066, 9792040
175951, 9781626
174052, 9788148
175034, 9791842
178456, 9792580
179627, 9787984
177669, 9781811
176518, 9784410
179225, 9786141
177651, 9791162
175927, 9792370
176205, 9783652
180447, 9788387
177010, 9788603
180484, 9789117
175925, 9790472
179179, 9782708
174364, 9787875
176760, 9791842
175863, 9786215
174807, 9784743
179228, 9784922
178690, 9787645
177224, 9789149
177939, 9788028
174355, 9792511
175624, 9787630
179526, 9783915
175372, 9788503
179991, 9786734
174248, 9788293
175039, 9789538
174796, 9789318
176381, 9789057
176096, 9787986
174336, 9790879
179676, 9784882
176099, 9789173
176721, 9786354
179030, 9789520
176614, 9785342
178857, 9787948
