# Number of control cameras to place = 50 (includes 7 opportunistic sightings + 43 placed randomly)
176379, 9786898
180238, 9785969
177995, 9792246
178207, 9792443
180413, 9785552
179233, 9784434
179445, 9784527
174919, 9783595
176851, 9782477
179290, 9789142
177023, 9791296
175727, 9792850
175671, 9788959
176032, 9782840
177745, 9787883
179773, 9782636
174902, 9789166
179854, 9788108
177191, 9789264
174638, 9787429
180125, 9789226
177453, 9790996
178629, 9784909
179206, 9782400
174379, 9791804
176153, 9789266
175924, 9789117
175365, 9781636
174353, 9785386
178143, 9789731
178376, 9786922
178101, 9782082
175736, 9781693
177722, 9789207
177485, 9782491
175154, 9786242
179995, 9788302
175957, 9782996
176466, 9785661
177256, 9791072
178479, 9790672
176786, 9783822
174602, 9784045
177841, 9782556
174641, 9785886
176210, 9787198
180403, 9792645
179374, 9789439
177889, 9784308
176018, 9791700
