# Number of control cameras to place = 54 (includes 12 opportunistic sightings + 42 placed randomly)
178262, 9782768
180130, 9786438
178936, 9781489
179470, 9785709
178323, 9782598
180221, 9784775
177852, 9782868
177271, 9783101
179828, 9786981
178794, 9781743
180121, 9784349
178222, 9785072
178605, 9783159
178906, 9785788
174334, 9788646
179512, 9787645
179953, 9790469
180449, 9781928
177016, 9785296
178858, 9783331
179064, 9790596
178830, 9789123
177037, 9787307
179265, 9783361
174091, 9789373
180331, 9786260
179572, 9791963
174832, 9782729
176222, 9787058
176800, 9792732
175965, 9786616
177671, 9783362
177615, 9786613
175373, 9790453
174318, 9791795
176078, 9781864
175439, 9784689
176420, 9787618
179133, 9787842
177481, 9785173
178305, 9783185
177300, 9787596
177849, 9792412
178028, 9781638
175804, 9793000
179580, 9782369
179689, 9785157
175137, 9790307
175825, 9782605
180478, 9789000
176666, 9781798
179101, 9785347
178250, 9791843
180182, 9785276
