# Number of control cameras to place = 50 (includes 0 opportunistic sightings + 50 placed randomly)
179711, 9785666
181409, 9799279
180423, 9797892
183328, 9792369
181315, 9799045
189549, 9784632
178519, 9786679
183066, 9785663
179836, 9797920
189456, 9793866
189996, 9797548
180240, 9792003
186683, 9789085
184202, 9785525
180241, 9790129
188746, 9797977
177795, 9797450
189791, 9787983
185077, 9789584
189592, 9796195
187967, 9797080
179016, 9796549
181758, 9793339
181539, 9786774
182599, 9789114
183789, 9791063
188872, 9786521
186716, 9783753
187565, 9785953
182078, 9788865
185596, 9782923
184133, 9785432
185265, 9789072
189561, 9789671
178950, 9786656
177947, 9798888
181020, 9785233
179721, 9787956
178043, 9786916
182826, 9786021
183644, 9788095
185638, 9798257
180134, 9783309
190106, 9786516
178465, 9790314
187238, 9790765
187212, 9789987
183598, 9786262
179965, 9792157
178226, 9791545
