# Number of control cameras to place = 50 (includes 0 opportunistic sightings + 50 placed randomly)
188114, 9797096
178342, 9782981
183662, 9783704
188261, 9787863
181564, 9782800
184044, 9794087
189090, 9789838
188712, 9782666
178983, 9792318
188066, 9782838
182234, 9789539
180041, 9792487
183263, 9790678
190491, 9797165
183338, 9791040
190589, 9791678
184796, 9791313
180073, 9788407
181948, 9786302
186180, 9792457
187423, 9796051
178121, 9782550
183463, 9788073
181552, 9788359
189316, 9788990
184270, 9795678
181522, 9796789
186288, 9795405
186143, 9784372
179367, 9799114
187625, 9796547
184467, 9797825
182563, 9797921
178256, 9797838
180668, 9794366
188993, 9782673
178087, 9789612
185127, 9785959
185140, 9795260
178799, 9794104
184402, 9786258
187220, 9787692
186245, 9792637
183037, 9791275
188494, 9792606
178465, 9784188
188473, 9782098
187205, 9784918
189844, 9791682
188691, 9789447
