# Number of control cameras to place = 50 (includes 8 opportunistic sightings + 42 placed randomly)
179288, 9783199
174916, 9787554
178509, 9782447
178601, 9783213
174916, 9787554
179241, 9782822
174916, 9787554
174916, 9787554
178500, 9786308
175994, 9792365
177884, 9790823
174513, 9788374
178818, 9786184
179344, 9787713
178894, 9784044
179161, 9784339
179379, 9784071
178646, 9782740
175330, 9787378
178956, 9784362
174536, 9783223
178665, 9783098
175650, 9786738
178543, 9792379
177411, 9783769
175707, 9784699
178972, 9791958
180021, 9785427
176850, 9786101
176411, 9782722
178462, 9786100
178081, 9789606
174102, 9788230
177529, 9783245
180294, 9788890
175128, 9791921
176867, 9792030
175211, 9783914
180063, 9790023
178372, 9788826
176519, 9788506
174932, 9783172
177499, 9786385
178065, 9786034
179107, 9787879
178838, 9789767
175937, 9786865
176198, 9791674
177155, 9784745
179136, 9782985
