# Number of control cameras to place = 50 (includes 10 opportunistic sightings + 40 placed randomly)
177538, 9786287
175610, 9786950
175105, 9786060
176563, 9786664
175327, 9786801
177846, 9786240
175409, 9786909
177222, 9786366
175592, 9786969
179962, 9785623
174960, 9792945
175435, 9782866
180392, 9791378
175901, 9784226
179028, 9787883
178072, 9785316
174992, 9784925
176437, 9786191
174376, 9787205
177620, 9791296
175250, 9784913
178365, 9783755
174174, 9785536
177519, 9785141
179276, 9790811
174282, 9785264
176219, 9785141
176195, 9783004
175718, 9787475
176784, 9782035
179331, 9781738
179687, 9783188
179705, 9792182
178005, 9792685
177561, 9784049
175946, 9791884
175824, 9788443
179593, 9788427
176187, 9792406
179178, 9792283
174817, 9788477
178928, 9783757
176964, 9788010
178759, 9789953
180138, 9790762
180438, 9783011
178809, 9789101
176259, 9786213
176829, 9782938
176448, 9782019
