# Actual number of control cameras to place = 52
170974, 9775320
170974, 9777304
170974, 9778974
170974, 9780493
170974, 9781157
170974, 9782887
170974, 9783684
170974, 9785773
170974, 9786822
170974, 9787827
170974, 9789893
170974, 9791263
170974, 9793031
174755, 9775320
174755, 9777304
174755, 9778974
174755, 9780493
174755, 9781157
174755, 9782887
174755, 9783684
174755, 9785773
174755, 9786822
174755, 9787827
174755, 9789893
174755, 9791263
174755, 9793031
177419, 9775320
177419, 9777304
177419, 9778974
177419, 9780493
177419, 9781157
177419, 9782887
177419, 9783684
177419, 9785773
177419, 9786822
177419, 9787827
177419, 9789893
177419, 9791263
177419, 9793031
178456, 9775320
178456, 9777304
178456, 9778974
178456, 9780493
178456, 9781157
178456, 9782887
178456, 9783684
178456, 9785773
178456, 9786822
178456, 9787827
178456, 9789893
178456, 9791263
178456, 9793031
