# Actual number of control cameras to place = 52
173075, 9775884
173075, 9777215
173075, 9778794
173075, 9779922
173075, 9781466
173075, 9783372
173075, 9784448
173075, 9785293
173075, 9786761
173075, 9788191
173075, 9789968
173075, 9791402
173075, 9793025
174477, 9775884
174477, 9777215
174477, 9778794
174477, 9779922
174477, 9781466
174477, 9783372
174477, 9784448
174477, 9785293
174477, 9786761
174477, 9788191
174477, 9789968
174477, 9791402
174477, 9793025
176099, 9775884
176099, 9777215
176099, 9778794
176099, 9779922
176099, 9781466
176099, 9783372
176099, 9784448
176099, 9785293
176099, 9786761
176099, 9788191
176099, 9789968
176099, 9791402
176099, 9793025
178744, 9775884
178744, 9777215
178744, 9778794
178744, 9779922
178744, 9781466
178744, 9783372
178744, 9784448
178744, 9785293
178744, 9786761
178744, 9788191
178744, 9789968
178744, 9791402
178744, 9793025
