# Number of control cameras to place = 54 (includes 54 opportunistic sightings + 0 placed randomly)
174540, 9776525
179530, 9782796
176693, 9777147
176104, 9780343
180426, 9776384
176047, 9781975
179413, 9788546
171263, 9775987
177739, 9781883
176371, 9777076
171607, 9780599
172348, 9791167
179445, 9792570
172008, 9777793
174439, 9790150
171739, 9791915
180086, 9783777
172142, 9776726
176441, 9791355
175366, 9777244
180339, 9776595
178863, 9783796
177582, 9788251
174440, 9786166
176762, 9788045
176918, 9788921
176926, 9780906
171664, 9782604
175633, 9777531
171123, 9785354
177602, 9785639
178744, 9788919
173462, 9780668
176042, 9777923
173308, 9783680
177781, 9784987
178483, 9778315
178790, 9782399
171852, 9786628
177702, 9777606
171701, 9792908
176440, 9779661
175047, 9779529
177317, 9787515
176926, 9783075
175350, 9791722
177375, 9791756
179132, 9790131
171577, 9775873
171063, 9788966
171161, 9781764
179057, 9779363
177676, 9786046
177371, 9775995
