# Number of control cameras to place = 50 (includes 0 opportunistic sightings + 50 placed randomly)
182826, 9794735
185046, 9783154
190301, 9782946
187706, 9796088
188603, 9782996
187804, 9792642
184404, 9798350
188401, 9784802
186380, 9784442
189375, 9784902
182891, 9788226
188727, 9783904
187643, 9797300
188476, 9784973
180391, 9793188
186534, 9792551
186115, 9787114
189789, 9787188
180042, 9791824
185528, 9788518
184513, 9789222
183038, 9791380
187259, 9789442
188099, 9789503
181327, 9796120
190209, 9793702
178150, 9783755
180290, 9787007
186327, 9793752
179525, 9796952
182895, 9784038
183805, 9795376
178778, 9792607
188993, 9784687
180035, 9795230
183885, 9795554
179325, 9788372
180342, 9794444
180461, 9794266
190451, 9785998
187186, 9791459
181914, 9784837
180550, 9782287
184798, 9797991
179052, 9789664
185904, 9795514
184653, 9794391
181608, 9786113
185930, 9783978
184139, 9790539
