# Actual number of control cameras to place = 48
174431, 9782231
174431, 9783130
174431, 9783532
174431, 9784726
174431, 9785498
174431, 9787074
174431, 9787822
174431, 9789064
174431, 9789961
174431, 9790592
174431, 9792015
174431, 9792798
176999, 9782231
176999, 9783130
176999, 9783532
176999, 9784726
176999, 9785498
176999, 9787074
176999, 9787822
176999, 9789064
176999, 9789961
176999, 9790592
176999, 9792015
176999, 9792798
177394, 9782231
177394, 9783130
177394, 9783532
177394, 9784726
177394, 9785498
177394, 9787074
177394, 9787822
177394, 9789064
177394, 9789961
177394, 9790592
177394, 9792015
177394, 9792798
179487, 9782231
179487, 9783130
179487, 9783532
179487, 9784726
179487, 9785498
179487, 9787074
179487, 9787822
179487, 9789064
179487, 9789961
179487, 9790592
179487, 9792015
179487, 9792798
