# Actual number of control cameras to place = 60
175171, 9782250
175171, 9783265
175171, 9784110
175171, 9784691
175171, 9786076
175171, 9787181
175171, 9788180
175171, 9788971
175171, 9789946
175171, 9790818
175171, 9791675
175171, 9792598
175818, 9782250
175818, 9783265
175818, 9784110
175818, 9784691
175818, 9786076
175818, 9787181
175818, 9788180
175818, 9788971
175818, 9789946
175818, 9790818
175818, 9791675
175818, 9792598
177178, 9782250
177178, 9783265
177178, 9784110
177178, 9784691
177178, 9786076
177178, 9787181
177178, 9788180
177178, 9788971
177178, 9789946
177178, 9790818
177178, 9791675
177178, 9792598
178425, 9782250
178425, 9783265
178425, 9784110
178425, 9784691
178425, 9786076
178425, 9787181
178425, 9788180
178425, 9788971
178425, 9789946
178425, 9790818
178425, 9791675
178425, 9792598
180400, 9782250
180400, 9783265
180400, 9784110
180400, 9784691
180400, 9786076
180400, 9787181
180400, 9788180
180400, 9788971
180400, 9789946
180400, 9790818
180400, 9791675
180400, 9792598
