# Actual number of control cameras to place = 60
174385, 9782310
174385, 9782856
174385, 9783539
174385, 9784719
174385, 9785943
174385, 9786828
174385, 9787992
174385, 9789070
174385, 9789964
174385, 9790419
174385, 9791352
174385, 9792446
175863, 9782310
175863, 9782856
175863, 9783539
175863, 9784719
175863, 9785943
175863, 9786828
175863, 9787992
175863, 9789070
175863, 9789964
175863, 9790419
175863, 9791352
175863, 9792446
177333, 9782310
177333, 9782856
177333, 9783539
177333, 9784719
177333, 9785943
177333, 9786828
177333, 9787992
177333, 9789070
177333, 9789964
177333, 9790419
177333, 9791352
177333, 9792446
178295, 9782310
178295, 9782856
178295, 9783539
178295, 9784719
178295, 9785943
178295, 9786828
178295, 9787992
178295, 9789070
178295, 9789964
178295, 9790419
178295, 9791352
178295, 9792446
180037, 9782310
180037, 9782856
180037, 9783539
180037, 9784719
180037, 9785943
180037, 9786828
180037, 9787992
180037, 9789070
180037, 9789964
180037, 9790419
180037, 9791352
180037, 9792446
