# Actual number of control cameras to place = 50
178098, 9782399
178098, 9784071
178098, 9786777
178098, 9787651
178098, 9790375
178098, 9790955
178098, 9793532
178098, 9795694
178098, 9796274
178098, 9798087
182677, 9782399
182677, 9784071
182677, 9786777
182677, 9787651
182677, 9790375
182677, 9790955
182677, 9793532
182677, 9795694
182677, 9796274
182677, 9798087
184443, 9782399
184443, 9784071
184443, 9786777
184443, 9787651
184443, 9790375
184443, 9790955
184443, 9793532
184443, 9795694
184443, 9796274
184443, 9798087
186537, 9782399
186537, 9784071
186537, 9786777
186537, 9787651
186537, 9790375
186537, 9790955
186537, 9793532
186537, 9795694
186537, 9796274
186537, 9798087
189796, 9782399
189796, 9784071
189796, 9786777
189796, 9787651
189796, 9790375
189796, 9790955
189796, 9793532
189796, 9795694
189796, 9796274
189796, 9798087
