# Actual number of control cameras to place = 50
178411, 9783500
178411, 9784606
178411, 9785947
178411, 9787928
178411, 9789130
178411, 9790850
178411, 9792553
178411, 9794719
178411, 9796148
178411, 9799246
182072, 9783500
182072, 9784606
182072, 9785947
182072, 9787928
182072, 9789130
182072, 9790850
182072, 9792553
182072, 9794719
182072, 9796148
182072, 9799246
184163, 9783500
184163, 9784606
184163, 9785947
184163, 9787928
184163, 9789130
184163, 9790850
184163, 9792553
184163, 9794719
184163, 9796148
184163, 9799246
186582, 9783500
186582, 9784606
186582, 9785947
186582, 9787928
186582, 9789130
186582, 9790850
186582, 9792553
186582, 9794719
186582, 9796148
186582, 9799246
189274, 9783500
189274, 9784606
189274, 9785947
189274, 9787928
189274, 9789130
189274, 9790850
189274, 9792553
189274, 9794719
189274, 9796148
189274, 9799246
