# Actual number of control cameras to place = 60
174474, 9781927
174474, 9782631
174474, 9783955
174474, 9784905
174474, 9785632
174474, 9786544
174474, 9787943
174474, 9789053
174474, 9790058
174474, 9790927
174474, 9791300
174474, 9792528
176096, 9781927
176096, 9782631
176096, 9783955
176096, 9784905
176096, 9785632
176096, 9786544
176096, 9787943
176096, 9789053
176096, 9790058
176096, 9790927
176096, 9791300
176096, 9792528
177790, 9781927
177790, 9782631
177790, 9783955
177790, 9784905
177790, 9785632
177790, 9786544
177790, 9787943
177790, 9789053
177790, 9790058
177790, 9790927
177790, 9791300
177790, 9792528
179089, 9781927
179089, 9782631
179089, 9783955
179089, 9784905
179089, 9785632
179089, 9786544
179089, 9787943
179089, 9789053
179089, 9790058
179089, 9790927
179089, 9791300
179089, 9792528
180238, 9781927
180238, 9782631
180238, 9783955
180238, 9784905
180238, 9785632
180238, 9786544
180238, 9787943
180238, 9789053
180238, 9790058
180238, 9790927
180238, 9791300
180238, 9792528
