# Actual number of control cameras to place = 50
178723, 9782153
178723, 9784635
178723, 9785814
178723, 9788789
178723, 9789568
178723, 9791925
178723, 9793073
178723, 9795415
178723, 9797202
178723, 9798071
180967, 9782153
180967, 9784635
180967, 9785814
180967, 9788789
180967, 9789568
180967, 9791925
180967, 9793073
180967, 9795415
180967, 9797202
180967, 9798071
183017, 9782153
183017, 9784635
183017, 9785814
183017, 9788789
183017, 9789568
183017, 9791925
183017, 9793073
183017, 9795415
183017, 9797202
183017, 9798071
187265, 9782153
187265, 9784635
187265, 9785814
187265, 9788789
187265, 9789568
187265, 9791925
187265, 9793073
187265, 9795415
187265, 9797202
187265, 9798071
188940, 9782153
188940, 9784635
188940, 9785814
188940, 9788789
188940, 9789568
188940, 9791925
188940, 9793073
188940, 9795415
188940, 9797202
188940, 9798071
