# Actual number of control cameras to place = 60
174287, 9781631
174287, 9783010
174287, 9783864
174287, 9784815
174287, 9785558
174287, 9786675
174287, 9787553
174287, 9788554
174287, 9789401
174287, 9791054
174287, 9791668
174287, 9792716
176366, 9781631
176366, 9783010
176366, 9783864
176366, 9784815
176366, 9785558
176366, 9786675
176366, 9787553
176366, 9788554
176366, 9789401
176366, 9791054
176366, 9791668
176366, 9792716
177124, 9781631
177124, 9783010
177124, 9783864
177124, 9784815
177124, 9785558
177124, 9786675
177124, 9787553
177124, 9788554
177124, 9789401
177124, 9791054
177124, 9791668
177124, 9792716
178589, 9781631
178589, 9783010
178589, 9783864
178589, 9784815
178589, 9785558
178589, 9786675
178589, 9787553
178589, 9788554
178589, 9789401
178589, 9791054
178589, 9791668
178589, 9792716
180211, 9781631
180211, 9783010
180211, 9783864
180211, 9784815
180211, 9785558
180211, 9786675
180211, 9787553
180211, 9788554
180211, 9789401
180211, 9791054
180211, 9791668
180211, 9792716
