# Number of control cameras to place = 54 (includes 54 opportunistic sightings + 0 placed randomly)
178192, 9789655
174802, 9784275
174565, 9784616
178013, 9788104
176567, 9791655
176859, 9791692
174600, 9792840
175830, 9781891
176715, 9783548
178334, 9788844
174098, 9790818
175085, 9788627
177029, 9792929
177398, 9791704
176442, 9781777
180425, 9785094
179510, 9782582
175420, 9791014
180318, 9792232
178282, 9785216
176017, 9784913
180448, 9789981
175710, 9788886
174846, 9781628
175617, 9789528
175000, 9789701
174509, 9790953
178617, 9791567
179111, 9785005
175610, 9787049
179059, 9781648
174049, 9784519
175782, 9790082
180330, 9786473
176799, 9783341
176436, 9790049
178582, 9789964
174222, 9785382
174311, 9782201
176875, 9791848
180214, 9784801
179075, 9784816
174842, 9783013
175993, 9781641
178430, 9781603
174565, 9789835
178099, 9783595
175958, 9785858
178894, 9791165
174886, 9790218
177879, 9782000
175288, 9788879
177673, 9784122
174714, 9791581
