# Number of control cameras to place = 50 (includes 50 opportunistic sightings + 0 placed randomly)
174555, 9790814
178726, 9785339
176550, 9783546
176387, 9792310
175624, 9782755
175131, 9783099
175280, 9790875
174843, 9791684
177834, 9789863
175983, 9786359
176751, 9789804
179604, 9791805
178479, 9791666
175932, 9788644
178151, 9787959
176517, 9788589
178641, 9789872
176938, 9782998
176749, 9786780
178626, 9792770
177349, 9781641
174146, 9782074
180346, 9784353
174288, 9785521
176142, 9787162
177603, 9783058
177592, 9791388
176306, 9787996
178463, 9782176
175074, 9784969
179251, 9789786
177865, 9782722
175695, 9792812
179432, 9784838
178870, 9789997
176973, 9783108
180287, 9785338
179059, 9784400
175674, 9782265
180084, 9785252
176822, 9790651
178966, 9789001
176035, 9785497
180292, 9785848
174242, 9788169
178406, 9781650
180116, 9789047
175424, 9787297
178001, 9788940
179520, 9789291
