# Number of control cameras to place = 50 (includes 50 opportunistic sightings + 0 placed randomly)
174478, 9785399
179933, 9784214
180306, 9790560
175579, 9784657
176875, 9791782
174672, 9781674
180077, 9784142
176200, 9785554
179474, 9783999
175152, 9787895
176491, 9792328
177891, 9787266
177333, 9787894
174631, 9781908
178083, 9785310
177645, 9785228
174914, 9789560
175782, 9788053
179144, 9787452
174274, 9785974
178140, 9789150
179771, 9789817
174454, 9786039
178306, 9784287
179081, 9787205
178866, 9788887
174557, 9786484
180264, 9784016
177860, 9781660
178297, 9785277
176582, 9791474
176446, 9788454
177745, 9790743
178371, 9792842
174388, 9792739
176134, 9789237
175546, 9788984
178402, 9787335
178974, 9784270
174416, 9790136
174523, 9785843
174557, 9788497
177388, 9787274
175528, 9789424
174564, 9783582
176103, 9783262
174872, 9785666
176874, 9790871
176946, 9792212
176422, 9789448
