# Number of control cameras to place = 50 (includes 50 opportunistic sightings + 0 placed randomly)
187171, 9788921
182265, 9791431
189108, 9795718
187341, 9792534
184123, 9794145
184784, 9786931
180711, 9796147
185168, 9793306
179620, 9787035
181298, 9793404
179857, 9796493
177856, 9794762
181255, 9783303
185985, 9786260
187192, 9795063
182177, 9793983
179857, 9790850
183408, 9792698
183559, 9796961
182873, 9793863
182260, 9786283
190589, 9793043
189821, 9785557
188580, 9787602
186950, 9783532
185651, 9797769
178755, 9787849
181369, 9794712
182841, 9786365
185957, 9787503
179560, 9791514
189802, 9783699
180608, 9785383
177725, 9790071
187981, 9784807
182696, 9786993
186443, 9785021
190632, 9789815
189463, 9794523
185969, 9789072
182032, 9782809
187303, 9787286
186681, 9783135
178849, 9791223
182903, 9792916
178341, 9788843
179065, 9798779
181853, 9788089
188383, 9787569
178811, 9794838
