# Number of control cameras to place = 50 (includes 3 opportunistic sightings + 47 placed randomly)
178790, 9782581
177784, 9783371
177934, 9783157
180286, 9792606
179146, 9783050
175455, 9792710
175798, 9781650
175361, 9789155
176333, 9782843
176441, 9792188
177264, 9789245
179574, 9791806
180336, 9787081
174128, 9783137
179377, 9782049
177127, 9785720
174874, 9792873
174125, 9789108
174620, 9786303
175655, 9791691
175561, 9783629
177890, 9791240
179700, 9784787
177419, 9783687
177688, 9785610
174323, 9789074
176302, 9783554
176307, 9790594
175269, 9781752
176309, 9788133
178447, 9790431
178152, 9789542
177667, 9792197
174189, 9782348
175714, 9783360
178368, 9781883
177141, 9791793
178394, 9789463
178682, 9788818
175142, 9782815
177255, 9788561
174064, 9785309
174694, 9791538
177748, 9790009
177691, 9793018
180343, 9788181
178291, 9783015
175162, 9788731
178927, 9785104
175521, 9782350
