# Number of control cameras to place = 50 (includes 4 opportunistic sightings + 46 placed randomly)
178210, 9789931
178369, 9789751
178112, 9790804
178436, 9790396
188203, 9795601
185789, 9792587
180275, 9793659
183144, 9795593
190402, 9796499
181614, 9784447
180316, 9789704
181998, 9789862
183914, 9792512
186743, 9783658
188024, 9783127
178295, 9798003
179479, 9782439
184323, 9787682
180974, 9795889
186245, 9787167
177936, 9785734
188867, 9785977
183297, 9792093
188312, 9794021
184017, 9793279
178240, 9786443
178277, 9784954
185705, 9785681
182408, 9797030
182467, 9789684
186748, 9783925
182309, 9796629
186347, 9797641
187528, 9784417
184517, 9787628
181196, 9794746
184139, 9796147
183817, 9785397
188724, 9789245
187016, 9790270
190705, 9788358
183966, 9785992
183825, 9792996
180236, 9789860
184597, 9783998
187682, 9787379
188275, 9793891
185217, 9795817
187533, 9789104
183084, 9789295
