# Number of control cameras to place = 50 (includes 50 opportunistic sightings + 0 placed randomly)
185288, 9792430
183407, 9783985
182608, 9782839
181798, 9791572
178321, 9796374
179649, 9786768
184689, 9788088
185117, 9797916
183556, 9794811
184699, 9790324
179661, 9798648
185677, 9785938
189649, 9785830
181212, 9787050
181645, 9784275
185769, 9785097
184186, 9783044
186242, 9789563
190374, 9790746
188830, 9799183
185654, 9786052
188357, 9785663
185039, 9799232
178965, 9783088
184015, 9786231
189392, 9791680
188829, 9785347
188188, 9787285
179216, 9797737
181540, 9790392
183515, 9787580
186137, 9795691
182384, 9798822
190225, 9797614
188426, 9785068
181034, 9798212
187844, 9789644
190350, 9785152
190349, 9796964
190477, 9787513
178778, 9787307
181181, 9791625
184858, 9797125
184127, 9794200
187995, 9790861
181702, 9797046
181709, 9788175
186304, 9796720
182392, 9787895
180039, 9794076
