# Actual number of control cameras to place = 48
174640, 9782115
174640, 9782792
174640, 9783626
174640, 9785012
174640, 9786142
174640, 9787113
174640, 9787810
174640, 9789072
174640, 9789821
174640, 9790459
174640, 9791830
174640, 9792372
176807, 9782115
176807, 9782792
176807, 9783626
176807, 9785012
176807, 9786142
176807, 9787113
176807, 9787810
176807, 9789072
176807, 9789821
176807, 9790459
176807, 9791830
176807, 9792372
177495, 9782115
177495, 9782792
177495, 9783626
177495, 9785012
177495, 9786142
177495, 9787113
177495, 9787810
177495, 9789072
177495, 9789821
177495, 9790459
177495, 9791830
177495, 9792372
179317, 9782115
179317, 9782792
179317, 9783626
179317, 9785012
179317, 9786142
179317, 9787113
179317, 9787810
179317, 9789072
179317, 9789821
179317, 9790459
179317, 9791830
179317, 9792372
