# Actual number of control cameras to place = 50
178312, 9783199
178312, 9783883
178312, 9785918
178312, 9787367
178312, 9789429
178312, 9791952
178312, 9793214
178312, 9794276
178312, 9796652
178312, 9798675
181594, 9783199
181594, 9783883
181594, 9785918
181594, 9787367
181594, 9789429
181594, 9791952
181594, 9793214
181594, 9794276
181594, 9796652
181594, 9798675
185178, 9783199
185178, 9783883
185178, 9785918
185178, 9787367
185178, 9789429
185178, 9791952
185178, 9793214
185178, 9794276
185178, 9796652
185178, 9798675
185854, 9783199
185854, 9783883
185854, 9785918
185854, 9787367
185854, 9789429
185854, 9791952
185854, 9793214
185854, 9794276
185854, 9796652
185854, 9798675
189721, 9783199
189721, 9783883
189721, 9785918
189721, 9787367
189721, 9789429
189721, 9791952
189721, 9793214
189721, 9794276
189721, 9796652
189721, 9798675
