# Actual number of control cameras to place = 48
174347, 9782261
174347, 9782680
174347, 9783895
174347, 9784943
174347, 9786036
174347, 9786493
174347, 9787529
174347, 9788741
174347, 9789898
174347, 9790662
174347, 9791703
174347, 9792992
176494, 9782261
176494, 9782680
176494, 9783895
176494, 9784943
176494, 9786036
176494, 9786493
176494, 9787529
176494, 9788741
176494, 9789898
176494, 9790662
176494, 9791703
176494, 9792992
178719, 9782261
178719, 9782680
178719, 9783895
178719, 9784943
178719, 9786036
178719, 9786493
178719, 9787529
178719, 9788741
178719, 9789898
178719, 9790662
178719, 9791703
178719, 9792992
179442, 9782261
179442, 9782680
179442, 9783895
179442, 9784943
179442, 9786036
179442, 9786493
179442, 9787529
179442, 9788741
179442, 9789898
179442, 9790662
179442, 9791703
179442, 9792992
