# Actual number of control cameras to place = 60
174988, 9781915
174988, 9782895
174988, 9784059
174988, 9785023
174988, 9786120
174988, 9786943
174988, 9787850
174988, 9788963
174988, 9789706
174988, 9791060
174988, 9791355
174988, 9792582
176239, 9781915
176239, 9782895
176239, 9784059
176239, 9785023
176239, 9786120
176239, 9786943
176239, 9787850
176239, 9788963
176239, 9789706
176239, 9791060
176239, 9791355
176239, 9792582
177176, 9781915
177176, 9782895
177176, 9784059
177176, 9785023
177176, 9786120
177176, 9786943
177176, 9787850
177176, 9788963
177176, 9789706
177176, 9791060
177176, 9791355
177176, 9792582
178730, 9781915
178730, 9782895
178730, 9784059
178730, 9785023
178730, 9786120
178730, 9786943
178730, 9787850
178730, 9788963
178730, 9789706
178730, 9791060
178730, 9791355
178730, 9792582
180377, 9781915
180377, 9782895
180377, 9784059
180377, 9785023
180377, 9786120
180377, 9786943
180377, 9787850
180377, 9788963
180377, 9789706
180377, 9791060
180377, 9791355
180377, 9792582
