# Actual number of control cameras to place = 50
179388, 9782658
179388, 9784538
179388, 9786884
179388, 9787553
179388, 9790449
179388, 9791243
179388, 9792685
179388, 9794318
179388, 9796223
179388, 9798288
182637, 9782658
182637, 9784538
182637, 9786884
182637, 9787553
182637, 9790449
182637, 9791243
182637, 9792685
182637, 9794318
182637, 9796223
182637, 9798288
185136, 9782658
185136, 9784538
185136, 9786884
185136, 9787553
185136, 9790449
185136, 9791243
185136, 9792685
185136, 9794318
185136, 9796223
185136, 9798288
187605, 9782658
187605, 9784538
187605, 9786884
187605, 9787553
187605, 9790449
187605, 9791243
187605, 9792685
187605, 9794318
187605, 9796223
187605, 9798288
189159, 9782658
189159, 9784538
189159, 9786884
189159, 9787553
189159, 9790449
189159, 9791243
189159, 9792685
189159, 9794318
189159, 9796223
189159, 9798288
