# Actual number of control cameras to place = 50
178477, 9782612
178477, 9784821
178477, 9786382
178477, 9787969
178477, 9789659
178477, 9791806
178477, 9792854
178477, 9794924
178477, 9796269
178477, 9797820
180848, 9782612
180848, 9784821
180848, 9786382
180848, 9787969
180848, 9789659
180848, 9791806
180848, 9792854
180848, 9794924
180848, 9796269
180848, 9797820
183679, 9782612
183679, 9784821
183679, 9786382
183679, 9787969
183679, 9789659
183679, 9791806
183679, 9792854
183679, 9794924
183679, 9796269
183679, 9797820
187169, 9782612
187169, 9784821
187169, 9786382
187169, 9787969
187169, 9789659
187169, 9791806
187169, 9792854
187169, 9794924
187169, 9796269
187169, 9797820
189450, 9782612
189450, 9784821
189450, 9786382
189450, 9787969
189450, 9789659
189450, 9791806
189450, 9792854
189450, 9794924
189450, 9796269
189450, 9797820
