# Actual number of control cameras to place = 50
179115, 9782276
179115, 9784043
179115, 9787094
179115, 9788388
179115, 9789728
179115, 9791906
179115, 9793818
179115, 9795109
179115, 9796162
179115, 9798509
181044, 9782276
181044, 9784043
181044, 9787094
181044, 9788388
181044, 9789728
181044, 9791906
181044, 9793818
181044, 9795109
181044, 9796162
181044, 9798509
185281, 9782276
185281, 9784043
185281, 9787094
185281, 9788388
185281, 9789728
185281, 9791906
185281, 9793818
185281, 9795109
185281, 9796162
185281, 9798509
187340, 9782276
187340, 9784043
187340, 9787094
187340, 9788388
187340, 9789728
187340, 9791906
187340, 9793818
187340, 9795109
187340, 9796162
187340, 9798509
189361, 9782276
189361, 9784043
189361, 9787094
189361, 9788388
189361, 9789728
189361, 9791906
189361, 9793818
189361, 9795109
189361, 9796162
189361, 9798509
