# Actual number of control cameras to place = 48
174795, 9782175
174795, 9782706
174795, 9783646
174795, 9785168
174795, 9785641
174795, 9786969
174795, 9787500
174795, 9788437
174795, 9789404
174795, 9790928
174795, 9791376
174795, 9792679
176735, 9782175
176735, 9782706
176735, 9783646
176735, 9785168
176735, 9785641
176735, 9786969
176735, 9787500
176735, 9788437
176735, 9789404
176735, 9790928
176735, 9791376
176735, 9792679
177733, 9782175
177733, 9782706
177733, 9783646
177733, 9785168
177733, 9785641
177733, 9786969
177733, 9787500
177733, 9788437
177733, 9789404
177733, 9790928
177733, 9791376
177733, 9792679
180454, 9782175
180454, 9782706
180454, 9783646
180454, 9785168
180454, 9785641
180454, 9786969
180454, 9787500
180454, 9788437
180454, 9789404
180454, 9790928
180454, 9791376
180454, 9792679
