# Number of control cameras to place = 54 (includes 54 opportunistic sightings + 0 placed randomly)
180330, 9791715
174277, 9782414
179541, 9788401
175368, 9783995
178342, 9786438
175163, 9789449
175082, 9785054
176618, 9784768
178536, 9786019
174259, 9786603
174639, 9791654
180305, 9786807
178485, 9782347
179908, 9782240
177455, 9783701
178274, 9787468
176688, 9793016
179931, 9792325
179352, 9788691
178634, 9786761
174282, 9786792
178695, 9790499
175907, 9788019
178785, 9791744
176807, 9785404
180340, 9789784
179047, 9790144
178196, 9792931
178961, 9791740
176214, 9789111
176278, 9788349
177899, 9782873
174384, 9792268
179453, 9788746
178815, 9784926
179798, 9787703
180054, 9789510
174304, 9788290
177417, 9786463
174457, 9782083
175493, 9791545
178103, 9781815
178701, 9792219
176661, 9781981
177825, 9782394
178353, 9785316
179450, 9785797
175598, 9784188
175578, 9783902
175452, 9788298
179677, 9787408
174983, 9786295
177700, 9790496
175610, 9784679
