# Number of control cameras to place = 50 (includes 50 opportunistic sightings + 0 placed randomly)
175350, 9783633
179380, 9791671
178066, 9791904
174220, 9783794
180266, 9790357
180287, 9786284
179385, 9781969
178994, 9784850
174401, 9792746
174095, 9786458
174114, 9784941
179205, 9784242
175144, 9783886
175987, 9792932
177489, 9792619
178382, 9787331
177118, 9790317
178057, 9790132
176533, 9788209
175548, 9786874
177825, 9783829
177174, 9792282
180218, 9792255
176662, 9791414
177302, 9792000
177393, 9787797
179631, 9789973
178440, 9792856
179915, 9787750
174431, 9783677
179239, 9782075
178688, 9784557
180037, 9782978
179318, 9786837
175643, 9786387
175831, 9792736
177094, 9782591
177052, 9783280
179840, 9782743
180047, 9790824
178692, 9783345
174543, 9789629
175811, 9792329
175802, 9791228
174897, 9784532
179431, 9785880
179820, 9790853
178865, 9785290
174726, 9788750
179621, 9784133
