# Number of control cameras to place = 54 (includes 54 opportunistic sightings + 0 placed randomly)
174212, 9792586
178925, 9792170
177899, 9782858
177511, 9786078
177299, 9788264
176482, 9783959
180239, 9785346
179034, 9785360
179673, 9784021
178875, 9792322
178052, 9783248
179047, 9782068
179333, 9787794
180191, 9786686
174518, 9788335
178339, 9784583
179839, 9787248
179324, 9789044
178084, 9790903
180495, 9784767
178363, 9789694
175929, 9782132
175295, 9784535
175586, 9786228
174728, 9792152
177434, 9791637
174500, 9787574
179156, 9783490
178527, 9785388
174500, 9792879
174630, 9789953
180214, 9787822
176436, 9792166
179186, 9790570
178630, 9782213
178377, 9789405
174347, 9785375
177241, 9787455
177107, 9789762
179810, 9792319
176689, 9785679
176753, 9790627
180210, 9788387
179569, 9788492
179916, 9782936
175779, 9789187
177561, 9791449
177499, 9789282
175136, 9781969
175223, 9787261
174970, 9790809
175488, 9787071
174322, 9782233
178879, 9783094
