# Number of control cameras to place = 50 (includes 50 opportunistic sightings + 0 placed randomly)
185541, 9796160
184226, 9783645
190252, 9798867
179993, 9794146
177989, 9793655
189938, 9783803
180749, 9797639
182531, 9795827
187398, 9783392
180073, 9786210
189738, 9797638
185303, 9788239
184494, 9787173
189341, 9784121
180715, 9796315
189333, 9794404
180275, 9795648
184925, 9785857
186687, 9797343
185995, 9798036
186171, 9787361
184847, 9785206
181559, 9798509
182844, 9788555
189831, 9785105
184286, 9782183
189005, 9796539
183904, 9786624
187482, 9787650
178733, 9790594
180486, 9795108
188505, 9784719
186767, 9785892
181110, 9782743
187724, 9787554
180354, 9795466
188172, 9788322
190405, 9795906
190593, 9793836
189978, 9785887
183682, 9789652
187581, 9786219
187773, 9790732
183552, 9792723
189638, 9782104
186431, 9784891
186286, 9798052
178363, 9782764
182247, 9786445
182223, 9788539
