# Number of control cameras to place = 50 (includes 50 opportunistic sightings + 0 placed randomly)
179614, 9790713
177773, 9786111
189182, 9783262
185422, 9789299
184018, 9791186
180316, 9793873
181358, 9793228
186686, 9795911
186798, 9795089
186523, 9791012
186005, 9782356
181984, 9783574
177997, 9793740
190289, 9785488
189585, 9790294
179333, 9791080
182558, 9794010
185019, 9785658
185422, 9793618
182461, 9794161
190066, 9791125
185617, 9785015
181775, 9793471
188101, 9797037
181788, 9789600
190237, 9783363
183922, 9783395
188416, 9792865
183810, 9795357
181736, 9787812
178260, 9785497
183564, 9791764
189216, 9790477
190391, 9794362
180702, 9794451
179335, 9791596
184055, 9784402
189800, 9798821
189626, 9793649
189999, 9785354
182900, 9795647
178676, 9783851
179223, 9798257
179370, 9791446
190452, 9787672
190016, 9796334
181624, 9787941
186746, 9785512
180068, 9785418
178954, 9785742
