# Number of control cameras to place = 50 (includes 50 opportunistic sightings + 0 placed randomly)
183013, 9789522
179174, 9793825
179959, 9793768
186470, 9794425
178577, 9786862
180458, 9795323
189284, 9797525
182164, 9790734
184059, 9798673
187866, 9782308
182441, 9783693
186059, 9798371
183215, 9790515
184756, 9790981
185052, 9788370
185472, 9784809
179149, 9783500
182068, 9789973
186365, 9797871
179270, 9787926
177956, 9789364
179218, 9794174
186576, 9789625
186184, 9799156
187071, 9786442
182125, 9790209
181306, 9797159
180186, 9788488
187298, 9786236
182924, 9784264
187864, 9795702
183956, 9786112
187256, 9791208
180423, 9783416
187566, 9787079
179513, 9792184
185645, 9788528
181468, 9786786
188177, 9798387
179011, 9792748
185737, 9791006
186480, 9785978
187812, 9794522
186348, 9793484
189573, 9789660
177847, 9790636
181240, 9798338
188729, 9782226
179999, 9785205
189633, 9793012
