# Number of control cameras to place = 50 (includes 50 opportunistic sightings + 0 placed randomly)
178926, 9788574
189000, 9797791
187214, 9789905
182198, 9783711
179286, 9798452
182584, 9788731
181196, 9793214
184601, 9784302
186785, 9789984
189452, 9783956
184235, 9796127
180923, 9796376
182100, 9783229
180422, 9795534
187803, 9798110
178861, 9787384
181162, 9798303
187205, 9795316
179884, 9788664
183698, 9794824
179141, 9784714
183362, 9798924
180796, 9790134
181168, 9787045
188783, 9794614
187012, 9783753
189728, 9794774
182063, 9784523
187422, 9784884
179202, 9784549
179124, 9791786
189569, 9785506
189415, 9790938
182151, 9788789
182827, 9782293
183942, 9792042
181413, 9788143
185321, 9787422
181159, 9788117
187812, 9798805
188014, 9788956
177761, 9797514
178408, 9794890
184008, 9785622
183691, 9784135
182742, 9798440
181282, 9798960
182556, 9792088
180879, 9797909
188134, 9782659
