# Number of control cameras to place = 50 (includes 50 opportunistic sightings + 0 placed randomly)
176091, 9787995
175542, 9790900
178133, 9782418
176477, 9789699
177085, 9790863
176902, 9789068
174662, 9787591
180492, 9785074
178135, 9788085
177905, 9792419
175967, 9788613
179000, 9787816
176031, 9782448
179166, 9789940
178477, 9788897
175685, 9783242
177971, 9785310
176894, 9791711
178521, 9785968
175415, 9792367
176436, 9790027
177999, 9786643
174957, 9785349
178064, 9785870
178004, 9789433
174483, 9788889
176766, 9789131
175318, 9789850
175891, 9787822
174968, 9783388
176359, 9786497
174170, 9790009
174052, 9786090
174142, 9784004
177408, 9782236
178495, 9784300
177833, 9787972
178756, 9788959
177492, 9782715
174849, 9789482
177859, 9789456
174432, 9782996
179539, 9781665
179093, 9790573
177413, 9788336
179499, 9785194
175968, 9785431
179582, 9789168
177142, 9792940
175447, 9785266
