# Number of control cameras to place = 50 (includes 4 opportunistic sightings + 46 placed randomly)
174163, 9786382
177541, 9786486
174809, 9787053
177777, 9786462
177138, 9783475
179449, 9782032
176323, 9789984
180074, 9785065
177170, 9790647
179486, 9787019
178971, 9791502
180380, 9789857
177043, 9792738
175567, 9782686
177978, 9783091
176274, 9785777
175274, 9783446
180360, 9788791
180396, 9782450
177366, 9783858
178012, 9783563
179914, 9787503
176466, 9791183
176614, 9783243
174637, 9791820
180108, 9791326
179577, 9784133
177730, 9787153
180030, 9783223
174061, 9791026
178907, 9783256
175326, 9786266
175699, 9792812
174920, 9791391
175281, 9785681
179605, 9782525
177900, 9789816
179993, 9790759
176256, 9786136
180162, 9788862
176811, 9790278
177113, 9789853
176394, 9784974
178835, 9787000
175756, 9787847
174308, 9785030
177764, 9783805
177248, 9787640
176370, 9785133
178740, 9782168
