# Number of control cameras to place = 54 (includes 17 opportunistic sightings + 37 placed randomly)
175685, 9785458
177475, 9782759
179808, 9785467
180156, 9785047
178988, 9787686
177701, 9785246
179449, 9786434
180340, 9785945
177196, 9782854
179281, 9787375
175000, 9785809
179399, 9786697
175700, 9785501
179275, 9788009
178612, 9789444
178829, 9787898
178376, 9791163
180286, 9781717
177180, 9784162
175117, 9784116
175084, 9781685
174450, 9782666
180373, 9785312
179406, 9792573
176999, 9791958
179882, 9784015
177946, 9791263
177699, 9791844
175695, 9786339
180356, 9781798
177622, 9784077
174262, 9790594
178281, 9784367
175713, 9781628
176469, 9781853
178043, 9784844
178850, 9781620
176158, 9789976
175104, 9783451
174437, 9789639
179830, 9791066
174341, 9792212
178583, 9789234
177401, 9786974
174994, 9784577
176461, 9782269
175329, 9792063
176017, 9787109
175835, 9785939
175405, 9790502
178261, 9790283
176602, 9786273
179893, 9783348
175308, 9785622
