# Actual number of control cameras to place = 48
175168, 9782023
175168, 9783086
175168, 9783867
175168, 9784756
175168, 9786219
175168, 9786648
175168, 9788083
175168, 9789133
175168, 9789518
175168, 9790348
175168, 9791620
175168, 9792712
176676, 9782023
176676, 9783086
176676, 9783867
176676, 9784756
176676, 9786219
176676, 9786648
176676, 9788083
176676, 9789133
176676, 9789518
176676, 9790348
176676, 9791620
176676, 9792712
177974, 9782023
177974, 9783086
177974, 9783867
177974, 9784756
177974, 9786219
177974, 9786648
177974, 9788083
177974, 9789133
177974, 9789518
177974, 9790348
177974, 9791620
177974, 9792712
179138, 9782023
179138, 9783086
179138, 9783867
179138, 9784756
179138, 9786219
179138, 9786648
179138, 9788083
179138, 9789133
179138, 9789518
179138, 9790348
179138, 9791620
179138, 9792712
