# Actual number of control cameras to place = 50
178007, 9782921
178007, 9784811
178007, 9785852
178007, 9787942
178007, 9789838
178007, 9791385
178007, 9793282
178007, 9795243
178007, 9796701
178007, 9798480
181540, 9782921
181540, 9784811
181540, 9785852
181540, 9787942
181540, 9789838
181540, 9791385
181540, 9793282
181540, 9795243
181540, 9796701
181540, 9798480
184023, 9782921
184023, 9784811
184023, 9785852
184023, 9787942
184023, 9789838
184023, 9791385
184023, 9793282
184023, 9795243
184023, 9796701
184023, 9798480
187300, 9782921
187300, 9784811
187300, 9785852
187300, 9787942
187300, 9789838
187300, 9791385
187300, 9793282
187300, 9795243
187300, 9796701
187300, 9798480
188746, 9782921
188746, 9784811
188746, 9785852
188746, 9787942
188746, 9789838
188746, 9791385
188746, 9793282
188746, 9795243
188746, 9796701
188746, 9798480
