# Actual number of control cameras to place = 48
175442, 9782139
175442, 9782997
175442, 9783892
175442, 9784991
175442, 9785506
175442, 9786837
175442, 9788106
175442, 9788676
175442, 9790085
175442, 9791000
175442, 9791476
175442, 9792565
176211, 9782139
176211, 9782997
176211, 9783892
176211, 9784991
176211, 9785506
176211, 9786837
176211, 9788106
176211, 9788676
176211, 9790085
176211, 9791000
176211, 9791476
176211, 9792565
177507, 9782139
177507, 9782997
177507, 9783892
177507, 9784991
177507, 9785506
177507, 9786837
177507, 9788106
177507, 9788676
177507, 9790085
177507, 9791000
177507, 9791476
177507, 9792565
179243, 9782139
179243, 9782997
179243, 9783892
179243, 9784991
179243, 9785506
179243, 9786837
179243, 9788106
179243, 9788676
179243, 9790085
179243, 9791000
179243, 9791476
179243, 9792565
