# Actual number of control cameras to place = 60
174913, 9782096
174913, 9782600
174913, 9783571
174913, 9785106
174913, 9786019
174913, 9786749
174913, 9787460
174913, 9789086
174913, 9789980
174913, 9790634
174913, 9791762
174913, 9792400
176090, 9782096
176090, 9782600
176090, 9783571
176090, 9785106
176090, 9786019
176090, 9786749
176090, 9787460
176090, 9789086
176090, 9789980
176090, 9790634
176090, 9791762
176090, 9792400
177214, 9782096
177214, 9782600
177214, 9783571
177214, 9785106
177214, 9786019
177214, 9786749
177214, 9787460
177214, 9789086
177214, 9789980
177214, 9790634
177214, 9791762
177214, 9792400
178738, 9782096
178738, 9782600
178738, 9783571
178738, 9785106
178738, 9786019
178738, 9786749
178738, 9787460
178738, 9789086
178738, 9789980
178738, 9790634
178738, 9791762
178738, 9792400
180041, 9782096
180041, 9782600
180041, 9783571
180041, 9785106
180041, 9786019
180041, 9786749
180041, 9787460
180041, 9789086
180041, 9789980
180041, 9790634
180041, 9791762
180041, 9792400
