# Actual number of control cameras to place = 50
178610, 9782844
178610, 9784390
178610, 9786301
178610, 9788694
178610, 9790551
178610, 9792039
178610, 9792965
178610, 9794946
178610, 9797377
178610, 9799135
180507, 9782844
180507, 9784390
180507, 9786301
180507, 9788694
180507, 9790551
180507, 9792039
180507, 9792965
180507, 9794946
180507, 9797377
180507, 9799135
183426, 9782844
183426, 9784390
183426, 9786301
183426, 9788694
183426, 9790551
183426, 9792039
183426, 9792965
183426, 9794946
183426, 9797377
183426, 9799135
186663, 9782844
186663, 9784390
186663, 9786301
186663, 9788694
186663, 9790551
186663, 9792039
186663, 9792965
186663, 9794946
186663, 9797377
186663, 9799135
188540, 9782844
188540, 9784390
188540, 9786301
188540, 9788694
188540, 9790551
188540, 9792039
188540, 9792965
188540, 9794946
188540, 9797377
188540, 9799135
