# Number of control cameras to place = 50 (includes 50 opportunistic sightings + 0 placed randomly)
174244, 9781760
176525, 9783730
180097, 9792911
175763, 9787883
175359, 9787786
178190, 9790383
174620, 9786626
177805, 9783715
174965, 9784966
178419, 9786190
178173, 9785376
175590, 9786213
174779, 9790883
176839, 9788435
174366, 9789319
174818, 9781647
176894, 9782065
176326, 9788213
175945, 9786462
178740, 9786986
176619, 9789493
175583, 9786761
174792, 9786666
176183, 9788933
175051, 9786845
179341, 9788785
177691, 9787525
175965, 9787758
176814, 9791675
178665, 9789766
179763, 9784650
174181, 9789062
180354, 9787635
176684, 9783921
180451, 9790378
177816, 9785544
174719, 9785106
180071, 9788610
179433, 9792305
178221, 9790546
179066, 9786166
175616, 9789393
177037, 9792671
178749, 9785876
177238, 9791258
174742, 9789603
174999, 9785065
175011, 9788301
179426, 9785146
179292, 9791792
