# Number of control cameras to place = 54 (includes 54 opportunistic sightings + 0 placed randomly)
174723, 9792665
177827, 9783030
176599, 9792217
176831, 9791237
178683, 9789185
174651, 9788031
177207, 9783894
174325, 9790481
177644, 9783052
178041, 9790281
175499, 9789199
179690, 9792006
176084, 9781626
174203, 9785561
179471, 9790560
175333, 9789294
175611, 9787845
178962, 9787009
176182, 9781860
174066, 9782007
179475, 9792399
176666, 9781838
176083, 9792813
177352, 9788775
175080, 9785705
177469, 9787976
175317, 9787974
178502, 9782596
176208, 9785090
177624, 9792618
176107, 9791984
175837, 9782870
175846, 9792438
176474, 9782228
178661, 9791714
177538, 9786401
177223, 9788115
178423, 9786154
180364, 9786519
178073, 9783365
174327, 9783576
177181, 9792032
176205, 9788890
174246, 9788938
174412, 9785982
179760, 9790798
178960, 9782080
175389, 9785314
174138, 9788741
175978, 9788220
176686, 9792081
177061, 9788568
176728, 9790036
174241, 9782055
