# Number of control cameras to place = 54 (includes 54 opportunistic sightings + 0 placed randomly)
174752, 9785460
175475, 9788253
179664, 9786283
178841, 9786063
177408, 9791825
180303, 9792249
174553, 9785081
176026, 9782896
177339, 9788698
179788, 9784209
178940, 9789388
175133, 9791587
178186, 9786127
176948, 9788440
174852, 9790193
175046, 9787249
179136, 9790223
178622, 9790770
178831, 9783559
180185, 9782615
175208, 9791376
177794, 9791377
175382, 9786966
175442, 9785936
179287, 9785557
176216, 9785059
180080, 9789272
180153, 9787273
180451, 9782109
177363, 9786463
178821, 9787568
176209, 9789613
176512, 9791895
176431, 9788690
174517, 9782559
180196, 9784727
177533, 9786883
178663, 9787694
179172, 9790525
174331, 9787850
177438, 9789768
176563, 9786160
177663, 9792484
176549, 9783613
174952, 9786234
179075, 9783456
177837, 9781871
176613, 9787865
178639, 9789077
176610, 9791514
179062, 9789022
174108, 9790902
176220, 9791824
175076, 9782931
