# Number of control cameras to place = 54 (includes 54 opportunistic sightings + 0 placed randomly)
177133, 9783994
178823, 9792278
174127, 9781760
179403, 9783158
174694, 9789379
178393, 9783919
174837, 9787972
177315, 9792829
177968, 9781626
177866, 9784952
174438, 9786874
177849, 9782346
178110, 9792280
180092, 9787304
179025, 9786876
176549, 9788017
178060, 9790203
178651, 9786632
178844, 9787838
178217, 9786905
175982, 9788671
178626, 9785892
176863, 9791003
179728, 9782936
174180, 9788213
174857, 9791743
174268, 9781975
177293, 9784906
175138, 9789057
178036, 9791738
178201, 9784450
179795, 9783552
178896, 9782403
176286, 9790115
176162, 9784595
178376, 9790792
175878, 9785536
174614, 9783285
179430, 9789038
174471, 9786471
174673, 9791944
179230, 9785242
179554, 9789025
177928, 9784068
178368, 9788380
177616, 9789700
176612, 9789793
176780, 9791081
180481, 9782635
179417, 9784053
175722, 9788946
176518, 9786227
176695, 9790701
179664, 9792349
