# Number of control cameras to place = 54 (includes 54 opportunistic sightings + 0 placed randomly)
177446, 9782767
175883, 9791154
174945, 9782302
174440, 9788777
174327, 9783063
178166, 9784405
180006, 9787475
178033, 9789622
175295, 9792694
175164, 9783637
179682, 9789793
175868, 9792508
178732, 9790354
180211, 9785807
174939, 9787207
179672, 9788134
177803, 9789980
174764, 9791885
179347, 9788558
178967, 9790386
175841, 9786527
174317, 9787222
178194, 9789033
180086, 9781963
175432, 9789903
175580, 9791766
178450, 9782731
178834, 9787181
179627, 9788373
177316, 9789658
175342, 9783455
178293, 9788390
178619, 9789452
176293, 9788182
178877, 9784108
180372, 9786459
176971, 9785401
178868, 9781831
179033, 9786109
175204, 9785419
177573, 9787200
174541, 9785001
178079, 9786187
175190, 9787146
175264, 9782185
179267, 9790993
175601, 9785581
177058, 9787379
178146, 9791987
174508, 9792049
176060, 9786533
176910, 9791493
175568, 9788310
180334, 9790281
