# Number of control cameras to place = 50 (includes 50 opportunistic sightings + 0 placed randomly)
185700, 9794660
189275, 9795185
184076, 9795198
184237, 9782529
189194, 9797179
180209, 9791300
177993, 9786655
182397, 9784010
183109, 9787368
190451, 9798568
183310, 9797880
183971, 9784912
178142, 9793612
182514, 9787102
188144, 9798960
185134, 9792276
186357, 9788378
187701, 9785703
189916, 9782309
185513, 9782392
183893, 9797433
181930, 9782850
184805, 9782434
181246, 9792969
179655, 9792175
178452, 9798349
177991, 9786555
189071, 9798820
185387, 9785332
181804, 9798585
182034, 9794806
182533, 9786447
182629, 9786639
188686, 9784096
190640, 9791158
187938, 9788503
185059, 9789258
187063, 9795979
183607, 9787914
182322, 9796600
182718, 9787445
190140, 9791471
180773, 9795405
180155, 9789301
183996, 9783056
185603, 9793817
188986, 9799140
181566, 9784145
189418, 9787916
190144, 9790542
