# Number of control cameras to place = 54 (includes 54 opportunistic sightings + 0 placed randomly)
175468, 9786633
175259, 9781787
174106, 9788891
180058, 9784688
178437, 9791566
176962, 9786352
176388, 9783518
177676, 9791757
177122, 9784734
179471, 9782867
176707, 9788054
175884, 9789496
175349, 9788911
175231, 9784895
178151, 9785580
177820, 9782669
174418, 9788011
174764, 9788850
179712, 9789899
178240, 9785133
175069, 9789219
177655, 9784334
179540, 9785162
178483, 9791362
178218, 9787219
176662, 9783535
174518, 9787149
179420, 9791540
178880, 9792507
175560, 9788199
179522, 9792123
176826, 9790403
174163, 9790584
176269, 9781885
176289, 9785204
179059, 9790413
179111, 9784469
177925, 9787817
177519, 9788180
177448, 9781936
177036, 9782799
176210, 9787896
180465, 9789144
176514, 9790344
177708, 9786875
180500, 9785221
176779, 9791727
177139, 9792453
179630, 9786030
178760, 9790205
179521, 9789726
180071, 9790284
174204, 9783309
178923, 9791077
