# Number of control cameras to place = 54 (includes 0 opportunistic sightings + 54 placed randomly)
178547, 9784251
178628, 9788234
177335, 9791926
180332, 9790734
175759, 9792941
178005, 9784608
177068, 9791820
176836, 9790176
178597, 9788005
175631, 9784972
179473, 9789843
179958, 9783815
177241, 9785444
177299, 9788918
180043, 9792272
178774, 9785261
178570, 9784657
178198, 9784486
177699, 9788176
178104, 9789139
176581, 9790640
179181, 9789859
178396, 9792101
180169, 9788376
176424, 9788118
178963, 9783489
176919, 9787532
177198, 9789487
179975, 9784309
175309, 9787504
175856, 9787392
175948, 9791432
180467, 9783290
175214, 9788009
176849, 9781951
178327, 9781908
174882, 9782566
178338, 9786226
178921, 9783904
176814, 9785675
179047, 9783394
179868, 9790534
177922, 9785506
176919, 9782449
177672, 9791659
179364, 9782021
180184, 9790639
178301, 9784448
174319, 9788150
174437, 9785462
179617, 9786103
179248, 9788272
177240, 9782818
174516, 9782156
