# Number of control cameras to place = 50 (includes 10 opportunistic sightings + 40 placed randomly)
174233, 9785821
178368, 9786257
176790, 9787048
174809, 9787053
174809, 9787053
178282, 9786250
176790, 9787048
174857, 9786928
176790, 9787048
176790, 9787048
179621, 9785684
178716, 9791505
180092, 9786120
174929, 9789017
174243, 9784640
176570, 9790320
180268, 9785726
178361, 9789091
179175, 9792899
178140, 9789044
175569, 9790515
179298, 9787567
176780, 9787362
176101, 9783737
175712, 9792913
179125, 9785585
180312, 9783160
176125, 9784604
179371, 9791246
179906, 9786709
178885, 9788645
179213, 9789833
179303, 9792416
174593, 9786508
174741, 9786772
178502, 9792326
178239, 9782553
174327, 9788826
180187, 9791166
175025, 9787221
175011, 9783991
174360, 9781871
174600, 9792763
177797, 9782809
174138, 9785690
178303, 9784246
174472, 9789974
175086, 9785692
174944, 9784935
179889, 9782373
