# Number of control cameras to place = 50 (includes 8 opportunistic sightings + 42 placed randomly)
176397, 9784744
175745, 9784515
179568, 9785823
178612, 9782485
177623, 9787782
176428, 9784077
178258, 9783045
178338, 9782941
177131, 9787507
176013, 9783336
178215, 9790123
175637, 9792853
177870, 9783123
177670, 9783934
178810, 9786937
179389, 9788373
175540, 9785636
177697, 9792955
177210, 9789615
175715, 9785054
179818, 9786213
176800, 9785021
174346, 9789743
175799, 9785600
176435, 9785861
175747, 9790569
178542, 9785510
178603, 9792667
179592, 9783071
179712, 9792641
175838, 9783283
174524, 9786691
174718, 9782223
176209, 9789910
179963, 9789896
175810, 9789755
180406, 9789923
179903, 9790509
178382, 9786136
179686, 9786683
176924, 9785756
175888, 9782126
175700, 9786459
174304, 9790069
179008, 9788876
175677, 9783182
178684, 9781618
175309, 9783258
178696, 9791209
177528, 9786797
