# Number of control cameras to place = 50 (includes 10 opportunistic sightings + 40 placed randomly)
179443, 9787523
179138, 9787679
179976, 9785411
177035, 9792050
176922, 9786979
179306, 9787523
176085, 9785880
176951, 9785098
177794, 9787148
178579, 9787662
175608, 9784517
179202, 9786272
174267, 9784629
180077, 9781890
177400, 9788874
176093, 9788732
176335, 9784798
180022, 9783514
174803, 9785246
176328, 9781872
179075, 9784598
176082, 9783339
175034, 9782798
178275, 9783718
175487, 9785369
175872, 9787585
178057, 9791339
177054, 9792479
176487, 9792310
177994, 9792819
174828, 9792736
175737, 9792689
174688, 9785833
180225, 9781591
176331, 9782636
176619, 9788955
178604, 9791861
177911, 9787310
180137, 9793041
177828, 9785779
174187, 9783062
176962, 9783282
178400, 9784503
176067, 9791270
178820, 9787773
177413, 9792081
179739, 9790954
179831, 9792241
178252, 9786341
175331, 9789737
