# Actual number of control cameras to place = 48
171917, 9777155
171917, 9778605
171917, 9779605
171917, 9780581
171917, 9781095
171917, 9782625
171917, 9783325
171917, 9784360
171917, 9785532
171917, 9786255
171917, 9787203
171917, 9788001
173245, 9777155
173245, 9778605
173245, 9779605
173245, 9780581
173245, 9781095
173245, 9782625
173245, 9783325
173245, 9784360
173245, 9785532
173245, 9786255
173245, 9787203
173245, 9788001
175851, 9777155
175851, 9778605
175851, 9779605
175851, 9780581
175851, 9781095
175851, 9782625
175851, 9783325
175851, 9784360
175851, 9785532
175851, 9786255
175851, 9787203
175851, 9788001
176671, 9777155
176671, 9778605
176671, 9779605
176671, 9780581
176671, 9781095
176671, 9782625
176671, 9783325
176671, 9784360
176671, 9785532
176671, 9786255
176671, 9787203
176671, 9788001
