# Actual number of control cameras to place = 60
171573, 9776813
171573, 9778322
171573, 9779246
171573, 9780223
171573, 9781210
171573, 9781992
171573, 9783112
171573, 9784688
171573, 9785417
171573, 9786463
171573, 9787109
171573, 9788531
172894, 9776813
172894, 9778322
172894, 9779246
172894, 9780223
172894, 9781210
172894, 9781992
172894, 9783112
172894, 9784688
172894, 9785417
172894, 9786463
172894, 9787109
172894, 9788531
174267, 9776813
174267, 9778322
174267, 9779246
174267, 9780223
174267, 9781210
174267, 9781992
174267, 9783112
174267, 9784688
174267, 9785417
174267, 9786463
174267, 9787109
174267, 9788531
175876, 9776813
175876, 9778322
175876, 9779246
175876, 9780223
175876, 9781210
175876, 9781992
175876, 9783112
175876, 9784688
175876, 9785417
175876, 9786463
175876, 9787109
175876, 9788531
177038, 9776813
177038, 9778322
177038, 9779246
177038, 9780223
177038, 9781210
177038, 9781992
177038, 9783112
177038, 9784688
177038, 9785417
177038, 9786463
177038, 9787109
177038, 9788531
