# Number of control cameras to place = 50 (includes 50 opportunistic sightings + 0 placed randomly)
176276, 9777767
175018, 9781988
175235, 9786043
171651, 9786474
176260, 9781885
173651, 9779940
174710, 9780479
171203, 9777423
171401, 9785042
173009, 9780924
171939, 9781945
176307, 9781655
175427, 9780437
177455, 9780963
173015, 9784543
174614, 9785593
173043, 9779741
173959, 9779527
176199, 9783173
177543, 9779412
175903, 9781540
176463, 9781597
171605, 9780693
173730, 9781272
174721, 9785317
171165, 9784851
176815, 9777596
172645, 9778216
170947, 9783067
175071, 9777868
173947, 9784042
171525, 9781553
171796, 9786967
172562, 9785273
176921, 9777488
174126, 9785669
177228, 9781267
174102, 9777688
171416, 9778327
174082, 9787309
171134, 9784132
177260, 9788132
177567, 9787799
171316, 9788658
176801, 9779317
172823, 9780776
176009, 9785258
173893, 9783169
172540, 9788304
172422, 9783553
