# Number of control cameras to place = 50 (includes 50 opportunistic sightings + 0 placed randomly)
175466, 9777958
173399, 9791216
173919, 9779842
171580, 9787898
170966, 9775701
173535, 9788413
171030, 9787389
176770, 9788370
177788, 9787660
176841, 9777926
175724, 9779354
171587, 9783084
173304, 9790057
173665, 9782990
176864, 9778391
176378, 9788828
173856, 9781977
172169, 9783504
177152, 9781683
177634, 9791592
173132, 9779879
177709, 9779360
179733, 9777029
175302, 9779398
171712, 9785271
178495, 9778807
179021, 9785716
172674, 9786296
172862, 9777245
180029, 9778024
174140, 9783302
172785, 9778553
177551, 9788414
172043, 9792236
174010, 9790107
171811, 9776861
174104, 9789530
180137, 9785149
176687, 9784673
177226, 9776133
179579, 9777393
177511, 9786967
175361, 9781522
175538, 9788746
172118, 9785779
171752, 9785162
174139, 9790178
172081, 9788840
173498, 9785216
177998, 9791465
