# Number of control cameras to place = 50 (includes 50 opportunistic sightings + 0 placed randomly)
188503, 9786475
180750, 9792370
181743, 9783024
183571, 9783213
189673, 9787011
181344, 9794090
180630, 9796757
190415, 9792972
177977, 9788405
178820, 9792374
178358, 9794321
185202, 9794404
184012, 9786714
189965, 9789820
190263, 9783669
182921, 9790097
178813, 9785490
190053, 9794771
181623, 9794844
188148, 9792250
186352, 9784146
188067, 9793124
185045, 9791456
184163, 9796270
186101, 9789309
189418, 9795212
179710, 9793041
180955, 9787838
181833, 9793246
189617, 9782197
187267, 9785997
190113, 9790102
186939, 9787641
181832, 9798562
178251, 9795589
178794, 9784452
182893, 9789674
182653, 9784167
190379, 9788399
180670, 9794312
186857, 9799034
185918, 9795582
185389, 9785308
186156, 9783162
189904, 9791983
188370, 9788059
181759, 9799117
190405, 9795666
182797, 9782640
180195, 9787605
