# Number of control cameras to place = 54 (includes 54 opportunistic sightings + 0 placed randomly)
178352, 9792129
177042, 9780989
175300, 9779483
180249, 9791997
171731, 9776206
179708, 9781574
177210, 9791318
170934, 9783504
174573, 9791052
172491, 9785684
177009, 9783392
171865, 9776934
177594, 9780787
171603, 9779279
177344, 9789464
177525, 9791144
171412, 9790544
175356, 9792737
175100, 9781707
177335, 9791735
180140, 9781307
179880, 9788976
178343, 9781888
176773, 9778523
179933, 9777739
178693, 9785311
171184, 9779444
178492, 9790673
172638, 9784371
175778, 9782506
178722, 9782393
177153, 9790330
175143, 9779649
176470, 9778019
177881, 9791002
173287, 9785616
176122, 9785952
180427, 9780139
180122, 9775921
177043, 9783792
177120, 9779092
178234, 9789573
177343, 9784176
175268, 9777765
172277, 9775483
177570, 9786540
178424, 9778724
178086, 9779386
177943, 9784659
172869, 9782853
171752, 9780707
171538, 9789336
178922, 9785634
174896, 9775861
