# Number of control cameras to place = 50 (includes 50 opportunistic sightings + 0 placed randomly)
178507, 9782421
187602, 9786595
187520, 9794083
187810, 9783606
180419, 9795868
181236, 9792577
186815, 9794401
181177, 9782630
184648, 9789885
180035, 9788215
182219, 9783368
190068, 9797902
189563, 9783555
180084, 9792001
186468, 9796759
185603, 9785729
183851, 9791731
183870, 9795271
188607, 9798707
179056, 9791301
181537, 9796937
182107, 9787426
184869, 9794274
186125, 9786732
177892, 9786613
186000, 9785389
190015, 9783935
185229, 9794672
183119, 9788166
181993, 9786089
187222, 9791549
179599, 9788269
180234, 9799038
189897, 9793585
180777, 9784199
178273, 9799140
178000, 9786763
180169, 9783501
178753, 9796991
182597, 9782205
186518, 9789410
179324, 9793971
189262, 9793439
179135, 9798074
178263, 9788927
184329, 9796268
182961, 9786338
178180, 9797942
189616, 9795396
186970, 9788867
