# Actual number of control cameras to place = 48
184342, 9771989
184342, 9772653
184342, 9773585
184342, 9774763
184342, 9775480
184342, 9776774
184342, 9777486
184342, 9778049
184342, 9779164
184342, 9779960
184342, 9780790
184342, 9781879
186478, 9771989
186478, 9772653
186478, 9773585
186478, 9774763
186478, 9775480
186478, 9776774
186478, 9777486
186478, 9778049
186478, 9779164
186478, 9779960
186478, 9780790
186478, 9781879
188851, 9771989
188851, 9772653
188851, 9773585
188851, 9774763
188851, 9775480
188851, 9776774
188851, 9777486
188851, 9778049
188851, 9779164
188851, 9779960
188851, 9780790
188851, 9781879
189289, 9771989
189289, 9772653
189289, 9773585
189289, 9774763
189289, 9775480
189289, 9776774
189289, 9777486
189289, 9778049
189289, 9779164
189289, 9779960
189289, 9780790
189289, 9781879
