# Number of control cameras to place = 50 (includes 9 opportunistic sightings + 41 placed randomly)
188602, 9779220
186314, 9777146
187556, 9781338
189636, 9779064
187105, 9774406
188569, 9779099
188791, 9777286
185077, 9776668
186574, 9773444
187425, 9774911
185392, 9771874
185145, 9774203
190132, 9780716
187748, 9778173
187534, 9781715
185588, 9779978
187466, 9775849
186242, 9781458
188587, 9772716
186840, 9777110
186681, 9775990
188740, 9781429
185580, 9772276
184836, 9775050
186603, 9772397
185275, 9775240
188335, 9773254
184318, 9779059
184785, 9777356
190437, 9782201
189536, 9774736
184396, 9780560
190441, 9775485
185794, 9777966
184134, 9772765
188113, 9772065
186153, 9772861
184897, 9778178
188618, 9774144
184545, 9774876
184511, 9771958
186270, 9780036
189547, 9777599
187261, 9778392
188107, 9777281
189570, 9775635
189077, 9775865
189701, 9782161
189900, 9773416
187009, 9781517
