# Actual number of control cameras to place = 50
179252, 9783514
179252, 9783899
179252, 9785773
179252, 9788163
179252, 9789548
179252, 9791156
179252, 9792922
179252, 9795697
179252, 9797500
179252, 9798848
181305, 9783514
181305, 9783899
181305, 9785773
181305, 9788163
181305, 9789548
181305, 9791156
181305, 9792922
181305, 9795697
181305, 9797500
181305, 9798848
184939, 9783514
184939, 9783899
184939, 9785773
184939, 9788163
184939, 9789548
184939, 9791156
184939, 9792922
184939, 9795697
184939, 9797500
184939, 9798848
187547, 9783514
187547, 9783899
187547, 9785773
187547, 9788163
187547, 9789548
187547, 9791156
187547, 9792922
187547, 9795697
187547, 9797500
187547, 9798848
190498, 9783514
190498, 9783899
190498, 9785773
190498, 9788163
190498, 9789548
190498, 9791156
190498, 9792922
190498, 9795697
190498, 9797500
190498, 9798848
