# Number of control cameras to place = 50 (includes 50 opportunistic sightings + 0 placed randomly)
180586, 9785938
186046, 9796501
180079, 9792946
178642, 9785014
186292, 9787135
189108, 9783084
186017, 9797937
184874, 9792156
182704, 9793261
179324, 9796302
183938, 9786493
190311, 9782338
182566, 9785385
184302, 9789560
186771, 9794112
179397, 9783697
189534, 9795395
182093, 9782286
189310, 9793841
183686, 9783788
187358, 9797784
177807, 9797583
189545, 9798718
182727, 9782827
187617, 9795246
189349, 9784629
183905, 9794660
181523, 9789496
181695, 9799064
189308, 9787904
182075, 9782997
184063, 9792463
187776, 9798691
185242, 9794236
186841, 9793203
181800, 9784982
184107, 9797786
190651, 9798430
187408, 9790567
188031, 9792542
178222, 9797341
185475, 9793823
186169, 9783485
184692, 9798910
181941, 9795768
179381, 9799197
184888, 9787736
184316, 9789216
189652, 9789200
187515, 9787834
