# Number of control cameras to place = 54 (includes 54 opportunistic sightings + 0 placed randomly)
177954, 9789285
175682, 9789871
171678, 9784482
178498, 9779640
176181, 9789565
177594, 9780887
177867, 9784554
173410, 9791825
171920, 9786988
171548, 9791912
176634, 9780676
173254, 9776435
179391, 9789946
173853, 9792183
175485, 9790379
171199, 9781159
175956, 9784631
177121, 9779187
174177, 9780455
175748, 9787176
172873, 9787175
178092, 9779913
171494, 9779246
173624, 9784520
175499, 9785290
177347, 9779601
173050, 9788832
176287, 9781535
174718, 9784153
173577, 9784409
178667, 9778083
175642, 9776184
179832, 9777365
173732, 9775623
178914, 9789633
178742, 9791463
179697, 9777255
171763, 9789986
178800, 9784191
178192, 9776622
171791, 9790681
175061, 9775485
178369, 9783701
177574, 9779291
177688, 9777496
177250, 9782501
180212, 9785572
180446, 9779056
176764, 9789683
175449, 9775681
173510, 9778140
177827, 9790823
173521, 9787904
171389, 9779950
