# Number of control cameras to place = 54 (includes 54 opportunistic sightings + 0 placed randomly)
171981, 9791509
177501, 9780863
176308, 9775349
176044, 9790592
180187, 9785821
174673, 9777666
176755, 9783143
179676, 9785935
175541, 9779394
176475, 9788979
177399, 9790337
172507, 9785998
172678, 9787440
171119, 9789048
177831, 9788413
179347, 9787337
177891, 9775532
177993, 9789455
170901, 9779242
172747, 9775632
177812, 9777063
174082, 9787062
173525, 9784066
171143, 9786789
173200, 9792523
171323, 9777714
178139, 9777409
175881, 9788630
178975, 9778953
175537, 9788574
171851, 9792461
172646, 9781851
179288, 9779110
177845, 9783106
180190, 9786166
176315, 9789106
174972, 9785453
174880, 9786456
177438, 9777156
180313, 9778755
178099, 9780188
174831, 9776454
175859, 9776801
172657, 9785880
172409, 9776322
174496, 9779602
176548, 9777778
178898, 9791060
178732, 9790970
175915, 9787161
180108, 9777542
178582, 9792239
171543, 9782235
177641, 9792606
