# Number of control cameras to place = 54 (includes 12 opportunistic sightings + 42 placed randomly)
177684, 9781457
180191, 9785849
176300, 9781783
177772, 9781544
178818, 9780334
174498, 9784444
179886, 9783466
174181, 9787356
176311, 9781784
176207, 9784554
176688, 9782480
177278, 9781609
175491, 9784985
174144, 9781127
179055, 9788283
175823, 9786455
175849, 9790291
177393, 9787765
177958, 9781641
179826, 9783217
176329, 9779096
174290, 9788395
175009, 9788166
174992, 9776587
176723, 9782094
179065, 9774626
180099, 9787538
173972, 9789686
176890, 9774264
177853, 9784586
174477, 9784846
180132, 9786402
179152, 9776958
178516, 9787612
174787, 9778322
180099, 9789252
179040, 9787450
177467, 9790900
178545, 9787512
175829, 9778329
179854, 9783840
174965, 9780959
175393, 9775715
179913, 9788677
177796, 9790611
174662, 9780446
177482, 9775568
174835, 9779471
179341, 9775193
175669, 9788694
175529, 9790070
179196, 9774194
176787, 9779935
179193, 9781041
