# Actual number of control cameras to place = 45
179292, 9783571
179292, 9784829
179292, 9786750
179292, 9789467
179292, 9791356
179292, 9793451
179292, 9795227
179292, 9795726
179292, 9798432
181998, 9783571
181998, 9784829
181998, 9786750
181998, 9789467
181998, 9791356
181998, 9793451
181998, 9795227
181998, 9795726
181998, 9798432
184232, 9783571
184232, 9784829
184232, 9786750
184232, 9789467
184232, 9791356
184232, 9793451
184232, 9795227
184232, 9795726
184232, 9798432
185893, 9783571
185893, 9784829
185893, 9786750
185893, 9789467
185893, 9791356
185893, 9793451
185893, 9795227
185893, 9795726
185893, 9798432
190297, 9783571
190297, 9784829
190297, 9786750
190297, 9789467
190297, 9791356
190297, 9793451
190297, 9795227
190297, 9795726
190297, 9798432
