# Actual number of control cameras to place = 50
178635, 9782610
178635, 9784111
178635, 9785581
178635, 9787794
178635, 9789885
178635, 9791599
178635, 9794063
178635, 9795125
178635, 9797431
178635, 9797882
182710, 9782610
182710, 9784111
182710, 9785581
182710, 9787794
182710, 9789885
182710, 9791599
182710, 9794063
182710, 9795125
182710, 9797431
182710, 9797882
185095, 9782610
185095, 9784111
185095, 9785581
185095, 9787794
185095, 9789885
185095, 9791599
185095, 9794063
185095, 9795125
185095, 9797431
185095, 9797882
185790, 9782610
185790, 9784111
185790, 9785581
185790, 9787794
185790, 9789885
185790, 9791599
185790, 9794063
185790, 9795125
185790, 9797431
185790, 9797882
190527, 9782610
190527, 9784111
190527, 9785581
190527, 9787794
190527, 9789885
190527, 9791599
190527, 9794063
190527, 9795125
190527, 9797431
190527, 9797882
