# Actual number of control cameras to place = 45
178243, 9782660
178243, 9784679
178243, 9787391
178243, 9788901
178243, 9790075
178243, 9793476
178243, 9795229
178243, 9797016
178243, 9798257
180913, 9782660
180913, 9784679
180913, 9787391
180913, 9788901
180913, 9790075
180913, 9793476
180913, 9795229
180913, 9797016
180913, 9798257
184132, 9782660
184132, 9784679
184132, 9787391
184132, 9788901
184132, 9790075
184132, 9793476
184132, 9795229
184132, 9797016
184132, 9798257
187287, 9782660
187287, 9784679
187287, 9787391
187287, 9788901
187287, 9790075
187287, 9793476
187287, 9795229
187287, 9797016
187287, 9798257
190200, 9782660
190200, 9784679
190200, 9787391
190200, 9788901
190200, 9790075
190200, 9793476
190200, 9795229
190200, 9797016
190200, 9798257
