# Number of control cameras to place = 50 (includes 50 opportunistic sightings + 0 placed randomly)
185018, 9783494
187859, 9797003
189982, 9798223
179361, 9786320
183825, 9787680
189457, 9785954
190365, 9787233
183318, 9784034
184532, 9786113
185397, 9793726
179024, 9792833
179275, 9790717
186920, 9785865
182743, 9787504
181677, 9798760
188640, 9795396
188671, 9789765
189917, 9782385
178838, 9783131
181516, 9791131
181106, 9798676
187029, 9782610
180444, 9785716
189258, 9783813
190138, 9785431
189654, 9798347
188829, 9786200
189317, 9787865
186943, 9792815
179740, 9786890
188032, 9791453
187621, 9783066
182830, 9797015
187863, 9796267
190076, 9793387
184916, 9793912
185791, 9790141
182482, 9796505
184826, 9796925
184000, 9793135
184655, 9789225
185642, 9791110
190580, 9790672
184062, 9796030
188194, 9794592
179158, 9785444
189624, 9799293
185351, 9797212
188691, 9787885
185122, 9795608
