# Number of control cameras to place = 54 (includes 54 opportunistic sightings + 0 placed randomly)
184743, 9787718
183118, 9788580
189934, 9794968
184474, 9795556
188259, 9795588
189634, 9792459
186890, 9788737
186796, 9788795
186537, 9788415
183232, 9783272
182251, 9797369
183895, 9786606
183073, 9795837
181192, 9788939
188085, 9788551
181043, 9791423
188574, 9790852
183971, 9797794
180900, 9784467
178097, 9790091
181371, 9789549
182314, 9785725
179606, 9789724
182044, 9788680
189218, 9782179
179018, 9791029
179233, 9782728
189295, 9788208
178070, 9787390
188289, 9789456
189548, 9795539
189053, 9799241
184848, 9792199
179444, 9789684
188553, 9782503
185582, 9786059
187813, 9787950
190542, 9786456
190310, 9782209
186219, 9793233
178823, 9792499
184122, 9790799
186467, 9797333
190535, 9794053
184586, 9782906
189468, 9794469
178453, 9796193
179854, 9785100
181986, 9790120
185496, 9793628
181791, 9782895
185813, 9787722
190587, 9790584
186714, 9786597
