# Actual number of control cameras to place = 50
179194, 9782576
179194, 9785282
179194, 9787035
179194, 9787764
179194, 9789238
179194, 9792285
179194, 9792664
179194, 9794273
179194, 9797034
179194, 9798635
182111, 9782576
182111, 9785282
182111, 9787035
182111, 9787764
182111, 9789238
182111, 9792285
182111, 9792664
182111, 9794273
182111, 9797034
182111, 9798635
185422, 9782576
185422, 9785282
185422, 9787035
185422, 9787764
185422, 9789238
185422, 9792285
185422, 9792664
185422, 9794273
185422, 9797034
185422, 9798635
187240, 9782576
187240, 9785282
187240, 9787035
187240, 9787764
187240, 9789238
187240, 9792285
187240, 9792664
187240, 9794273
187240, 9797034
187240, 9798635
189597, 9782576
189597, 9785282
189597, 9787035
189597, 9787764
189597, 9789238
189597, 9792285
189597, 9792664
189597, 9794273
189597, 9797034
189597, 9798635
