# Actual number of control cameras to place = 50
179820, 9783413
179820, 9784931
179820, 9786230
179820, 9787376
179820, 9790079
179820, 9790916
179820, 9793425
179820, 9795362
179820, 9796854
179820, 9798825
181632, 9783413
181632, 9784931
181632, 9786230
181632, 9787376
181632, 9790079
181632, 9790916
181632, 9793425
181632, 9795362
181632, 9796854
181632, 9798825
183200, 9783413
183200, 9784931
183200, 9786230
183200, 9787376
183200, 9790079
183200, 9790916
183200, 9793425
183200, 9795362
183200, 9796854
183200, 9798825
186778, 9783413
186778, 9784931
186778, 9786230
186778, 9787376
186778, 9790079
186778, 9790916
186778, 9793425
186778, 9795362
186778, 9796854
186778, 9798825
189817, 9783413
189817, 9784931
189817, 9786230
189817, 9787376
189817, 9790079
189817, 9790916
189817, 9793425
189817, 9795362
189817, 9796854
189817, 9798825
