# Number of control cameras to place = 50 (includes 50 opportunistic sightings + 0 placed randomly)
182597, 9792217
185579, 9784509
179375, 9789661
179241, 9785646
179680, 9787204
183325, 9783582
189075, 9791917
180855, 9788521
181866, 9793313
184086, 9786618
178720, 9796518
183635, 9797589
189867, 9794055
184202, 9786512
186315, 9784146
183005, 9785666
190252, 9789710
183921, 9788130
178616, 9790280
185929, 9793868
184456, 9787103
184944, 9792456
182530, 9788727
181986, 9787831
181373, 9783949
178365, 9791262
183809, 9785810
189918, 9792847
182659, 9790284
184023, 9798583
183387, 9798085
189499, 9791868
185450, 9782962
178931, 9789000
188523, 9789460
183562, 9789353
180580, 9795084
188474, 9794730
186916, 9796700
182410, 9788744
182766, 9789463
177940, 9794502
178188, 9793956
178920, 9784861
179762, 9795252
183529, 9797348
179113, 9786341
183985, 9794085
182450, 9796455
185044, 9783924
