# Number of control cameras to place = 50 (includes 50 opportunistic sightings + 0 placed randomly)
183512, 9793377
183619, 9791863
179553, 9793335
190003, 9790850
190177, 9783050
186755, 9783000
181381, 9791108
190086, 9783547
183735, 9785132
184423, 9789631
184626, 9794625
178928, 9796543
188864, 9786875
179041, 9790339
185122, 9786570
180129, 9784230
188939, 9788983
182345, 9788093
178709, 9791257
185914, 9782113
185799, 9796278
187130, 9786955
187842, 9784600
180280, 9796094
179657, 9790012
185395, 9792679
187786, 9793747
186634, 9790371
184456, 9791365
178297, 9787746
179846, 9795012
180206, 9787884
182483, 9792005
179419, 9793239
179815, 9782685
189492, 9786044
179140, 9786512
190126, 9794177
186147, 9783320
187469, 9789295
177821, 9790682
180587, 9785498
181251, 9787371
189285, 9796872
187757, 9793175
185093, 9797847
183704, 9787742
183664, 9785750
178739, 9798237
181060, 9789029
