# Number of control cameras to place = 54 (includes 1 opportunistic sightings + 53 placed randomly)
182526, 9789449
182393, 9795603
181182, 9787023
185170, 9782523
183455, 9796110
185931, 9790444
184708, 9791539
184102, 9783041
185380, 9791793
180388, 9799132
184727, 9782721
178480, 9791865
188636, 9790059
184755, 9786837
181119, 9795384
188676, 9795849
180393, 9794182
178508, 9788400
178102, 9785929
190513, 9795546
188424, 9787836
189914, 9790822
188162, 9788655
182292, 9785558
182650, 9788124
180701, 9798990
186768, 9782322
188863, 9793577
187218, 9787752
185999, 9790694
180435, 9791189
186427, 9788232
178095, 9792704
177878, 9784856
181344, 9796398
188485, 9787175
185161, 9788575
182742, 9789267
182453, 9784523
182632, 9792876
184122, 9794942
183906, 9792366
185963, 9787275
183623, 9796835
182441, 9797932
185527, 9783597
184753, 9796753
188500, 9784917
184785, 9789578
182834, 9785619
179566, 9785345
186857, 9782571
179852, 9792347
178475, 9798771
