# Number of control cameras to place = 50 (includes 2 opportunistic sightings + 48 placed randomly)
182354, 9789549
183971, 9789792
182178, 9790253
189263, 9783709
181315, 9786475
178455, 9786523
179216, 9785613
180503, 9797535
184577, 9795091
179711, 9788238
190394, 9791877
185992, 9783118
185198, 9795522
188064, 9798667
179654, 9788858
180988, 9785750
178252, 9790424
186243, 9794391
178255, 9787688
178933, 9784764
187181, 9796586
189544, 9796271
177965, 9786803
186521, 9799116
180020, 9788715
186073, 9786486
179864, 9783251
184396, 9786061
186692, 9788323
188067, 9797494
177813, 9793943
185402, 9782568
187583, 9798955
187432, 9794149
188098, 9782755
180638, 9787337
190634, 9797236
187003, 9789603
178387, 9789009
183776, 9785489
186699, 9787226
179378, 9784830
183645, 9783803
182196, 9789299
178375, 9784848
182861, 9787570
186673, 9791877
178905, 9797507
182289, 9784470
187615, 9797875
