# Number of control cameras to place = 50 (includes 17 opportunistic sightings + 33 placed randomly)
180757, 9788810
185467, 9792350
185374, 9791634
185639, 9785340
179559, 9794364
185752, 9787901
185357, 9790312
185361, 9791671
183548, 9790848
185467, 9792356
185356, 9791624
184244, 9792731
179853, 9794910
181478, 9789726
185501, 9792502
183773, 9790521
184813, 9785794
182436, 9787106
189293, 9791874
183902, 9784327
182823, 9793370
178094, 9798127
189239, 9786868
177873, 9788432
187660, 9793389
179443, 9784516
182345, 9795407
179468, 9782812
189815, 9789043
188861, 9797749
184043, 9789830
181441, 9791227
180420, 9790124
186937, 9782806
189192, 9788417
181127, 9784577
189633, 9787411
178151, 9786060
190224, 9789205
182156, 9785400
181593, 9789449
187559, 9782578
186562, 9789318
180757, 9796623
188985, 9795859
183581, 9791813
184459, 9791925
180978, 9788791
180863, 9788929
188731, 9785150
