# Actual number of control cameras to place = 48
174123, 9782177
174123, 9782852
174123, 9783568
174123, 9784912
174123, 9785997
174123, 9786654
174123, 9787800
174123, 9788755
174123, 9789804
174123, 9791079
174123, 9791923
174123, 9792862
175850, 9782177
175850, 9782852
175850, 9783568
175850, 9784912
175850, 9785997
175850, 9786654
175850, 9787800
175850, 9788755
175850, 9789804
175850, 9791079
175850, 9791923
175850, 9792862
178717, 9782177
178717, 9782852
178717, 9783568
178717, 9784912
178717, 9785997
178717, 9786654
178717, 9787800
178717, 9788755
178717, 9789804
178717, 9791079
178717, 9791923
178717, 9792862
179919, 9782177
179919, 9782852
179919, 9783568
179919, 9784912
179919, 9785997
179919, 9786654
179919, 9787800
179919, 9788755
179919, 9789804
179919, 9791079
179919, 9791923
179919, 9792862
