# Actual number of control cameras to place = 48
175327, 9782358
175327, 9783222
175327, 9783767
175327, 9785052
175327, 9785917
175327, 9786523
175327, 9787992
175327, 9788800
175327, 9789870
175327, 9790898
175327, 9791446
175327, 9792533
177115, 9782358
177115, 9783222
177115, 9783767
177115, 9785052
177115, 9785917
177115, 9786523
177115, 9787992
177115, 9788800
177115, 9789870
177115, 9790898
177115, 9791446
177115, 9792533
177470, 9782358
177470, 9783222
177470, 9783767
177470, 9785052
177470, 9785917
177470, 9786523
177470, 9787992
177470, 9788800
177470, 9789870
177470, 9790898
177470, 9791446
177470, 9792533
179427, 9782358
179427, 9783222
179427, 9783767
179427, 9785052
179427, 9785917
179427, 9786523
179427, 9787992
179427, 9788800
179427, 9789870
179427, 9790898
179427, 9791446
179427, 9792533
