# Actual number of control cameras to place = 60
174548, 9781901
174548, 9783098
174548, 9783722
174548, 9784930
174548, 9785640
174548, 9786831
174548, 9787717
174548, 9788635
174548, 9789931
174548, 9790550
174548, 9791791
174548, 9792398
176230, 9781901
176230, 9783098
176230, 9783722
176230, 9784930
176230, 9785640
176230, 9786831
176230, 9787717
176230, 9788635
176230, 9789931
176230, 9790550
176230, 9791791
176230, 9792398
177087, 9781901
177087, 9783098
177087, 9783722
177087, 9784930
177087, 9785640
177087, 9786831
177087, 9787717
177087, 9788635
177087, 9789931
177087, 9790550
177087, 9791791
177087, 9792398
178468, 9781901
178468, 9783098
178468, 9783722
178468, 9784930
178468, 9785640
178468, 9786831
178468, 9787717
178468, 9788635
178468, 9789931
178468, 9790550
178468, 9791791
178468, 9792398
179512, 9781901
179512, 9783098
179512, 9783722
179512, 9784930
179512, 9785640
179512, 9786831
179512, 9787717
179512, 9788635
179512, 9789931
179512, 9790550
179512, 9791791
179512, 9792398
