# Number of control cameras to place = 50 (includes 4 opportunistic sightings + 46 placed randomly)
180304, 9786143
178896, 9788630
178054, 9782808
179391, 9786919
175815, 9792866
176933, 9786257
178737, 9782252
176636, 9788236
174961, 9792304
178590, 9786966
177579, 9783279
177043, 9791085
177048, 9781827
179021, 9784299
174339, 9791877
179242, 9785440
177603, 9787279
174755, 9787789
177110, 9787532
176744, 9783867
178656, 9788934
177670, 9783082
174126, 9783220
176433, 9791826
180228, 9792309
176559, 9786720
176328, 9787611
179771, 9784235
174562, 9792270
174613, 9790324
175996, 9792921
175279, 9788299
179666, 9784119
177237, 9792853
178820, 9786829
174305, 9791438
178567, 9789430
180312, 9788430
176670, 9786073
179998, 9791441
176749, 9788449
179260, 9787514
174473, 9789533
179183, 9789725
176462, 9792097
174164, 9786932
176541, 9784273
178221, 9782327
176412, 9790940
176514, 9783179
