# Number of control cameras to place = 50 (includes 3 opportunistic sightings + 47 placed randomly)
179447, 9784694
179847, 9786550
180023, 9785055
175392, 9792566
179980, 9783371
177208, 9792292
176236, 9788688
178443, 9785308
180456, 9789694
175013, 9789116
179846, 9787773
175387, 9783160
175089, 9790660
177877, 9792637
174575, 9791526
177098, 9790002
177892, 9784270
174286, 9787304
179862, 9785718
175115, 9784303
179689, 9785682
178220, 9790189
175675, 9791761
177014, 9792459
174469, 9792740
175385, 9783819
178198, 9787880
174781, 9792858
178309, 9791624
178628, 9792811
176491, 9787440
178219, 9782450
177576, 9783823
175935, 9790626
174708, 9783675
179880, 9786361
175865, 9784755
178541, 9785245
177227, 9790057
180166, 9792054
177942, 9782936
175612, 9781619
179800, 9790745
178550, 9791630
177070, 9788809
176431, 9785226
175808, 9790265
178247, 9783160
180204, 9784570
179026, 9789727
