# Number of control cameras to place = 50 (includes 9 opportunistic sightings + 41 placed randomly)
178901, 9783036
178307, 9782497
178495, 9782834
178307, 9782497
178232, 9782539
178260, 9782512
179832, 9784099
179277, 9783646
179744, 9784107
180045, 9785121
183215, 9798638
184600, 9785540
188682, 9790782
189164, 9793684
178325, 9794175
189655, 9792240
187072, 9782310
189130, 9784818
188877, 9788911
184194, 9794505
182448, 9794214
183160, 9788780
187198, 9790001
189018, 9790262
187418, 9787770
183558, 9797640
181655, 9795733
188423, 9788112
189033, 9791922
178188, 9791464
189843, 9783697
184275, 9790124
187823, 9794224
189018, 9797059
188594, 9785741
188305, 9797261
190497, 9785782
181898, 9797420
187860, 9790913
185159, 9782678
185416, 9791210
179318, 9794244
183711, 9796063
181145, 9798976
178862, 9782826
181367, 9788526
181227, 9796748
186016, 9790569
178183, 9783429
188817, 9794421
