# Number of control cameras to place = 54 (includes 11 opportunistic sightings + 43 placed randomly)
178187, 9785731
177963, 9786578
178596, 9786616
178253, 9786019
178478, 9785909
178207, 9786284
177963, 9786578
178844, 9786904
176067, 9783305
176304, 9783182
178340, 9787389
176307, 9792586
174668, 9789682
177104, 9786634
176334, 9789876
179228, 9784717
177722, 9791058
176167, 9781811
176418, 9787789
174829, 9782303
177574, 9785498
175575, 9785905
176564, 9788916
177135, 9789543
175680, 9791841
175527, 9790858
179801, 9782366
177043, 9788447
176500, 9784493
179953, 9784230
179937, 9788277
178343, 9787823
178304, 9789651
176724, 9784132
179828, 9781690
177810, 9783071
176147, 9791604
177258, 9786326
179363, 9785022
179604, 9781775
175142, 9782570
174717, 9790138
178439, 9782272
174609, 9789983
177775, 9788227
174058, 9784682
178488, 9784948
178649, 9788976
176097, 9787608
174789, 9790745
175979, 9784928
177783, 9786861
176316, 9784361
176502, 9792134
