# Number of control cameras to place = 50 (includes 3 opportunistic sightings + 47 placed randomly)
178308, 9782836
177934, 9783157
177879, 9783197
179083, 9788427
177799, 9797119
185967, 9797138
180125, 9789435
185574, 9791186
185218, 9783261
186743, 9793941
180625, 9797610
178301, 9787995
178107, 9793676
184005, 9794737
185690, 9782717
178777, 9795744
186242, 9791286
179291, 9790920
188833, 9783387
181370, 9793427
184313, 9795450
184634, 9796783
181974, 9791570
190626, 9783195
190402, 9790638
185050, 9798820
189129, 9799039
178691, 9796870
188348, 9792119
184474, 9790392
187218, 9796216
179333, 9785562
189587, 9789194
181348, 9783786
189734, 9798027
189519, 9797537
177862, 9782153
188016, 9797607
177975, 9784054
190225, 9786805
187080, 9790314
185840, 9792449
187461, 9797488
184323, 9784820
184669, 9784243
184786, 9788997
185601, 9795450
179284, 9798275
190188, 9788777
184209, 9783366
