# Number of control cameras to place = 50 (includes 50 opportunistic sightings + 0 placed randomly)
186111, 9795016
185979, 9794168
183371, 9790200
184732, 9796514
186232, 9782578
189368, 9794333
184197, 9795827
189900, 9791474
182111, 9796797
178051, 9798352
181628, 9787750
182106, 9784021
180007, 9787068
183542, 9790445
190654, 9790617
183134, 9797850
178251, 9784124
179490, 9792654
181034, 9783230
180008, 9789133
178835, 9798379
182605, 9785347
179862, 9782375
182405, 9796485
183018, 9791067
178525, 9784191
185327, 9789904
180939, 9788016
183918, 9787166
188128, 9794971
184470, 9783753
178591, 9798946
188982, 9791236
183289, 9789010
180607, 9787857
182514, 9795889
182423, 9797492
187672, 9785471
185835, 9784481
188891, 9797744
188602, 9782390
178097, 9793893
186169, 9783613
187273, 9795849
178985, 9783914
190179, 9794629
187900, 9785509
187831, 9785663
181539, 9783318
190062, 9783697
