# Number of control cameras to place = 54 (includes 54 opportunistic sightings + 0 placed randomly)
184166, 9797661
187602, 9784965
189666, 9796568
189558, 9789116
182926, 9797651
184075, 9795115
180300, 9786174
180703, 9795217
189623, 9783985
184994, 9792315
183627, 9789192
188597, 9785152
178436, 9796166
186416, 9783936
188567, 9797721
180584, 9791171
183328, 9795082
187687, 9791905
186001, 9789215
183035, 9784582
178325, 9796500
183353, 9786913
182233, 9783285
181204, 9782450
182746, 9790906
187477, 9788058
182349, 9783864
184365, 9790940
179862, 9790920
184736, 9787817
184127, 9786642
181873, 9782354
183245, 9785555
185625, 9794614
185574, 9790850
178791, 9785729
185323, 9789846
188028, 9787350
182193, 9782343
186814, 9793763
183630, 9789638
178867, 9795559
186164, 9796050
180259, 9787467
186315, 9785100
185860, 9790024
179367, 9794771
180448, 9788222
179678, 9794251
178654, 9794030
180035, 9796453
184853, 9789872
190456, 9797218
181038, 9789225
