# Number of control cameras to place = 50 (includes 9 opportunistic sightings + 41 placed randomly)
188436, 9787941
182366, 9790041
185398, 9792056
184480, 9784572
184815, 9785239
184952, 9790711
185447, 9792224
183788, 9795990
183301, 9790732
184703, 9794714
182071, 9792737
190632, 9786200
187734, 9792596
186831, 9790338
179172, 9799210
189770, 9799286
188319, 9789756
190157, 9793739
180903, 9789333
185700, 9790289
184367, 9789986
180789, 9794686
181485, 9786073
184285, 9794649
179874, 9789465
178678, 9796377
184629, 9793930
180463, 9790012
184947, 9792570
189275, 9783352
189077, 9783461
185111, 9793152
186181, 9785082
187087, 9795350
178188, 9790717
182301, 9787460
187233, 9797493
185888, 9798477
182082, 9789184
184822, 9791791
189576, 9787251
182939, 9790106
181435, 9796414
184899, 9784527
190504, 9785443
181002, 9796445
189683, 9787585
181451, 9798253
178142, 9796582
189431, 9791869
