# Actual number of control cameras to place = 39
171734, 9775779
171734, 9777758
171734, 9778226
171734, 9779710
171734, 9781855
171734, 9782982
171734, 9784509
171734, 9785682
171734, 9787486
171734, 9787954
171734, 9790177
171734, 9791286
171734, 9792444
174846, 9775779
174846, 9777758
174846, 9778226
174846, 9779710
174846, 9781855
174846, 9782982
174846, 9784509
174846, 9785682
174846, 9787486
174846, 9787954
174846, 9790177
174846, 9791286
174846, 9792444
178385, 9775779
178385, 9777758
178385, 9778226
178385, 9779710
178385, 9781855
178385, 9782982
178385, 9784509
178385, 9785682
178385, 9787486
178385, 9787954
178385, 9790177
178385, 9791286
178385, 9792444
