# Number of control cameras to place = 54 (includes 4 opportunistic sightings + 50 placed randomly)
172158, 9783944
172150, 9783902
172274, 9782706
174753, 9784003
174066, 9790113
174991, 9775686
175152, 9776506
175906, 9776451
179899, 9784444
172291, 9778149
172191, 9778460
178253, 9784881
179250, 9783448
171540, 9781641
173147, 9786714
174081, 9783948
179596, 9786774
172709, 9790880
172801, 9783059
178116, 9782694
176470, 9792336
171310, 9792700
171355, 9782475
179788, 9789054
173079, 9780460
174557, 9775766
173846, 9792218
173017, 9788541
171250, 9783612
173846, 9788510
179875, 9791794
180412, 9791428
171969, 9789756
174576, 9789027
177891, 9787637
171426, 9790372
173749, 9785379
177415, 9786119
171115, 9792760
178240, 9785389
173021, 9788810
177173, 9790726
176298, 9783027
173437, 9783400
179700, 9778244
172011, 9779988
178445, 9787115
175458, 9789985
173973, 9783975
178578, 9776294
175788, 9781174
174270, 9792440
171597, 9790579
175418, 9788819
