# Number of control cameras to place = 54 (includes 5 opportunistic sightings + 49 placed randomly)
171392, 9782165
171383, 9782184
171392, 9782165
171392, 9782165
171383, 9782184
171238, 9777617
173103, 9784724
174360, 9785238
180193, 9777362
172657, 9786351
174125, 9787838
178198, 9787558
172678, 9777666
171727, 9790734
172535, 9789429
179696, 9789590
172449, 9786044
177220, 9781693
179505, 9786153
178730, 9777604
172772, 9775302
171703, 9782052
171787, 9789685
173052, 9784929
178343, 9780590
174831, 9783788
179599, 9787314
175180, 9788621
177006, 9778570
175575, 9780959
176774, 9783059
173190, 9782951
171615, 9778207
176461, 9784033
174849, 9791527
174249, 9784223
173711, 9784403
172794, 9779425
177695, 9787041
171708, 9792015
173200, 9776919
172739, 9784132
174799, 9784028
179787, 9785905
179272, 9783455
175777, 9782804
173497, 9787798
178098, 9786814
173440, 9791120
177095, 9782461
176312, 9782884
178851, 9782614
179750, 9781581
171263, 9780663
