# Actual number of control cameras to place = 45
178187, 9783781
178187, 9785424
178187, 9786172
178187, 9788730
178187, 9789883
178187, 9793116
178187, 9794476
178187, 9796590
178187, 9798195
181455, 9783781
181455, 9785424
181455, 9786172
181455, 9788730
181455, 9789883
181455, 9793116
181455, 9794476
181455, 9796590
181455, 9798195
184992, 9783781
184992, 9785424
184992, 9786172
184992, 9788730
184992, 9789883
184992, 9793116
184992, 9794476
184992, 9796590
184992, 9798195
185808, 9783781
185808, 9785424
185808, 9786172
185808, 9788730
185808, 9789883
185808, 9793116
185808, 9794476
185808, 9796590
185808, 9798195
189288, 9783781
189288, 9785424
189288, 9786172
189288, 9788730
189288, 9789883
189288, 9793116
189288, 9794476
189288, 9796590
189288, 9798195
