# Actual number of control cameras to place = 50
179999, 9782299
179999, 9784294
179999, 9786783
179999, 9787989
179999, 9789340
179999, 9791156
179999, 9792924
179999, 9795546
179999, 9797477
179999, 9799261
180895, 9782299
180895, 9784294
180895, 9786783
180895, 9787989
180895, 9789340
180895, 9791156
180895, 9792924
180895, 9795546
180895, 9797477
180895, 9799261
184074, 9782299
184074, 9784294
184074, 9786783
184074, 9787989
184074, 9789340
184074, 9791156
184074, 9792924
184074, 9795546
184074, 9797477
184074, 9799261
186616, 9782299
186616, 9784294
186616, 9786783
186616, 9787989
186616, 9789340
186616, 9791156
186616, 9792924
186616, 9795546
186616, 9797477
186616, 9799261
189703, 9782299
189703, 9784294
189703, 9786783
189703, 9787989
189703, 9789340
189703, 9791156
189703, 9792924
189703, 9795546
189703, 9797477
189703, 9799261
