# Number of control cameras to place = 54 (includes 54 opportunistic sightings + 0 placed randomly)
190288, 9795914
189504, 9798945
182257, 9797093
181246, 9798415
189625, 9791946
181337, 9786451
184023, 9794286
186153, 9785816
183219, 9797740
190160, 9788760
183641, 9782650
190076, 9783404
182484, 9787684
178195, 9796727
181387, 9797076
188629, 9786234
187976, 9783387
184346, 9791768
183885, 9783641
181272, 9788066
185806, 9793886
181441, 9797256
182439, 9792385
182732, 9792202
185178, 9796582
186285, 9791869
190595, 9788756
188773, 9796030
190011, 9792738
184288, 9797124
182011, 9788422
184661, 9788571
183910, 9797235
190670, 9796686
178763, 9797320
182113, 9784142
189511, 9793016
180826, 9799106
178040, 9796099
183536, 9793428
185691, 9795903
185658, 9786676
177960, 9789592
180174, 9798270
181951, 9794421
183571, 9785616
178273, 9785835
179004, 9792891
178446, 9799153
179858, 9798772
186988, 9790998
182161, 9784517
185411, 9791127
185979, 9791932
