# Number of control cameras to place = 50 (includes 50 opportunistic sightings + 0 placed randomly)
177736, 9782204
181837, 9798064
178376, 9796582
189475, 9792632
181290, 9787007
184667, 9787686
180957, 9790562
187105, 9789283
183668, 9787315
185986, 9782254
180401, 9787822
184087, 9796713
186319, 9782669
189953, 9782118
183213, 9790146
183046, 9794323
177822, 9793881
186159, 9788702
182543, 9790288
184948, 9788922
181480, 9794059
182587, 9790395
181035, 9797915
184488, 9785870
189685, 9785033
184736, 9788694
182050, 9792701
180497, 9786455
181104, 9783419
185580, 9788286
183926, 9782457
180346, 9796851
182062, 9784828
182191, 9783973
187346, 9784931
180548, 9799266
189697, 9791092
177973, 9789150
183266, 9794759
184053, 9789026
190347, 9790181
181687, 9791366
189391, 9794743
179838, 9798850
182024, 9793182
188490, 9785338
186600, 9794271
178341, 9794117
185176, 9798391
184667, 9784628
