# Actual number of control cameras to place = 50
179634, 9782273
179634, 9784054
179634, 9786948
179634, 9787954
179634, 9790256
179634, 9791877
179634, 9792979
179634, 9795319
179634, 9796122
179634, 9798045
180447, 9782273
180447, 9784054
180447, 9786948
180447, 9787954
180447, 9790256
180447, 9791877
180447, 9792979
180447, 9795319
180447, 9796122
180447, 9798045
183552, 9782273
183552, 9784054
183552, 9786948
183552, 9787954
183552, 9790256
183552, 9791877
183552, 9792979
183552, 9795319
183552, 9796122
183552, 9798045
187127, 9782273
187127, 9784054
187127, 9786948
187127, 9787954
187127, 9790256
187127, 9791877
187127, 9792979
187127, 9795319
187127, 9796122
187127, 9798045
188638, 9782273
188638, 9784054
188638, 9786948
188638, 9787954
188638, 9790256
188638, 9791877
188638, 9792979
188638, 9795319
188638, 9796122
188638, 9798045
