# Actual number of control cameras to place = 50
179034, 9782826
179034, 9785068
179034, 9785601
179034, 9788089
179034, 9789797
179034, 9792290
179034, 9792781
179034, 9795409
179034, 9796959
179034, 9799085
181024, 9782826
181024, 9785068
181024, 9785601
181024, 9788089
181024, 9789797
181024, 9792290
181024, 9792781
181024, 9795409
181024, 9796959
181024, 9799085
184706, 9782826
184706, 9785068
184706, 9785601
184706, 9788089
184706, 9789797
184706, 9792290
184706, 9792781
184706, 9795409
184706, 9796959
184706, 9799085
186574, 9782826
186574, 9785068
186574, 9785601
186574, 9788089
186574, 9789797
186574, 9792290
186574, 9792781
186574, 9795409
186574, 9796959
186574, 9799085
190311, 9782826
190311, 9785068
190311, 9785601
190311, 9788089
190311, 9789797
190311, 9792290
190311, 9792781
190311, 9795409
190311, 9796959
190311, 9799085
