# Actual number of control cameras to place = 48
175440, 9781712
175440, 9783152
175440, 9784243
175440, 9784953
175440, 9785594
175440, 9786575
175440, 9787616
175440, 9788680
175440, 9789802
175440, 9790551
175440, 9791709
175440, 9792286
176311, 9781712
176311, 9783152
176311, 9784243
176311, 9784953
176311, 9785594
176311, 9786575
176311, 9787616
176311, 9788680
176311, 9789802
176311, 9790551
176311, 9791709
176311, 9792286
178545, 9781712
178545, 9783152
178545, 9784243
178545, 9784953
178545, 9785594
178545, 9786575
178545, 9787616
178545, 9788680
178545, 9789802
178545, 9790551
178545, 9791709
178545, 9792286
180183, 9781712
180183, 9783152
180183, 9784243
180183, 9784953
180183, 9785594
180183, 9786575
180183, 9787616
180183, 9788680
180183, 9789802
180183, 9790551
180183, 9791709
180183, 9792286
