# Actual number of control cameras to place = 48
175064, 9781804
175064, 9783069
175064, 9784209
175064, 9785190
175064, 9785953
175064, 9787029
175064, 9787837
175064, 9788646
175064, 9789823
175064, 9790634
175064, 9791645
175064, 9792705
175821, 9781804
175821, 9783069
175821, 9784209
175821, 9785190
175821, 9785953
175821, 9787029
175821, 9787837
175821, 9788646
175821, 9789823
175821, 9790634
175821, 9791645
175821, 9792705
177888, 9781804
177888, 9783069
177888, 9784209
177888, 9785190
177888, 9785953
177888, 9787029
177888, 9787837
177888, 9788646
177888, 9789823
177888, 9790634
177888, 9791645
177888, 9792705
180227, 9781804
180227, 9783069
180227, 9784209
180227, 9785190
180227, 9785953
180227, 9787029
180227, 9787837
180227, 9788646
180227, 9789823
180227, 9790634
180227, 9791645
180227, 9792705
