# Number of control cameras to place = 54 (includes 54 opportunistic sightings + 0 placed randomly)
179125, 9787388
177795, 9785592
179647, 9786462
178765, 9787185
176819, 9784905
179048, 9786474
180037, 9782288
174067, 9789592
177457, 9791246
174438, 9784076
175747, 9789789
180227, 9792192
177341, 9786538
178290, 9792889
174718, 9784796
180146, 9783709
175371, 9788100
175809, 9785064
178572, 9789810
176400, 9783246
174421, 9792488
177292, 9788246
175383, 9792561
179538, 9790594
174087, 9785203
175830, 9789607
178717, 9789338
176251, 9781700
175464, 9790389
177959, 9791117
177625, 9784790
175308, 9792468
174269, 9784152
178191, 9782692
176504, 9788147
176802, 9788669
176428, 9789305
174254, 9787280
180306, 9784694
179279, 9787248
178452, 9788656
179384, 9791399
176802, 9786887
180489, 9781728
177700, 9786343
178302, 9781898
180429, 9790506
177713, 9783415
178118, 9788091
175608, 9783882
174625, 9784913
179599, 9789714
176988, 9783804
179504, 9785289
