# Number of control cameras to place = 50 (includes 50 opportunistic sightings + 0 placed randomly)
185656, 9793165
179815, 9786393
182658, 9797922
182660, 9794194
181081, 9783460
186170, 9795131
183236, 9788031
187806, 9792785
186495, 9786875
190044, 9788114
188138, 9787713
188389, 9799071
187775, 9783353
181416, 9787642
186175, 9782276
181649, 9796825
189948, 9795507
184398, 9788404
188280, 9797215
184384, 9798652
183364, 9786368
188970, 9792660
187698, 9796537
189838, 9794910
181956, 9783421
184449, 9790529
178534, 9790347
190122, 9782482
189757, 9784700
180604, 9797651
180910, 9783582
185885, 9783893
189416, 9783457
178933, 9790868
182852, 9784833
181651, 9782936
187455, 9789432
187871, 9793463
178593, 9784802
179726, 9793101
186915, 9792921
181864, 9796112
188241, 9791531
183973, 9784835
180013, 9787889
183659, 9791002
180305, 9783174
190426, 9791387
181417, 9790928
179745, 9791169
