# Number of control cameras to place = 50 (includes 50 opportunistic sightings + 0 placed randomly)
174231, 9787372
179322, 9792178
177766, 9792315
174896, 9792522
175809, 9782175
175094, 9785844
179066, 9789134
177700, 9791331
179956, 9790608
177763, 9792429
175057, 9792072
178355, 9787213
179500, 9781715
174477, 9785723
176244, 9785885
178935, 9789751
179602, 9792416
175433, 9783615
178418, 9787569
175935, 9790153
177352, 9786479
179367, 9792740
180270, 9787914
178221, 9788917
180434, 9789170
175661, 9789038
180037, 9792055
177338, 9784692
174712, 9790005
176677, 9782099
177555, 9785622
175051, 9791961
179142, 9784407
178442, 9783258
179421, 9787474
180351, 9788320
177910, 9791322
179145, 9786136
179613, 9785984
179374, 9785267
177878, 9789856
174950, 9786291
178334, 9785679
177935, 9790978
179111, 9790097
174312, 9782446
179515, 9782848
175816, 9792591
180183, 9789018
176224, 9782762
