# Number of control cameras to place = 50 (includes 2 opportunistic sightings + 48 placed randomly)
176432, 9783456
178127, 9789477
174771, 9784078
178089, 9783826
176702, 9789044
179624, 9782915
176308, 9782688
180072, 9791635
179822, 9793015
178138, 9788454
179477, 9781758
177822, 9783848
179899, 9784723
175456, 9788741
176636, 9789980
177146, 9787777
179831, 9783354
178593, 9787422
177102, 9792461
176865, 9789346
176536, 9785196
180055, 9783999
176585, 9785107
175887, 9785556
176822, 9781778
174065, 9787461
174206, 9783645
175497, 9789577
179697, 9787003
176078, 9781674
179898, 9791628
178789, 9788456
178254, 9786147
176696, 9792482
179350, 9785747
180219, 9784560
179015, 9783600
174218, 9791633
174589, 9786527
176085, 9786377
176148, 9783459
179277, 9784607
175529, 9792472
179606, 9792248
179253, 9791394
176585, 9792788
177249, 9786268
175408, 9781929
177741, 9787011
175788, 9787303
