# Number of control cameras to place = 54 (includes 19 opportunistic sightings + 35 placed randomly)
176660, 9784262
176619, 9784125
176193, 9784700
176732, 9784255
176660, 9784262
176185, 9787671
175782, 9786825
177760, 9784810
176619, 9784125
176979, 9787461
176954, 9787577
176270, 9784782
175938, 9787290
175753, 9787070
176892, 9787619
176619, 9784125
175137, 9785995
176619, 9784125
176619, 9784125
177040, 9781768
175363, 9789219
178738, 9787152
176765, 9790790
176129, 9787431
180425, 9791692
175707, 9784633
174245, 9792643
178831, 9783134
179401, 9781615
175829, 9786597
178115, 9791761
174062, 9790805
175798, 9791569
180354, 9783401
176551, 9787403
180025, 9789972
177038, 9791128
178296, 9790173
176402, 9782816
174149, 9786192
177328, 9783980
179001, 9785537
176736, 9792627
179424, 9788989
180087, 9785318
174430, 9790115
178466, 9786368
175207, 9792255
177342, 9787012
177673, 9792456
179339, 9783918
177039, 9790467
177513, 9781912
178065, 9782124
