# Number of control cameras to place = 54 (includes 22 opportunistic sightings + 32 placed randomly)
178390, 9782461
179918, 9785967
176923, 9784898
180156, 9785047
178168, 9782652
176888, 9784826
180248, 9786126
177428, 9785056
179665, 9785890
180062, 9785586
177428, 9785056
175860, 9783685
178358, 9790138
175374, 9785717
179534, 9786392
178718, 9788598
180340, 9786063
179645, 9785976
177009, 9782895
179976, 9785778
175685, 9785458
178785, 9787399
176648, 9789991
178703, 9789335
176667, 9784340
174730, 9788279
174176, 9787481
179975, 9783214
175604, 9788556
179533, 9785775
174968, 9792584
174280, 9789108
176548, 9785979
174150, 9788880
174851, 9785090
178285, 9789630
178656, 9785150
177633, 9782457
179470, 9789792
179461, 9787812
175185, 9782467
175870, 9791141
177103, 9789120
180169, 9788371
175511, 9790905
179685, 9788653
175177, 9791579
176326, 9787480
178349, 9784588
179691, 9782189
175611, 9781911
174361, 9786250
175304, 9791160
179818, 9782906
