# Number of control cameras to place = 50 (includes 0 opportunistic sightings + 50 placed randomly)
175360, 9792449
175185, 9782150
178903, 9781932
175912, 9784482
176873, 9791994
174892, 9792477
174341, 9784194
178095, 9789280
179680, 9791286
176065, 9792401
177110, 9790671
174745, 9792815
176060, 9792723
177390, 9786483
179314, 9790186
174858, 9786696
179912, 9788951
177918, 9781790
179238, 9790464
176012, 9791589
179577, 9791440
177707, 9788383
180028, 9785929
175572, 9786617
175836, 9789412
175062, 9788545
178031, 9782157
175135, 9784755
177993, 9791233
175182, 9784624
179215, 9782489
175501, 9781751
179666, 9785484
174966, 9782665
176660, 9789476
179642, 9787571
176448, 9784552
177337, 9790471
178973, 9785290
177164, 9788367
178151, 9784686
178871, 9791229
178570, 9790022
177560, 9787864
179973, 9785553
179023, 9787143
177782, 9787250
178835, 9791522
174134, 9788671
180282, 9791046
