# Actual number of control cameras to place = 48
175293, 9782056
175293, 9782739
175293, 9783722
175293, 9784725
175293, 9785750
175293, 9786502
175293, 9787890
175293, 9788742
175293, 9789672
175293, 9790994
175293, 9791307
175293, 9792963
177157, 9782056
177157, 9782739
177157, 9783722
177157, 9784725
177157, 9785750
177157, 9786502
177157, 9787890
177157, 9788742
177157, 9789672
177157, 9790994
177157, 9791307
177157, 9792963
178120, 9782056
178120, 9782739
178120, 9783722
178120, 9784725
178120, 9785750
178120, 9786502
178120, 9787890
178120, 9788742
178120, 9789672
178120, 9790994
178120, 9791307
178120, 9792963
180328, 9782056
180328, 9782739
180328, 9783722
180328, 9784725
180328, 9785750
180328, 9786502
180328, 9787890
180328, 9788742
180328, 9789672
180328, 9790994
180328, 9791307
180328, 9792963
