# Actual number of control cameras to place = 60
175120, 9782046
175120, 9783197
175120, 9783823
175120, 9785127
175120, 9785699
175120, 9786485
175120, 9787689
175120, 9788735
175120, 9790014
175120, 9790679
175120, 9791560
175120, 9792981
175564, 9782046
175564, 9783197
175564, 9783823
175564, 9785127
175564, 9785699
175564, 9786485
175564, 9787689
175564, 9788735
175564, 9790014
175564, 9790679
175564, 9791560
175564, 9792981
177062, 9782046
177062, 9783197
177062, 9783823
177062, 9785127
177062, 9785699
177062, 9786485
177062, 9787689
177062, 9788735
177062, 9790014
177062, 9790679
177062, 9791560
177062, 9792981
178114, 9782046
178114, 9783197
178114, 9783823
178114, 9785127
178114, 9785699
178114, 9786485
178114, 9787689
178114, 9788735
178114, 9790014
178114, 9790679
178114, 9791560
178114, 9792981
179421, 9782046
179421, 9783197
179421, 9783823
179421, 9785127
179421, 9785699
179421, 9786485
179421, 9787689
179421, 9788735
179421, 9790014
179421, 9790679
179421, 9791560
179421, 9792981
