# Actual number of control cameras to place = 50
178855, 9782094
178855, 9784943
178855, 9786155
178855, 9788792
178855, 9790254
178855, 9791580
178855, 9792796
178855, 9795098
178855, 9796710
178855, 9798770
181413, 9782094
181413, 9784943
181413, 9786155
181413, 9788792
181413, 9790254
181413, 9791580
181413, 9792796
181413, 9795098
181413, 9796710
181413, 9798770
183946, 9782094
183946, 9784943
183946, 9786155
183946, 9788792
183946, 9790254
183946, 9791580
183946, 9792796
183946, 9795098
183946, 9796710
183946, 9798770
187731, 9782094
187731, 9784943
187731, 9786155
187731, 9788792
187731, 9790254
187731, 9791580
187731, 9792796
187731, 9795098
187731, 9796710
187731, 9798770
189850, 9782094
189850, 9784943
189850, 9786155
189850, 9788792
189850, 9790254
189850, 9791580
189850, 9792796
189850, 9795098
189850, 9796710
189850, 9798770
