# Actual number of control cameras to place = 48
174425, 9781803
174425, 9782650
174425, 9784168
174425, 9785053
174425, 9785905
174425, 9786515
174425, 9787894
174425, 9788722
174425, 9789696
174425, 9790950
174425, 9791654
174425, 9792289
176541, 9781803
176541, 9782650
176541, 9784168
176541, 9785053
176541, 9785905
176541, 9786515
176541, 9787894
176541, 9788722
176541, 9789696
176541, 9790950
176541, 9791654
176541, 9792289
177893, 9781803
177893, 9782650
177893, 9784168
177893, 9785053
177893, 9785905
177893, 9786515
177893, 9787894
177893, 9788722
177893, 9789696
177893, 9790950
177893, 9791654
177893, 9792289
179540, 9781803
179540, 9782650
179540, 9784168
179540, 9785053
179540, 9785905
179540, 9786515
179540, 9787894
179540, 9788722
179540, 9789696
179540, 9790950
179540, 9791654
179540, 9792289
