# Actual number of control cameras to place = 50
177847, 9782552
177847, 9784330
177847, 9787056
177847, 9788035
177847, 9789434
177847, 9792329
177847, 9793815
177847, 9794721
177847, 9797175
177847, 9799076
181218, 9782552
181218, 9784330
181218, 9787056
181218, 9788035
181218, 9789434
181218, 9792329
181218, 9793815
181218, 9794721
181218, 9797175
181218, 9799076
183790, 9782552
183790, 9784330
183790, 9787056
183790, 9788035
183790, 9789434
183790, 9792329
183790, 9793815
183790, 9794721
183790, 9797175
183790, 9799076
186361, 9782552
186361, 9784330
186361, 9787056
186361, 9788035
186361, 9789434
186361, 9792329
186361, 9793815
186361, 9794721
186361, 9797175
186361, 9799076
189126, 9782552
189126, 9784330
189126, 9787056
189126, 9788035
189126, 9789434
189126, 9792329
189126, 9793815
189126, 9794721
189126, 9797175
189126, 9799076
