# Actual number of control cameras to place = 48
175185, 9782091
175185, 9782748
175185, 9783927
175185, 9785041
175185, 9785647
175185, 9786761
175185, 9787480
175185, 9788480
175185, 9789475
175185, 9790487
175185, 9791755
175185, 9792319
175827, 9782091
175827, 9782748
175827, 9783927
175827, 9785041
175827, 9785647
175827, 9786761
175827, 9787480
175827, 9788480
175827, 9789475
175827, 9790487
175827, 9791755
175827, 9792319
178004, 9782091
178004, 9782748
178004, 9783927
178004, 9785041
178004, 9785647
178004, 9786761
178004, 9787480
178004, 9788480
178004, 9789475
178004, 9790487
178004, 9791755
178004, 9792319
179959, 9782091
179959, 9782748
179959, 9783927
179959, 9785041
179959, 9785647
179959, 9786761
179959, 9787480
179959, 9788480
179959, 9789475
179959, 9790487
179959, 9791755
179959, 9792319
