# Number of control cameras to place = 50 (includes 50 opportunistic sightings + 0 placed randomly)
180730, 9790870
178862, 9794001
180585, 9793827
178655, 9798012
185814, 9794263
180465, 9785569
183206, 9784793
190452, 9787226
184031, 9791280
185511, 9782749
185303, 9784630
186115, 9783655
177882, 9794524
189872, 9791445
184091, 9797514
186863, 9798327
178230, 9785144
183425, 9789429
177880, 9792340
187540, 9786578
183235, 9786857
188640, 9785476
186831, 9796882
190287, 9786761
188414, 9798935
189157, 9789352
180096, 9786436
178393, 9789994
184170, 9796811
188993, 9795932
181499, 9794369
178524, 9790728
185109, 9785394
177789, 9795195
189291, 9787105
179645, 9784427
189899, 9787741
188755, 9789406
178629, 9785333
178838, 9791392
188043, 9798641
177829, 9799254
182708, 9785400
185383, 9792771
187529, 9797030
188624, 9784543
184347, 9787663
188836, 9784199
178151, 9789595
190531, 9792071
