# Number of control cameras to place = 54 (includes 54 opportunistic sightings + 0 placed randomly)
177175, 9785250
178415, 9784778
174732, 9790180
180097, 9785426
178147, 9791558
175562, 9783821
180432, 9788231
179107, 9782182
180011, 9784778
176751, 9787590
175682, 9787663
178659, 9784321
176647, 9791118
175846, 9784423
174358, 9786843
178501, 9783261
175654, 9786835
177977, 9791105
174106, 9791237
178148, 9787811
179944, 9791164
178247, 9790538
177818, 9792987
178410, 9784086
179488, 9788362
174291, 9792865
177721, 9783806
176572, 9789304
178587, 9785783
175345, 9790593
176542, 9782391
174969, 9787854
178583, 9785990
175267, 9791674
176704, 9784654
177231, 9783056
177678, 9787227
174336, 9788335
175880, 9784103
180120, 9785807
178870, 9792840
176657, 9782831
174754, 9788418
177692, 9789794
176726, 9788175
174541, 9788018
176542, 9791563
179714, 9784956
178143, 9788178
177879, 9786523
175692, 9788014
174261, 9789004
174065, 9787949
177434, 9788758
