# Number of control cameras to place = 54 (includes 5 opportunistic sightings + 49 placed randomly)
174981, 9786347
174981, 9786347
177372, 9788388
174757, 9785031
179613, 9785018
176582, 9787138
176927, 9791037
176573, 9784532
175544, 9784152
180022, 9788054
178927, 9792415
179067, 9784303
175892, 9791235
174335, 9784693
178413, 9787706
175915, 9784980
176249, 9783541
179944, 9792825
175030, 9782181
178953, 9788934
176415, 9784911
180072, 9786435
180136, 9788862
178294, 9789683
178509, 9788091
179088, 9785314
174089, 9787610
179752, 9792376
176170, 9792229
179948, 9787835
174117, 9782248
179708, 9789053
177941, 9789364
175163, 9786476
175987, 9782039
180249, 9785063
176514, 9791704
179439, 9787684
179452, 9788282
179657, 9790507
177575, 9785107
179972, 9792310
179910, 9781825
176727, 9781922
175567, 9785635
176691, 9784549
175005, 9785840
180105, 9792118
176206, 9786337
177343, 9783164
177474, 9789684
179243, 9782210
177292, 9784404
178805, 9785283
