# Number of control cameras to place = 54 (includes 13 opportunistic sightings + 41 placed randomly)
176495, 9784480
178409, 9793141
176495, 9784480
176572, 9784293
177221, 9786861
177221, 9786861
176516, 9784107
177699, 9791788
177582, 9792258
176427, 9784439
177221, 9786861
177221, 9786861
177221, 9786861
174398, 9781618
175844, 9788918
175327, 9790831
175918, 9788037
175658, 9786977
179654, 9792441
180079, 9781630
176257, 9787663
174489, 9792978
178952, 9782556
175079, 9791271
178377, 9783155
176462, 9790656
176848, 9790190
174438, 9789418
176210, 9782121
176589, 9785402
176337, 9784184
179580, 9791244
178592, 9788344
179263, 9781743
179785, 9781659
178815, 9787157
178082, 9791326
179880, 9784811
179546, 9782201
180415, 9784878
180334, 9787224
175803, 9789325
178984, 9790459
178673, 9791867
179678, 9782814
180448, 9784767
179884, 9783325
178702, 9786341
175559, 9788446
177291, 9790178
177455, 9789894
174971, 9781686
178612, 9783623
179197, 9787887
