# Number of control cameras to place = 50 (includes 3 opportunistic sightings + 47 placed randomly)
177935, 9785989
178115, 9786216
178115, 9786216
182749, 9796339
188554, 9788781
182955, 9797284
188722, 9797300
187218, 9795375
179506, 9795514
189744, 9785386
190333, 9793252
190309, 9788699
178053, 9798161
180251, 9794209
189053, 9789970
189198, 9797069
185738, 9789361
188246, 9798734
178382, 9795674
183026, 9785597
184706, 9796737
178141, 9783073
188923, 9791758
184621, 9795286
178260, 9786724
181631, 9797618
186206, 9789635
181695, 9783549
190176, 9782562
189980, 9799219
180041, 9793394
187852, 9796768
184926, 9792765
190015, 9789448
177772, 9788693
179307, 9792393
180930, 9799093
181188, 9797202
190491, 9796891
184587, 9793506
185124, 9798992
187530, 9783310
189256, 9786216
178357, 9797615
184697, 9798986
178984, 9784655
189471, 9794915
188540, 9784981
177892, 9793593
184814, 9793394
