# Number of control cameras to place = 50 (includes 0 opportunistic sightings + 50 placed randomly)
183559, 9789962
189490, 9794868
184496, 9792695
182415, 9785307
182507, 9789606
185545, 9790993
188262, 9782731
187835, 9795041
186182, 9792897
189942, 9798046
180318, 9797248
185417, 9795304
182992, 9790727
187759, 9797945
184050, 9789300
178423, 9783877
187683, 9785153
188643, 9788603
189080, 9799041
182367, 9791785
182101, 9790325
183932, 9792834
179742, 9787600
181336, 9793077
181121, 9788539
188196, 9795050
185571, 9783097
178219, 9796331
180874, 9795978
187401, 9784001
183650, 9791089
189500, 9782115
185142, 9785934
181395, 9792335
185199, 9796134
179165, 9786671
180120, 9797069
190198, 9798672
189338, 9798856
183203, 9793667
182360, 9788003
188518, 9785886
181867, 9797176
185340, 9790033
181976, 9796018
179812, 9794234
179726, 9793075
180907, 9790041
188891, 9791390
186351, 9788564
