# Number of control cameras to place = 50 (includes 50 opportunistic sightings + 0 placed randomly)
172723, 9784383
171353, 9776876
174549, 9783326
171530, 9780060
171999, 9788312
171968, 9780693
176618, 9781066
175063, 9783372
174611, 9786711
175590, 9785251
177586, 9782404
176105, 9786806
170851, 9787949
176278, 9784204
173355, 9788689
175849, 9786527
172508, 9777053
174461, 9777601
173316, 9787286
174297, 9784644
175706, 9780905
176958, 9780306
177127, 9780437
175855, 9778172
174024, 9779495
174817, 9777873
173668, 9779291
173446, 9780971
171245, 9788272
171651, 9781528
174562, 9785469
172786, 9776861
171149, 9784582
173951, 9780526
175822, 9785990
171344, 9782193
173691, 9780065
175837, 9780097
176233, 9781138
175597, 9784782
171507, 9787928
173947, 9778662
176817, 9787985
174685, 9780202
174177, 9786793
171753, 9783529
173555, 9781821
172322, 9778675
174495, 9783019
177309, 9778103
