# Number of control cameras to place = 50 (includes 50 opportunistic sightings + 0 placed randomly)
189572, 9793053
180677, 9787202
190025, 9787565
183695, 9785314
183468, 9788054
188353, 9792972
188183, 9789628
184532, 9788989
181081, 9788607
188409, 9789281
190674, 9787318
184340, 9796801
182293, 9788740
189457, 9796088
189954, 9786567
186464, 9792391
187802, 9785644
184974, 9789012
186232, 9786030
182466, 9788760
183058, 9783085
181313, 9792298
180897, 9788993
184631, 9797888
181548, 9790140
188432, 9796778
190268, 9798045
186431, 9793203
182702, 9799161
181921, 9792397
189416, 9787295
180112, 9787479
179848, 9796188
190487, 9795386
180449, 9791140
188134, 9791216
184553, 9789886
187238, 9783368
184831, 9790824
183888, 9796381
182301, 9791433
190457, 9791217
185698, 9783267
181771, 9788838
183513, 9784446
186226, 9790363
190312, 9788335
179011, 9792320
186733, 9788708
180106, 9791705
