# Number of control cameras to place = 50 (includes 0 opportunistic sightings + 50 placed randomly)
183662, 9791763
189455, 9797492
179740, 9784486
186211, 9784280
178725, 9784278
183974, 9791328
180805, 9792425
181167, 9794625
189277, 9786012
183808, 9783089
180597, 9791662
178060, 9796041
182430, 9788476
184290, 9798150
182738, 9783491
189268, 9785860
188653, 9792668
187741, 9798422
190021, 9798198
190523, 9798156
179561, 9787622
186231, 9797306
182237, 9794155
185321, 9790412
188659, 9796290
182436, 9794773
177816, 9784566
189498, 9793814
187286, 9797251
180059, 9786307
186354, 9794267
185707, 9794879
187673, 9794663
179152, 9796430
182264, 9785016
185254, 9784436
185134, 9797050
178162, 9790599
178076, 9796262
182775, 9789567
182896, 9796717
188853, 9784010
178966, 9798721
182614, 9795318
186163, 9786079
185337, 9796046
181561, 9797898
185708, 9797616
187130, 9784164
189797, 9798163
