# Number of control cameras to place = 50 (includes 12 opportunistic sightings + 38 placed randomly)
172258, 9784086
171026, 9780657
171954, 9785335
171026, 9780657
172083, 9785712
171954, 9785335
172093, 9782850
173992, 9783290
171346, 9782188
172005, 9785466
173915, 9783300
172063, 9783773
176160, 9784287
171001, 9787777
175600, 9779446
175202, 9781222
173525, 9788080
176899, 9779652
176125, 9777856
175712, 9784679
172597, 9785350
175193, 9778558
173449, 9783936
171035, 9783211
175320, 9784968
174088, 9781340
175075, 9777800
173909, 9780246
174131, 9788730
176360, 9783422
176031, 9781674
175089, 9787372
177442, 9782940
175835, 9783975
173415, 9786122
175766, 9788372
174641, 9781534
176758, 9779071
177093, 9781018
172747, 9777087
175992, 9780495
172384, 9785832
171656, 9783474
174793, 9778574
177569, 9786749
174721, 9785491
172504, 9787589
176662, 9777646
171588, 9786271
172213, 9788076
