# Actual number of control cameras to place = 50
178431, 9783464
178431, 9783976
178431, 9785803
178431, 9788648
178431, 9790416
178431, 9791764
178431, 9792553
178431, 9794628
178431, 9796642
178431, 9798830
182211, 9783464
182211, 9783976
182211, 9785803
182211, 9788648
182211, 9790416
182211, 9791764
182211, 9792553
182211, 9794628
182211, 9796642
182211, 9798830
184754, 9783464
184754, 9783976
184754, 9785803
184754, 9788648
184754, 9790416
184754, 9791764
184754, 9792553
184754, 9794628
184754, 9796642
184754, 9798830
187307, 9783464
187307, 9783976
187307, 9785803
187307, 9788648
187307, 9790416
187307, 9791764
187307, 9792553
187307, 9794628
187307, 9796642
187307, 9798830
188708, 9783464
188708, 9783976
188708, 9785803
188708, 9788648
188708, 9790416
188708, 9791764
188708, 9792553
188708, 9794628
188708, 9796642
188708, 9798830
