# Actual number of control cameras to place = 52
171839, 9775946
171839, 9777430
171839, 9778354
171839, 9780167
171839, 9781824
171839, 9783222
171839, 9783758
171839, 9785105
171839, 9787324
171839, 9787833
171839, 9789601
171839, 9791657
171839, 9792975
173601, 9775946
173601, 9777430
173601, 9778354
173601, 9780167
173601, 9781824
173601, 9783222
173601, 9783758
173601, 9785105
173601, 9787324
173601, 9787833
173601, 9789601
173601, 9791657
173601, 9792975
176028, 9775946
176028, 9777430
176028, 9778354
176028, 9780167
176028, 9781824
176028, 9783222
176028, 9783758
176028, 9785105
176028, 9787324
176028, 9787833
176028, 9789601
176028, 9791657
176028, 9792975
179693, 9775946
179693, 9777430
179693, 9778354
179693, 9780167
179693, 9781824
179693, 9783222
179693, 9783758
179693, 9785105
179693, 9787324
179693, 9787833
179693, 9789601
179693, 9791657
179693, 9792975
