# Actual number of control cameras to place = 50
179151, 9783456
179151, 9784889
179151, 9785812
179151, 9787642
179151, 9789247
179151, 9791763
179151, 9793367
179151, 9795597
179151, 9796196
179151, 9798660
182476, 9783456
182476, 9784889
182476, 9785812
182476, 9787642
182476, 9789247
182476, 9791763
182476, 9793367
182476, 9795597
182476, 9796196
182476, 9798660
184447, 9783456
184447, 9784889
184447, 9785812
184447, 9787642
184447, 9789247
184447, 9791763
184447, 9793367
184447, 9795597
184447, 9796196
184447, 9798660
186999, 9783456
186999, 9784889
186999, 9785812
186999, 9787642
186999, 9789247
186999, 9791763
186999, 9793367
186999, 9795597
186999, 9796196
186999, 9798660
189306, 9783456
189306, 9784889
189306, 9785812
189306, 9787642
189306, 9789247
189306, 9791763
189306, 9793367
189306, 9795597
189306, 9796196
189306, 9798660
