# Number of control cameras to place = 50 (includes 50 opportunistic sightings + 0 placed randomly)
178999, 9790950
187191, 9796385
180180, 9784065
188791, 9782416
178994, 9795899
182921, 9796068
183513, 9793200
182027, 9794467
184366, 9795365
187613, 9791804
179806, 9787977
184211, 9784998
187792, 9792415
181436, 9789233
182032, 9798181
190361, 9782424
179780, 9791171
189630, 9795406
181231, 9785016
181631, 9785621
183194, 9791798
182037, 9783734
178379, 9786529
184473, 9785787
177892, 9790705
183082, 9782612
190467, 9792069
183677, 9791129
178686, 9791386
189388, 9787052
183058, 9784990
190605, 9794720
180029, 9788283
190292, 9786924
188723, 9788818
179019, 9789726
189031, 9789963
188143, 9787378
178426, 9796386
178017, 9793366
186925, 9783419
186530, 9788063
179914, 9783084
184633, 9798750
185158, 9794677
185923, 9792322
179841, 9798151
190449, 9796685
188131, 9791009
189912, 9790526
