# Number of control cameras to place = 50 (includes 0 opportunistic sightings + 50 placed randomly)
182580, 9783494
186525, 9786732
183849, 9786923
182833, 9785712
179251, 9790897
187993, 9785252
180625, 9794969
178675, 9796729
188038, 9791120
179520, 9784742
183642, 9794847
179383, 9791643
181160, 9786705
178105, 9797331
185353, 9791491
188541, 9784341
189276, 9783129
189011, 9794734
181308, 9793625
184018, 9789503
181292, 9791733
181414, 9786422
186485, 9788992
189191, 9787914
179597, 9798494
182722, 9796990
182956, 9787527
178611, 9792466
186022, 9783602
188056, 9782704
185628, 9790081
180924, 9795749
179107, 9787962
182384, 9797631
182921, 9794408
185687, 9787520
189198, 9793361
181288, 9784361
188612, 9791598
181190, 9787873
182529, 9784547
179273, 9796856
189526, 9795296
185905, 9782265
181855, 9789143
181394, 9787777
186403, 9797819
185085, 9793164
180363, 9791110
182698, 9788438
