# Number of control cameras to place = 50 (includes 10 opportunistic sightings + 40 placed randomly)
172294, 9783594
174792, 9785557
172648, 9784319
174305, 9781925
172441, 9782451
172486, 9784670
173680, 9782418
173445, 9782335
173208, 9784282
174742, 9783257
176024, 9778153
175500, 9790455
175842, 9786536
174130, 9787369
174592, 9790201
179247, 9787644
172420, 9786651
172053, 9782581
177757, 9782910
178610, 9781916
179323, 9785532
170954, 9787042
171326, 9785178
180078, 9777421
176741, 9782950
175200, 9781643
176958, 9778446
178980, 9784355
175296, 9789807
179089, 9790237
174578, 9777310
171423, 9775391
178303, 9785779
179078, 9791872
173989, 9785055
179045, 9783114
171326, 9775820
176396, 9789478
177821, 9792711
173434, 9782954
175921, 9775340
180137, 9776232
176178, 9790880
177191, 9786820
179499, 9791696
178608, 9792873
172999, 9790343
172354, 9783299
179805, 9781760
176073, 9780161
