# Number of control cameras to place = 50 (includes 3 opportunistic sightings + 47 placed randomly)
172550, 9782703
172204, 9784739
178884, 9782222
176495, 9783036
174603, 9792162
178523, 9784476
178050, 9780264
178664, 9779409
176248, 9780841
173266, 9784275
174958, 9783572
178829, 9776479
170879, 9780295
171664, 9791400
173969, 9776714
171104, 9784868
175608, 9775417
175599, 9777833
174994, 9790115
173513, 9790646
175892, 9785033
171423, 9782399
172416, 9781537
176075, 9791410
178549, 9792574
174768, 9791229
176391, 9779565
179856, 9791371
175457, 9781345
176781, 9792701
176676, 9785959
173392, 9778668
173595, 9780109
174080, 9788583
180174, 9790050
178126, 9775994
171674, 9788710
176690, 9778228
174169, 9777678
178635, 9780557
173586, 9782474
178225, 9787222
176275, 9792854
172299, 9791431
179789, 9776866
178429, 9785703
178772, 9776014
176269, 9776435
179370, 9786755
178035, 9790488
