# Number of control cameras to place = 50 (includes 8 opportunistic sightings + 42 placed randomly)
178109, 9782538
177777, 9782549
177760, 9784810
178346, 9782443
177633, 9782583
178078, 9782578
177906, 9782619
178487, 9782111
190377, 9785808
180318, 9792978
188041, 9788094
184165, 9792495
190041, 9793566
186868, 9796512
185235, 9799032
184139, 9797159
188237, 9793782
184013, 9794546
180818, 9784413
184325, 9788650
187280, 9792817
185181, 9782305
184888, 9782418
185535, 9791092
185638, 9784721
181282, 9787265
183739, 9786318
188598, 9784239
181378, 9790368
178086, 9798148
180186, 9797995
187327, 9789185
185521, 9794647
181451, 9783985
185254, 9796623
184725, 9797014
186917, 9792563
189766, 9793054
190391, 9788347
183129, 9783819
181312, 9798288
188123, 9797019
179422, 9790466
183292, 9782875
183281, 9786221
179344, 9793556
183477, 9797176
180214, 9796537
184340, 9793381
179359, 9789894
