# Number of control cameras to place = 54 (includes 3 opportunistic sightings + 51 placed randomly)
171576, 9778088
177963, 9786578
171124, 9779512
173013, 9778458
174039, 9791982
174786, 9787974
176540, 9790432
177662, 9787667
170892, 9781871
175171, 9786312
173334, 9781245
179132, 9787998
172654, 9781964
178776, 9783064
177200, 9780015
174001, 9777029
180482, 9789709
179972, 9784955
173355, 9789067
179372, 9792506
175850, 9783071
178611, 9783116
178359, 9777624
177257, 9787192
171005, 9781003
176696, 9776906
174721, 9790688
173971, 9778740
171180, 9784423
180094, 9792877
179193, 9784022
175426, 9792906
177320, 9780572
175651, 9781487
172685, 9782323
172794, 9781946
174548, 9789837
174031, 9788076
173941, 9791378
174751, 9780135
175752, 9788334
179086, 9783799
178172, 9776116
180282, 9788420
172520, 9777021
175326, 9782239
178045, 9782546
179928, 9777194
174218, 9779900
175481, 9787473
172725, 9790568
179208, 9788982
174834, 9785882
175823, 9790472
