# Number of control cameras to place = 50 (includes 50 opportunistic sightings + 0 placed randomly)
188153, 9792981
187212, 9797094
184611, 9797973
177763, 9788818
186275, 9786810
188250, 9792698
182862, 9785070
179726, 9785435
186378, 9782255
187486, 9794240
185537, 9791376
182561, 9787560
182935, 9792182
181576, 9796043
186875, 9782552
180097, 9788353
183273, 9787823
188152, 9792395
178030, 9793624
187412, 9796416
184206, 9797522
187363, 9788499
182184, 9791549
188919, 9784786
178190, 9794101
187887, 9791915
182454, 9786462
185889, 9798958
184771, 9787955
188424, 9783961
190587, 9795940
183830, 9788127
185845, 9786235
181794, 9787844
181301, 9795966
187312, 9789863
180508, 9788822
182704, 9793773
179716, 9789486
188999, 9795321
184620, 9788747
181235, 9794420
183139, 9789892
185188, 9797270
187112, 9793202
187551, 9797993
184930, 9786925
181060, 9794989
180862, 9794872
185870, 9783642
