# Number of control cameras to place = 54 (includes 54 opportunistic sightings + 0 placed randomly)
174038, 9779045
171104, 9784552
172912, 9779254
171478, 9783870
175714, 9785633
177084, 9781347
171570, 9788238
175767, 9782934
174456, 9779603
175392, 9777176
177649, 9780904
172128, 9781319
173642, 9778338
177639, 9778606
177389, 9788197
172385, 9782161
175639, 9779268
173466, 9786224
173994, 9786877
176702, 9783642
176186, 9778802
174847, 9779949
174968, 9778841
176096, 9785944
172488, 9787081
177194, 9783323
175019, 9778659
175050, 9782410
173407, 9781306
176291, 9780837
174356, 9778355
175050, 9780609
176372, 9778791
172433, 9786708
174803, 9778602
174306, 9780985
175972, 9778936
174596, 9778149
171927, 9784665
170987, 9786728
174833, 9779787
174880, 9783388
171243, 9777137
171580, 9777110
177683, 9784098
172063, 9780121
177173, 9782433
175138, 9786895
171035, 9780773
171855, 9787284
172308, 9788102
172227, 9786587
176017, 9783321
172951, 9777637
