# Number of control cameras to place = 50 (includes 50 opportunistic sightings + 0 placed randomly)
185577, 9797466
182747, 9783586
185129, 9782382
189516, 9791643
186517, 9787495
184248, 9788376
183923, 9794151
185211, 9793629
179861, 9792610
184626, 9788029
179935, 9782127
188958, 9793934
181830, 9788000
183834, 9786054
178803, 9787317
187156, 9783267
189301, 9787746
183865, 9788250
181170, 9793343
182069, 9783518
187100, 9792632
184814, 9782979
188227, 9783402
189449, 9784083
181809, 9798413
190228, 9788609
186634, 9794362
188880, 9787257
177917, 9795813
178516, 9787002
177882, 9790856
182062, 9798508
188192, 9789208
181616, 9784882
180645, 9797857
188277, 9794760
182599, 9790421
185878, 9790265
180755, 9790991
184822, 9791167
182078, 9786274
186269, 9790948
180339, 9782810
182665, 9789327
187502, 9784445
180187, 9799102
189459, 9788740
187685, 9796229
187686, 9791723
187389, 9798114
