# Number of control cameras to place = 54 (includes 1 opportunistic sightings + 53 placed randomly)
173061, 9781979
173088, 9777326
176120, 9787257
174824, 9784664
170998, 9783349
172576, 9780648
176275, 9777534
175790, 9784576
175802, 9781523
177458, 9778277
176884, 9782751
177152, 9782244
171357, 9780216
177690, 9784710
174983, 9778808
172907, 9781560
171961, 9779194
177236, 9779093
173249, 9787603
177377, 9779481
175265, 9780564
174680, 9783928
177666, 9783025
175988, 9778920
176142, 9786896
177142, 9785842
171977, 9778860
177679, 9787176
173645, 9781871
176523, 9778434
176313, 9780201
170979, 9786437
173250, 9786920
177377, 9788630
173571, 9783008
171629, 9783130
172141, 9785699
171403, 9787170
177505, 9788041
175263, 9787229
176508, 9787806
172323, 9777852
171884, 9779568
175942, 9782394
171581, 9786162
172669, 9778064
174682, 9780161
174985, 9784410
177019, 9777234
176884, 9781958
177123, 9780509
174378, 9788660
172820, 9787241
173752, 9780053
