# Number of control cameras to place = 54 (includes 54 opportunistic sightings + 0 placed randomly)
186781, 9778835
188992, 9774394
187226, 9773409
189324, 9774007
188349, 9774523
184728, 9776590
190391, 9778602
187104, 9782093
187764, 9780625
187577, 9775275
185918, 9774175
187260, 9777449
186424, 9774289
190470, 9777499
190180, 9775615
190494, 9777621
189118, 9775067
188905, 9781249
184717, 9779322
190321, 9781640
190134, 9779902
188196, 9775352
185956, 9777305
187751, 9777807
184000, 9777917
184992, 9774527
189078, 9779607
186203, 9772585
185298, 9775216
189914, 9775314
189821, 9774245
189975, 9774545
187313, 9777958
189243, 9780765
185380, 9781878
184664, 9776765
186425, 9778762
185564, 9775962
189979, 9771741
188664, 9774098
187338, 9780031
184235, 9781999
185030, 9779930
185408, 9771898
190352, 9780712
189109, 9779492
187646, 9774157
185971, 9777819
186836, 9774193
187386, 9778053
190064, 9773892
185212, 9776911
185994, 9780843
188653, 9780285
