# Actual number of control cameras to place = 36
174156, 9774621
174156, 9775752
174156, 9776438
174156, 9777601
174156, 9777938
174156, 9779505
174156, 9779853
174156, 9781375
174156, 9782074
174156, 9782840
174156, 9783806
174156, 9784558
174156, 9785612
174156, 9786582
174156, 9787445
174156, 9788329
174156, 9789809
174156, 9790689
177279, 9774621
177279, 9775752
177279, 9776438
177279, 9777601
177279, 9777938
177279, 9779505
177279, 9779853
177279, 9781375
177279, 9782074
177279, 9782840
177279, 9783806
177279, 9784558
177279, 9785612
177279, 9786582
177279, 9787445
177279, 9788329
177279, 9789809
177279, 9790689
