# Number of control cameras to place = 54 (includes 54 opportunistic sightings + 0 placed randomly)
188423, 9780309
184593, 9773382
189365, 9775563
184234, 9781520
184941, 9771809
184198, 9776812
188398, 9775146
185193, 9771978
185932, 9774113
185533, 9779835
185621, 9781081
187077, 9778294
184423, 9776709
189449, 9777690
184742, 9774202
184156, 9781631
188135, 9773865
186197, 9777125
188514, 9775320
190354, 9774098
190192, 9773316
187534, 9775796
184875, 9779711
185179, 9774725
184667, 9776610
189905, 9775203
187746, 9777415
186603, 9774436
186926, 9775088
185398, 9772931
184375, 9779089
186485, 9775913
188745, 9775815
187632, 9781871
184935, 9780002
187903, 9772917
186340, 9776719
186348, 9772815
186957, 9771853
189307, 9776834
188045, 9779377
187346, 9778321
189492, 9772790
187585, 9773781
184944, 9775194
188057, 9775326
184080, 9777434
188941, 9777745
185027, 9779376
186446, 9772180
188329, 9772278
189921, 9775419
189535, 9778950
184039, 9780877
