# Number of control cameras to place = 54 (includes 54 opportunistic sightings + 0 placed randomly)
189782, 9774026
190369, 9774699
186263, 9781955
185077, 9774878
186906, 9779724
186516, 9773940
190176, 9779894
189711, 9779805
187816, 9780397
189626, 9782253
186581, 9781720
188074, 9772112
184716, 9776759
187394, 9779442
185615, 9779465
187608, 9771903
184132, 9780007
188108, 9775517
188043, 9772264
189812, 9777840
185695, 9774624
187857, 9780738
188668, 9772339
190535, 9780738
190556, 9772995
189769, 9776368
188524, 9781991
184677, 9773086
185362, 9774452
187195, 9771918
185354, 9772641
187404, 9773185
185767, 9778595
186217, 9781510
190361, 9779401
187024, 9775869
184714, 9778665
184124, 9780983
183990, 9779174
188371, 9778586
190113, 9773318
188584, 9780780
188163, 9777759
185804, 9779199
188335, 9781240
184291, 9773114
185688, 9775328
189564, 9775735
185340, 9775814
189325, 9776239
186113, 9774764
189667, 9773613
186036, 9775695
190534, 9772117
