# Actual number of control cameras to place = 60
171001, 9776960
171001, 9778144
171001, 9779420
171001, 9780218
171001, 9780886
171001, 9781969
171001, 9783229
171001, 9784496
171001, 9785388
171001, 9786055
171001, 9787287
171001, 9787971
172988, 9776960
172988, 9778144
172988, 9779420
172988, 9780218
172988, 9780886
172988, 9781969
172988, 9783229
172988, 9784496
172988, 9785388
172988, 9786055
172988, 9787287
172988, 9787971
174493, 9776960
174493, 9778144
174493, 9779420
174493, 9780218
174493, 9780886
174493, 9781969
174493, 9783229
174493, 9784496
174493, 9785388
174493, 9786055
174493, 9787287
174493, 9787971
175568, 9776960
175568, 9778144
175568, 9779420
175568, 9780218
175568, 9780886
175568, 9781969
175568, 9783229
175568, 9784496
175568, 9785388
175568, 9786055
175568, 9787287
175568, 9787971
177685, 9776960
177685, 9778144
177685, 9779420
177685, 9780218
177685, 9780886
177685, 9781969
177685, 9783229
177685, 9784496
177685, 9785388
177685, 9786055
177685, 9787287
177685, 9787971
