# Number of control cameras to place = 50 (includes 50 opportunistic sightings + 0 placed randomly)
181350, 9783321
183803, 9786991
186823, 9796300
180174, 9792367
186224, 9785136
181564, 9786750
186153, 9796514
187574, 9784945
187976, 9796458
190683, 9796556
188022, 9784540
189083, 9784965
186244, 9791361
187234, 9796077
190464, 9784347
185580, 9796091
178609, 9784520
186588, 9783108
185740, 9786178
190213, 9786148
186377, 9794221
178053, 9789085
184805, 9785018
182879, 9793372
188937, 9783322
179355, 9794064
185702, 9785278
189540, 9789284
183081, 9799150
178570, 9793080
184773, 9787817
178712, 9791207
188379, 9782900
185159, 9793352
178540, 9791390
181540, 9798656
190563, 9783501
182606, 9797578
188025, 9789754
188395, 9787511
185232, 9798353
188755, 9790061
185831, 9797195
177892, 9797398
179617, 9791123
189399, 9797559
179396, 9786037
188706, 9794355
187448, 9796912
182088, 9784289
