# Number of control cameras to place = 50 (includes 50 opportunistic sightings + 0 placed randomly)
183460, 9797693
181514, 9798824
180561, 9782943
183271, 9784665
190202, 9788828
187740, 9790968
183111, 9782257
180395, 9790524
181718, 9793658
184342, 9798845
189169, 9787566
189766, 9786870
190659, 9783065
190446, 9796721
179396, 9792347
186120, 9790899
180639, 9794371
190133, 9797417
186997, 9782867
187800, 9786318
179550, 9790271
180678, 9787929
187141, 9782339
178148, 9788439
187744, 9794356
189092, 9793831
180744, 9784460
187839, 9794455
183711, 9784280
186989, 9790228
177967, 9785249
181155, 9794513
185132, 9782654
179134, 9787683
182471, 9796392
187320, 9786066
189072, 9791998
188983, 9785777
190204, 9789075
190429, 9782623
190686, 9786273
184353, 9794714
185869, 9791737
188193, 9798506
181261, 9791002
188565, 9783902
190022, 9789414
182038, 9784959
183885, 9788349
190413, 9788020
