# Number of control cameras to place = 54 (includes 54 opportunistic sightings + 0 placed randomly)
173989, 9786801
171387, 9777010
174486, 9779265
172977, 9777420
171737, 9784606
175533, 9785487
176746, 9782310
171813, 9778263
171100, 9777338
175731, 9778794
172254, 9780057
173935, 9778887
170880, 9782374
171253, 9779090
175605, 9787092
171425, 9777379
174624, 9784803
171576, 9784948
171384, 9777645
171466, 9787181
174679, 9783089
174127, 9778497
176191, 9778334
171435, 9782045
173286, 9784016
171401, 9782625
176175, 9777675
170939, 9787398
171748, 9781286
170900, 9777053
170977, 9785904
174861, 9779588
176003, 9777952
176345, 9788495
177506, 9781875
173079, 9783884
171201, 9781333
173717, 9781072
177025, 9782111
172453, 9784444
177397, 9779457
176528, 9778734
174394, 9787984
172085, 9786959
172831, 9777250
174340, 9787777
170974, 9788183
171158, 9786032
176195, 9783826
176005, 9782273
171371, 9787615
173229, 9783386
174197, 9777966
177706, 9785805
