# Number of control cameras to place = 50 (includes 50 opportunistic sightings + 0 placed randomly)
171171, 9778111
171422, 9777541
176611, 9778358
172981, 9786671
175344, 9777399
176926, 9785271
175064, 9787137
176680, 9784325
173806, 9776860
176387, 9782706
171965, 9786886
170911, 9780565
173914, 9778047
171102, 9780834
171996, 9784861
174647, 9779819
173967, 9782589
177642, 9779410
173121, 9778295
177138, 9787914
177246, 9788333
171249, 9781460
172120, 9784452
173788, 9785212
173520, 9781809
171626, 9776823
170896, 9787743
176222, 9788548
175278, 9785514
170906, 9781145
175561, 9783030
173743, 9787853
174280, 9785367
173618, 9777073
177173, 9777650
174765, 9788272
174604, 9784024
174358, 9780779
174469, 9783575
177505, 9783835
172800, 9784483
171486, 9786128
176844, 9777091
177078, 9785648
174012, 9778127
177564, 9786297
175961, 9783038
175732, 9781286
170939, 9777039
172869, 9780149
