# Number of control cameras to place = 50 (includes 50 opportunistic sightings + 0 placed randomly)
173342, 9782764
173109, 9788292
171630, 9779513
176740, 9781756
176772, 9778623
175084, 9779889
171367, 9785127
172176, 9786807
173789, 9784317
175386, 9785055
176056, 9786519
173686, 9786018
174860, 9777044
176475, 9781796
173338, 9783417
176738, 9783491
171954, 9784028
173038, 9778113
174906, 9777926
172126, 9781830
174106, 9786844
177503, 9780151
175883, 9781348
177124, 9777079
170929, 9779917
175789, 9779016
173780, 9780249
176661, 9785112
175864, 9786627
173405, 9784094
170983, 9781054
176429, 9788681
175735, 9785096
175940, 9783057
172486, 9778257
177533, 9783939
176428, 9786475
177616, 9784302
177176, 9781568
174477, 9782447
173635, 9778569
175829, 9788109
174890, 9777589
173008, 9787467
175416, 9787774
172564, 9788624
177698, 9787883
172044, 9781752
173780, 9784059
176772, 9781405
