# Number of control cameras to place = 50 (includes 0 opportunistic sightings + 50 placed randomly)
177747, 9784920
183837, 9798685
180727, 9788983
189578, 9793936
186203, 9791518
187153, 9790356
183836, 9797798
180740, 9785981
180175, 9783263
182545, 9787255
188862, 9787423
179558, 9787696
190170, 9788236
190619, 9789282
189162, 9794060
177765, 9790412
188723, 9788686
183974, 9797731
183094, 9793612
184491, 9792912
187743, 9784086
187366, 9783808
189979, 9790286
183679, 9797732
186625, 9795447
180647, 9788675
185439, 9782760
189960, 9789472
180021, 9797404
189276, 9786453
179440, 9786586
188216, 9798753
178875, 9796777
181801, 9785910
183629, 9786331
181735, 9782627
184275, 9783350
188172, 9788395
184475, 9786843
179604, 9782397
185501, 9785627
187507, 9797605
183885, 9788804
185071, 9783586
184533, 9793061
185694, 9792297
179073, 9796545
186186, 9783139
185994, 9786741
188209, 9787285
