# Actual number of control cameras to place = 60
171500, 9776895
171500, 9778048
171500, 9779404
171500, 9780131
171500, 9781287
171500, 9782042
171500, 9783483
171500, 9784120
171500, 9785126
171500, 9785949
171500, 9787283
171500, 9788029
173090, 9776895
173090, 9778048
173090, 9779404
173090, 9780131
173090, 9781287
173090, 9782042
173090, 9783483
173090, 9784120
173090, 9785126
173090, 9785949
173090, 9787283
173090, 9788029
173856, 9776895
173856, 9778048
173856, 9779404
173856, 9780131
173856, 9781287
173856, 9782042
173856, 9783483
173856, 9784120
173856, 9785126
173856, 9785949
173856, 9787283
173856, 9788029
175235, 9776895
175235, 9778048
175235, 9779404
175235, 9780131
175235, 9781287
175235, 9782042
175235, 9783483
175235, 9784120
175235, 9785126
175235, 9785949
175235, 9787283
175235, 9788029
177526, 9776895
177526, 9778048
177526, 9779404
177526, 9780131
177526, 9781287
177526, 9782042
177526, 9783483
177526, 9784120
177526, 9785126
177526, 9785949
177526, 9787283
177526, 9788029
