# Actual number of control cameras to place = 48
171994, 9777058
171994, 9777844
171994, 9779143
171994, 9780270
171994, 9780941
171994, 9782291
171994, 9782983
171994, 9784284
171994, 9784954
171994, 9786627
171994, 9786953
171994, 9788644
173787, 9777058
173787, 9777844
173787, 9779143
173787, 9780270
173787, 9780941
173787, 9782291
173787, 9782983
173787, 9784284
173787, 9784954
173787, 9786627
173787, 9786953
173787, 9788644
174768, 9777058
174768, 9777844
174768, 9779143
174768, 9780270
174768, 9780941
174768, 9782291
174768, 9782983
174768, 9784284
174768, 9784954
174768, 9786627
174768, 9786953
174768, 9788644
176219, 9777058
176219, 9777844
176219, 9779143
176219, 9780270
176219, 9780941
176219, 9782291
176219, 9782983
176219, 9784284
176219, 9784954
176219, 9786627
176219, 9786953
176219, 9788644
