# Number of control cameras to place = 50 (includes 50 opportunistic sightings + 0 placed randomly)
189255, 9790608
187984, 9784869
188808, 9784492
179734, 9794530
189213, 9795335
177967, 9796916
187679, 9791863
179088, 9786750
181422, 9795413
184832, 9799143
181941, 9796965
185742, 9794281
184935, 9783163
183025, 9790520
189430, 9786274
182818, 9794140
190383, 9791194
184478, 9782272
186113, 9791501
181393, 9798903
184242, 9794178
185465, 9793825
185755, 9787686
186086, 9792226
181060, 9798063
184161, 9789003
187953, 9791818
189904, 9795796
188133, 9782573
187884, 9797462
189800, 9784941
188777, 9793292
180024, 9790806
182082, 9782446
178004, 9789189
185510, 9784587
187766, 9795385
188963, 9798091
186213, 9792702
184494, 9794672
184901, 9793690
186824, 9785094
184111, 9790266
180101, 9791974
186307, 9784602
181536, 9792059
181957, 9789860
179978, 9786311
184162, 9799027
188691, 9790271
