# Number of control cameras to place = 50 (includes 50 opportunistic sightings + 0 placed randomly)
174028, 9777419
171071, 9779048
171459, 9788648
173997, 9781133
175216, 9782989
171082, 9782925
175431, 9787250
171817, 9778292
175134, 9785412
171177, 9782783
177438, 9780961
175981, 9780101
174933, 9777739
175761, 9785483
173741, 9786810
173843, 9782701
172646, 9781572
175630, 9784575
177044, 9784368
175497, 9787497
175060, 9778259
171068, 9787145
176402, 9779041
172584, 9779225
177249, 9787211
175564, 9781024
174464, 9785219
177051, 9777768
177064, 9788372
171279, 9781684
174014, 9777619
177681, 9778343
173012, 9777378
171922, 9777138
176244, 9781142
174377, 9788449
172585, 9777727
173362, 9784516
177450, 9777500
175800, 9779336
173834, 9778828
173390, 9781998
173717, 9779618
174382, 9785429
172946, 9787313
170992, 9778049
173784, 9786278
176705, 9784053
174137, 9785205
175407, 9776870
