# Number of control cameras to place = 54 (includes 54 opportunistic sightings + 0 placed randomly)
171775, 9779411
173807, 9783827
174456, 9781682
177288, 9777397
174136, 9784368
177429, 9786282
171972, 9782105
171319, 9777377
173900, 9787170
176148, 9785506
171925, 9780644
176884, 9780063
172716, 9783864
175795, 9785433
173042, 9782241
171266, 9782914
171442, 9777652
171305, 9788682
177398, 9786882
176695, 9787766
176726, 9787422
174016, 9782181
171620, 9779652
174925, 9777118
176836, 9785968
171122, 9788221
174015, 9781899
171196, 9787225
175842, 9786382
177283, 9787425
175480, 9786736
173713, 9780672
176932, 9777098
176632, 9786269
173827, 9781358
176592, 9785327
172493, 9779531
175610, 9783942
171936, 9780537
173361, 9783454
172653, 9787656
171226, 9777304
175970, 9788155
176062, 9780629
172035, 9788228
177602, 9785271
172151, 9777930
176143, 9779078
174148, 9779123
172946, 9786241
175207, 9780060
176787, 9776814
177169, 9782743
171616, 9779210
