# Number of control cameras to place = 50 (includes 50 opportunistic sightings + 0 placed randomly)
177237, 9776672
179057, 9784287
174005, 9781523
174193, 9777396
176217, 9777943
180316, 9786064
179149, 9782341
174492, 9776027
172675, 9787092
174375, 9786898
179527, 9785994
174008, 9792274
178021, 9777948
174074, 9791504
174205, 9775550
176175, 9788660
179470, 9781919
174628, 9775706
175897, 9778312
173490, 9777247
174970, 9776835
177229, 9792050
175983, 9792791
178385, 9790679
180311, 9777150
174268, 9787588
170849, 9776294
175244, 9776195
171572, 9777241
175782, 9790586
174357, 9779617
178883, 9777466
171623, 9780608
175233, 9781076
173457, 9792422
178155, 9782715
176323, 9779485
173784, 9790368
176883, 9790358
171661, 9780379
174465, 9782985
175569, 9784306
171544, 9791587
179258, 9790479
177490, 9790038
171967, 9781931
178996, 9775807
171776, 9780265
171846, 9790743
172036, 9781222
