# Number of control cameras to place = 50 (includes 50 opportunistic sightings + 0 placed randomly)
171085, 9789965
173828, 9783401
172403, 9781704
174221, 9777459
175745, 9785613
172409, 9789626
180463, 9782310
174078, 9775803
173745, 9776750
174254, 9776958
176693, 9784513
175644, 9787062
178215, 9778116
178986, 9791655
176784, 9788378
175994, 9790131
175002, 9777087
179086, 9787125
178154, 9778974
172219, 9787523
180452, 9790547
174266, 9777124
177815, 9789871
174045, 9786876
178221, 9780016
179137, 9789976
174254, 9777770
176335, 9784752
175955, 9783720
173243, 9786598
175170, 9785265
175340, 9782334
176947, 9792739
174847, 9780752
172106, 9778084
173948, 9788860
172887, 9790735
179390, 9787266
177028, 9786936
178377, 9790547
179364, 9782914
172670, 9782068
179287, 9791511
178214, 9789378
176553, 9783165
175602, 9789089
173996, 9791200
174206, 9791332
172438, 9776095
170877, 9776299
