# Number of control cameras to place = 50 (includes 50 opportunistic sightings + 0 placed randomly)
181701, 9791765
182527, 9794047
187973, 9782894
178747, 9792798
179022, 9797681
186523, 9782460
183834, 9788096
187568, 9798830
186619, 9793654
188340, 9793194
185138, 9785555
178349, 9797075
181373, 9792126
188891, 9792065
181548, 9796499
179267, 9782113
178486, 9791975
178536, 9785986
183644, 9793124
182026, 9792038
179852, 9786644
182267, 9783634
178557, 9786847
187525, 9794315
183616, 9799064
183516, 9791124
190262, 9795180
186998, 9796478
186979, 9793963
186281, 9793221
180561, 9788044
177874, 9782775
183971, 9792910
188503, 9783807
181724, 9799180
185703, 9789169
178731, 9797220
184206, 9786399
183124, 9792633
188880, 9782639
190445, 9784677
183783, 9783740
190559, 9791873
179948, 9795598
183698, 9787120
182686, 9789440
183187, 9798574
185528, 9798722
188851, 9798054
188978, 9792867
