# Number of control cameras to place = 54 (includes 54 opportunistic sightings + 0 placed randomly)
177460, 9789669
175597, 9783904
180026, 9779267
174279, 9781361
171949, 9781588
178632, 9778373
175135, 9791190
178233, 9788954
175854, 9788464
174124, 9784058
172815, 9784008
173776, 9789350
177009, 9782478
170870, 9781745
174771, 9780335
176271, 9777474
175256, 9785883
175617, 9778050
173718, 9780035
178828, 9781118
177723, 9779748
173836, 9787804
171522, 9777349
179815, 9782282
176136, 9780664
172275, 9788563
172319, 9784117
176985, 9776097
179960, 9790463
177339, 9783026
174378, 9788773
171302, 9785953
172550, 9779995
171570, 9777780
175313, 9777996
179808, 9779727
177539, 9789457
173376, 9790839
179336, 9778687
179369, 9777455
173636, 9791665
179656, 9776904
175110, 9788045
178973, 9786356
171281, 9781868
176922, 9786653
176649, 9786344
176511, 9784823
172189, 9779869
172348, 9786355
174308, 9786620
171773, 9781998
176709, 9783051
175183, 9780242
