# Number of control cameras to place = 54 (includes 1 opportunistic sightings + 53 placed randomly)
188509, 9779525
189701, 9775069
186683, 9779053
187372, 9772974
189024, 9778059
184237, 9780116
183991, 9774323
185514, 9775152
188652, 9775826
185049, 9779750
190043, 9782263
187396, 9779163
185572, 9771859
187349, 9778014
184489, 9778386
186523, 9777976
188871, 9779619
186739, 9776303
185513, 9776497
187979, 9774086
189632, 9776967
187990, 9781434
185088, 9772287
189679, 9772876
186236, 9773149
184648, 9775002
189206, 9773475
186365, 9779622
189637, 9778711
187996, 9774990
190190, 9780513
185503, 9774472
189047, 9778328
189513, 9771876
185227, 9779177
184067, 9774920
184803, 9777742
190051, 9778935
185559, 9781931
189541, 9779791
185819, 9779837
184304, 9778920
187045, 9778143
185378, 9776247
188201, 9774757
188896, 9773918
187704, 9776047
189907, 9776151
184767, 9774420
190197, 9777856
185065, 9773782
186998, 9772956
187308, 9775142
184431, 9781469
