# Number of control cameras to place = 50 (includes 50 opportunistic sightings + 0 placed randomly)
189561, 9772405
186063, 9777056
187862, 9782189
190401, 9781788
190468, 9779348
185353, 9776320
185005, 9774406
185652, 9773220
189728, 9772763
188702, 9771884
187842, 9774415
188587, 9781980
189083, 9772181
189267, 9779069
188134, 9774084
187358, 9774302
185774, 9778804
184418, 9773504
188933, 9773830
186428, 9779145
189528, 9777662
186260, 9775408
189383, 9779915
187011, 9779815
184828, 9779625
185875, 9779448
184944, 9773645
188539, 9777194
183990, 9779676
185416, 9781350
184785, 9779326
186398, 9773040
185541, 9778515
185197, 9772446
184270, 9778781
187346, 9780313
189903, 9776743
189955, 9779818
187760, 9776737
186129, 9781813
188504, 9778116
186678, 9781977
188427, 9777411
189471, 9775308
189257, 9780302
186371, 9772224
188926, 9779679
187625, 9780935
188713, 9775884
185640, 9777640
