# Number of control cameras to place = 54 (includes 4 opportunistic sightings + 50 placed randomly)
171106, 9782218
172988, 9784578
171106, 9782218
171106, 9782218
172052, 9783806
175511, 9788495
172505, 9785823
174149, 9782193
176131, 9783358
173286, 9782713
172005, 9777864
176629, 9782142
171545, 9777952
172671, 9777077
176181, 9780961
172253, 9780178
174995, 9786382
177653, 9788758
177182, 9786100
171406, 9779975
175373, 9781422
173951, 9787650
177500, 9786333
177077, 9781987
172854, 9782005
175871, 9781086
177330, 9786614
172875, 9777696
173078, 9784862
172981, 9787142
173503, 9777722
175876, 9783366
172152, 9779617
177133, 9786907
172404, 9782167
175549, 9779322
172411, 9787140
171072, 9786043
176881, 9783099
173116, 9786038
172867, 9781803
171875, 9781780
172490, 9785670
177588, 9778094
175075, 9786149
172510, 9781596
177172, 9788414
170985, 9788118
172612, 9787203
173108, 9780580
176242, 9783299
171877, 9777775
171519, 9788423
173486, 9783070
