# Number of control cameras to place = 50 (includes 0 opportunistic sightings + 50 placed randomly)
182324, 9789397
184685, 9794451
189847, 9797759
181344, 9788473
179174, 9782781
184843, 9798559
190581, 9785834
187109, 9785916
183693, 9782758
179650, 9789234
178016, 9788697
178533, 9784942
187826, 9795600
180156, 9792207
186138, 9795564
181797, 9798752
185607, 9786351
179958, 9793530
182549, 9788236
179753, 9799228
189884, 9790578
186792, 9792352
183463, 9798789
190394, 9797973
184548, 9788160
185457, 9789101
190007, 9783846
187500, 9785585
181218, 9792971
181717, 9795548
184455, 9795471
187745, 9786595
189229, 9794673
190282, 9789788
180534, 9796744
187692, 9785079
178275, 9790331
181618, 9783025
189688, 9788201
178538, 9791906
177751, 9797074
180966, 9792411
183894, 9794080
178637, 9787019
187340, 9793993
185374, 9784771
189261, 9792239
182933, 9796940
177878, 9785186
188176, 9794817
