# Actual number of control cameras to place = 60
174624, 9782300
174624, 9783241
174624, 9783786
174624, 9784616
174624, 9785970
174624, 9787144
174624, 9787719
174624, 9789118
174624, 9789475
174624, 9790468
174624, 9791373
174624, 9792545
175491, 9782300
175491, 9783241
175491, 9783786
175491, 9784616
175491, 9785970
175491, 9787144
175491, 9787719
175491, 9789118
175491, 9789475
175491, 9790468
175491, 9791373
175491, 9792545
177529, 9782300
177529, 9783241
177529, 9783786
177529, 9784616
177529, 9785970
177529, 9787144
177529, 9787719
177529, 9789118
177529, 9789475
177529, 9790468
177529, 9791373
177529, 9792545
178543, 9782300
178543, 9783241
178543, 9783786
178543, 9784616
178543, 9785970
178543, 9787144
178543, 9787719
178543, 9789118
178543, 9789475
178543, 9790468
178543, 9791373
178543, 9792545
179734, 9782300
179734, 9783241
179734, 9783786
179734, 9784616
179734, 9785970
179734, 9787144
179734, 9787719
179734, 9789118
179734, 9789475
179734, 9790468
179734, 9791373
179734, 9792545
