# Actual number of control cameras to place = 50
179524, 9782707
179524, 9784541
179524, 9785985
179524, 9787320
179524, 9790114
179524, 9791861
179524, 9792567
179524, 9795616
179524, 9797470
179524, 9798023
180668, 9782707
180668, 9784541
180668, 9785985
180668, 9787320
180668, 9790114
180668, 9791861
180668, 9792567
180668, 9795616
180668, 9797470
180668, 9798023
185059, 9782707
185059, 9784541
185059, 9785985
185059, 9787320
185059, 9790114
185059, 9791861
185059, 9792567
185059, 9795616
185059, 9797470
185059, 9798023
186538, 9782707
186538, 9784541
186538, 9785985
186538, 9787320
186538, 9790114
186538, 9791861
186538, 9792567
186538, 9795616
186538, 9797470
186538, 9798023
189668, 9782707
189668, 9784541
189668, 9785985
189668, 9787320
189668, 9790114
189668, 9791861
189668, 9792567
189668, 9795616
189668, 9797470
189668, 9798023
