# Actual number of control cameras to place = 60
174255, 9781702
174255, 9783176
174255, 9784070
174255, 9784702
174255, 9785987
174255, 9786649
174255, 9787550
174255, 9788811
174255, 9790124
174255, 9790370
174255, 9791751
174255, 9792539
176028, 9781702
176028, 9783176
176028, 9784070
176028, 9784702
176028, 9785987
176028, 9786649
176028, 9787550
176028, 9788811
176028, 9790124
176028, 9790370
176028, 9791751
176028, 9792539
177566, 9781702
177566, 9783176
177566, 9784070
177566, 9784702
177566, 9785987
177566, 9786649
177566, 9787550
177566, 9788811
177566, 9790124
177566, 9790370
177566, 9791751
177566, 9792539
179139, 9781702
179139, 9783176
179139, 9784070
179139, 9784702
179139, 9785987
179139, 9786649
179139, 9787550
179139, 9788811
179139, 9790124
179139, 9790370
179139, 9791751
179139, 9792539
180111, 9781702
180111, 9783176
180111, 9784070
180111, 9784702
180111, 9785987
180111, 9786649
180111, 9787550
180111, 9788811
180111, 9790124
180111, 9790370
180111, 9791751
180111, 9792539
