# Actual number of control cameras to place = 50
179078, 9782350
179078, 9783954
179078, 9786824
179078, 9787949
179078, 9790282
179078, 9792068
179078, 9793414
179078, 9794409
179078, 9796599
179078, 9797839
182637, 9782350
182637, 9783954
182637, 9786824
182637, 9787949
182637, 9790282
182637, 9792068
182637, 9793414
182637, 9794409
182637, 9796599
182637, 9797839
183036, 9782350
183036, 9783954
183036, 9786824
183036, 9787949
183036, 9790282
183036, 9792068
183036, 9793414
183036, 9794409
183036, 9796599
183036, 9797839
185805, 9782350
185805, 9783954
185805, 9786824
185805, 9787949
185805, 9790282
185805, 9792068
185805, 9793414
185805, 9794409
185805, 9796599
185805, 9797839
189176, 9782350
189176, 9783954
189176, 9786824
189176, 9787949
189176, 9790282
189176, 9792068
189176, 9793414
189176, 9794409
189176, 9796599
189176, 9797839
