# Actual number of control cameras to place = 60
174546, 9782130
174546, 9782675
174546, 9783615
174546, 9785266
174546, 9785881
174546, 9786889
174546, 9787682
174546, 9788807
174546, 9789872
174546, 9791011
174546, 9791771
174546, 9792900
176337, 9782130
176337, 9782675
176337, 9783615
176337, 9785266
176337, 9785881
176337, 9786889
176337, 9787682
176337, 9788807
176337, 9789872
176337, 9791011
176337, 9791771
176337, 9792900
177499, 9782130
177499, 9782675
177499, 9783615
177499, 9785266
177499, 9785881
177499, 9786889
177499, 9787682
177499, 9788807
177499, 9789872
177499, 9791011
177499, 9791771
177499, 9792900
178512, 9782130
178512, 9782675
178512, 9783615
178512, 9785266
178512, 9785881
178512, 9786889
178512, 9787682
178512, 9788807
178512, 9789872
178512, 9791011
178512, 9791771
178512, 9792900
179525, 9782130
179525, 9782675
179525, 9783615
179525, 9785266
179525, 9785881
179525, 9786889
179525, 9787682
179525, 9788807
179525, 9789872
179525, 9791011
179525, 9791771
179525, 9792900
