# Number of control cameras to place = 50 (includes 50 opportunistic sightings + 0 placed randomly)
176557, 9787002
180089, 9781695
174942, 9790010
175329, 9784816
175207, 9787156
174836, 9790962
178507, 9789684
178658, 9792990
176110, 9782751
179596, 9786110
174355, 9788501
180365, 9791467
178783, 9792116
175053, 9791216
177813, 9786622
175653, 9785060
174786, 9790175
180439, 9790493
174248, 9789518
174208, 9788122
176495, 9783924
174419, 9787785
178934, 9785601
179709, 9781819
176735, 9782984
178190, 9791758
180087, 9790503
175283, 9788651
174351, 9784956
179808, 9783568
175437, 9782126
180100, 9785817
178567, 9785999
175405, 9790092
176429, 9790042
174203, 9781772
179679, 9782217
178216, 9790545
179321, 9785234
179987, 9783734
178899, 9787351
176269, 9785598
175283, 9787572
176035, 9788386
178156, 9783252
178719, 9787704
176196, 9791486
177943, 9791755
175517, 9791097
179531, 9784900
