# Number of control cameras to place = 54 (includes 54 opportunistic sightings + 0 placed randomly)
175599, 9786400
174565, 9781824
180246, 9789724
174409, 9784529
179275, 9791332
175007, 9784371
177496, 9789271
179965, 9792319
180111, 9791644
177855, 9791410
176153, 9789115
176920, 9788302
174949, 9782583
179593, 9787388
177503, 9789520
175968, 9792734
176800, 9783741
180192, 9786979
176361, 9787763
179123, 9791098
174335, 9787288
175043, 9786354
175231, 9788027
179038, 9792949
177508, 9785994
179779, 9792886
174611, 9783014
177624, 9786619
180179, 9792853
179633, 9786934
178309, 9792514
177575, 9789945
180121, 9788876
177492, 9783503
179887, 9791783
176481, 9790148
179269, 9788884
177575, 9786784
177376, 9783743
180109, 9783912
180051, 9791557
176208, 9791617
177338, 9788166
179923, 9786764
179428, 9788489
179200, 9793031
179545, 9783115
176100, 9787968
177594, 9787402
175029, 9788663
177011, 9788121
179156, 9787889
179988, 9788889
179929, 9785040
