# Number of control cameras to place = 54 (includes 54 opportunistic sightings + 0 placed randomly)
178162, 9791471
180253, 9784160
178274, 9783189
174340, 9791612
175271, 9782725
174735, 9783795
176235, 9782986
178471, 9790608
177639, 9792416
178381, 9785234
179662, 9781707
178194, 9785204
175822, 9782801
177303, 9788434
174573, 9789216
176236, 9781644
178995, 9784994
175400, 9782725
177510, 9790403
177469, 9792378
179209, 9784575
176046, 9783497
178220, 9781677
176620, 9781775
180397, 9784452
177531, 9789084
175309, 9789664
175612, 9782619
177530, 9789669
176373, 9784129
176123, 9789855
175891, 9791126
177382, 9785336
176554, 9792015
174884, 9788148
174986, 9790642
178579, 9786222
179885, 9789743
178285, 9789424
174972, 9790045
175124, 9786058
178904, 9788636
177600, 9789859
175262, 9781589
174998, 9792637
175362, 9783198
175386, 9786791
174586, 9790494
175405, 9792791
178876, 9790290
176157, 9788031
174061, 9785635
179534, 9783235
177276, 9787161
