# Number of control cameras to place = 50 (includes 50 opportunistic sightings + 0 placed randomly)
175760, 9789708
174678, 9791488
178451, 9792696
177149, 9786649
177727, 9782803
176692, 9788110
176457, 9784790
175853, 9788016
176836, 9783787
179833, 9786615
178283, 9783518
174821, 9784240
175314, 9784878
176631, 9781757
177910, 9783276
177621, 9791761
174263, 9785581
175194, 9782172
175497, 9785739
176194, 9791307
174942, 9788730
179581, 9782240
180037, 9791214
174438, 9781846
179509, 9791808
176820, 9786305
176976, 9786442
174182, 9790525
176315, 9790782
178095, 9786408
179735, 9789435
179075, 9791526
176987, 9790752
175562, 9781925
175839, 9783938
179702, 9785108
178145, 9781680
178753, 9785771
174898, 9786034
176967, 9783370
174369, 9782145
175975, 9781621
178713, 9784639
177992, 9787914
180046, 9792987
179445, 9786612
176354, 9792528
179474, 9790962
178942, 9792375
174571, 9789429
