# Number of control cameras to place = 50 (includes 50 opportunistic sightings + 0 placed randomly)
179495, 9786811
178761, 9785002
180096, 9782759
177884, 9791039
180363, 9788417
178063, 9782633
174909, 9783399
175623, 9783858
175645, 9786589
177093, 9789515
174911, 9792176
175878, 9793031
177125, 9786791
180066, 9782109
180414, 9788315
174095, 9787163
177037, 9783379
176898, 9785517
176655, 9785553
177871, 9785897
175890, 9789920
178047, 9788047
178245, 9789571
179797, 9781900
177509, 9789426
179652, 9784966
176283, 9784676
175579, 9791564
177210, 9781873
174305, 9790600
174406, 9788756
175254, 9792694
174911, 9790648
174273, 9785281
179329, 9783334
177632, 9781901
178184, 9782619
175357, 9784553
176631, 9784381
176638, 9781822
177598, 9789112
179274, 9786543
179545, 9792941
177656, 9791120
179646, 9789930
180401, 9789120
175598, 9786399
176960, 9790732
179697, 9788748
174191, 9782168
