# Number of control cameras to place = 54 (includes 6 opportunistic sightings + 48 placed randomly)
176726, 9788053
175096, 9786533
177389, 9784202
176050, 9785196
175296, 9787119
175791, 9786779
175782, 9782325
179280, 9783339
176542, 9786341
180234, 9784076
174974, 9785510
174926, 9790510
180470, 9788392
174437, 9785482
178199, 9783180
179480, 9782653
176686, 9781672
177327, 9782911
176111, 9785631
178220, 9789075
178133, 9788059
178548, 9793022
175194, 9793021
174954, 9783668
180031, 9788565
176152, 9782680
175303, 9785888
178689, 9792311
175581, 9788866
174561, 9785751
178748, 9788667
174116, 9782395
176900, 9784024
178504, 9790361
174218, 9788880
177815, 9787278
176121, 9792853
176196, 9789169
177036, 9789868
178021, 9786843
177209, 9785400
176552, 9781641
177857, 9788629
179404, 9785540
176510, 9785208
174986, 9790083
175006, 9787021
179660, 9783808
180223, 9782788
177099, 9790417
178033, 9787301
174180, 9783701
177659, 9786292
177732, 9781924
