# Number of control cameras to place = 50 (includes 3 opportunistic sightings + 47 placed randomly)
178475, 9783442
178402, 9785027
178696, 9782507
175125, 9787722
175653, 9789767
179703, 9786259
175838, 9786015
180445, 9790843
180434, 9790526
178393, 9783152
176591, 9784684
177287, 9791299
174340, 9788793
179768, 9787709
178757, 9785273
178223, 9788424
178317, 9789029
180074, 9783581
177060, 9784760
178020, 9788937
175422, 9790536
176381, 9791558
174890, 9785552
175970, 9784763
175870, 9784831
174863, 9783648
177579, 9790247
177842, 9790045
174335, 9787435
179210, 9787203
176521, 9783459
175405, 9785467
177542, 9788161
175335, 9786433
178326, 9782446
174156, 9784239
180298, 9791902
179363, 9787112
178378, 9789344
178403, 9786656
179710, 9785468
177903, 9788541
175239, 9782535
174398, 9786779
175209, 9786222
177533, 9792105
178358, 9787030
176512, 9792565
178830, 9782568
175403, 9789257
