# Number of control cameras to place = 50 (includes 0 opportunistic sightings + 50 placed randomly)
183137, 9785511
179208, 9787201
185807, 9799193
183732, 9786333
189985, 9796110
189599, 9790214
185050, 9794367
187162, 9798995
181695, 9784329
179964, 9785895
178993, 9784368
177900, 9796840
178419, 9783091
179167, 9788832
178145, 9798146
190351, 9796572
189779, 9795627
189886, 9786313
187482, 9792142
186321, 9793455
180010, 9793368
188400, 9797275
186715, 9784953
190091, 9784308
182960, 9798640
183510, 9783943
184053, 9784387
187972, 9797255
183019, 9782947
187866, 9798302
186445, 9797582
178208, 9789798
190122, 9785389
185577, 9786871
188706, 9784689
186361, 9785048
179507, 9790405
182315, 9799146
185910, 9787392
185652, 9799018
182380, 9791455
179694, 9782130
186537, 9786969
184128, 9795175
187635, 9792926
183231, 9782765
189788, 9791710
183367, 9784812
189862, 9787053
178909, 9785705
