# Number of control cameras to place = 50 (includes 18 opportunistic sightings + 32 placed randomly)
179329, 9784521
180276, 9785030
180238, 9785969
179639, 9784589
180337, 9785008
179996, 9785231
180386, 9785586
177995, 9792246
180144, 9784977
178207, 9792443
180120, 9784825
180062, 9784958
178524, 9792615
180304, 9785059
180413, 9785552
180184, 9784790
180152, 9784989
180033, 9786249
181177, 9785218
183098, 9796453
186739, 9782369
181930, 9793889
179088, 9783395
184792, 9790542
185180, 9788833
189124, 9791491
179638, 9789438
181122, 9794088
181447, 9796650
190648, 9790922
187042, 9789953
186505, 9797465
186906, 9799026
189948, 9790929
186089, 9786865
180718, 9798678
190331, 9796847
184144, 9788871
189272, 9783509
189000, 9790272
186882, 9795529
185131, 9798304
183543, 9784062
186016, 9782889
178002, 9798179
179866, 9782979
178485, 9783851
181795, 9784851
188096, 9797774
184504, 9796668
