# Number of control cameras to place = 54 (includes 10 opportunistic sightings + 44 placed randomly)
175892, 9784562
176681, 9782758
178309, 9782678
178111, 9784399
178111, 9784399
175573, 9784763
176069, 9783216
178130, 9783981
175573, 9784763
178271, 9783015
179336, 9791581
177743, 9787094
177267, 9791615
177222, 9789059
179610, 9788531
178591, 9789333
175521, 9788846
175939, 9786001
178888, 9783834
177227, 9782207
178685, 9792553
179778, 9790543
174922, 9788815
178463, 9783657
179237, 9787298
176855, 9782617
180197, 9782143
174315, 9785265
175567, 9789986
178127, 9787549
177405, 9792717
179600, 9790834
178817, 9792332
174915, 9787275
180015, 9782589
176238, 9789970
177139, 9789901
175822, 9788462
175164, 9783064
174276, 9786197
180033, 9784404
177155, 9786494
177885, 9786006
176804, 9790170
175403, 9792270
179583, 9792626
175197, 9792939
179459, 9789577
179301, 9788654
177184, 9792276
177417, 9784646
180011, 9781985
175710, 9789657
174122, 9784541
