# Actual number of control cameras to place = 48
172344, 9776858
172344, 9778013
172344, 9778874
172344, 9780048
172344, 9780848
172344, 9782010
172344, 9783022
172344, 9784408
172344, 9785194
172344, 9786671
172344, 9787575
172344, 9788643
173419, 9776858
173419, 9778013
173419, 9778874
173419, 9780048
173419, 9780848
173419, 9782010
173419, 9783022
173419, 9784408
173419, 9785194
173419, 9786671
173419, 9787575
173419, 9788643
174980, 9776858
174980, 9778013
174980, 9778874
174980, 9780048
174980, 9780848
174980, 9782010
174980, 9783022
174980, 9784408
174980, 9785194
174980, 9786671
174980, 9787575
174980, 9788643
176622, 9776858
176622, 9778013
176622, 9778874
176622, 9780048
176622, 9780848
176622, 9782010
176622, 9783022
176622, 9784408
176622, 9785194
176622, 9786671
176622, 9787575
176622, 9788643
