# Actual number of control cameras to place = 50
179190, 9783340
179190, 9784100
179190, 9787072
179190, 9787891
179190, 9790120
179190, 9791763
179190, 9793682
179190, 9795491
179190, 9796566
179190, 9797906
182183, 9783340
182183, 9784100
182183, 9787072
182183, 9787891
182183, 9790120
182183, 9791763
182183, 9793682
182183, 9795491
182183, 9796566
182183, 9797906
185332, 9783340
185332, 9784100
185332, 9787072
185332, 9787891
185332, 9790120
185332, 9791763
185332, 9793682
185332, 9795491
185332, 9796566
185332, 9797906
185659, 9783340
185659, 9784100
185659, 9787072
185659, 9787891
185659, 9790120
185659, 9791763
185659, 9793682
185659, 9795491
185659, 9796566
185659, 9797906
188656, 9783340
188656, 9784100
188656, 9787072
188656, 9787891
188656, 9790120
188656, 9791763
188656, 9793682
188656, 9795491
188656, 9796566
188656, 9797906
