# Actual number of control cameras to place = 48
172380, 9777320
172380, 9778490
172380, 9779424
172380, 9780448
172380, 9781226
172380, 9782601
172380, 9783401
172380, 9784698
172380, 9785156
172380, 9786707
172380, 9787092
172380, 9788433
172836, 9777320
172836, 9778490
172836, 9779424
172836, 9780448
172836, 9781226
172836, 9782601
172836, 9783401
172836, 9784698
172836, 9785156
172836, 9786707
172836, 9787092
172836, 9788433
175644, 9777320
175644, 9778490
175644, 9779424
175644, 9780448
175644, 9781226
175644, 9782601
175644, 9783401
175644, 9784698
175644, 9785156
175644, 9786707
175644, 9787092
175644, 9788433
176323, 9777320
176323, 9778490
176323, 9779424
176323, 9780448
176323, 9781226
176323, 9782601
176323, 9783401
176323, 9784698
176323, 9785156
176323, 9786707
176323, 9787092
176323, 9788433
