# Number of control cameras to place = 50 (includes 50 opportunistic sightings + 0 placed randomly)
171154, 9787218
173328, 9782191
172549, 9780637
175103, 9788221
172293, 9782730
175639, 9788407
173858, 9788246
171097, 9779974
171976, 9784313
177700, 9787631
175424, 9784177
173878, 9788401
172632, 9787868
176164, 9783245
172890, 9780699
173477, 9782025
171580, 9780183
171233, 9778503
176381, 9782149
175354, 9781471
176673, 9778127
172499, 9780372
175531, 9788226
174614, 9787302
176587, 9787333
172275, 9777035
175909, 9782617
174524, 9787119
175393, 9787451
173641, 9783677
175603, 9777087
176085, 9787546
175673, 9781592
172101, 9783248
177172, 9788033
172771, 9781032
175502, 9786740
177016, 9777596
175005, 9779735
172044, 9781143
177358, 9784757
173161, 9780537
172507, 9784232
171775, 9777163
173641, 9781661
172901, 9787926
176641, 9776836
171444, 9783195
171658, 9781389
172316, 9779207
