# Number of control cameras to place = 50 (includes 50 opportunistic sightings + 0 placed randomly)
173054, 9777486
175986, 9785791
175029, 9783448
175486, 9785049
174887, 9782607
176881, 9785964
176979, 9787287
174884, 9781393
171935, 9787470
172008, 9787617
175736, 9782094
172588, 9786174
177438, 9786065
172644, 9783326
175785, 9786270
176774, 9782551
173991, 9778472
176573, 9779929
173842, 9779015
176560, 9788320
175905, 9780847
173787, 9783471
174910, 9779403
175199, 9779348
176602, 9788501
172045, 9785472
174795, 9785946
176420, 9783023
171076, 9778002
170999, 9782641
177707, 9782106
174897, 9785507
174532, 9787862
172011, 9784027
173144, 9782529
176898, 9777733
171865, 9786875
173267, 9780458
171895, 9779785
175737, 9788056
177451, 9785659
172825, 9787844
175218, 9779745
175490, 9784342
175212, 9782973
175207, 9778598
176593, 9783073
172897, 9778620
173513, 9783664
173788, 9788725
