# Number of control cameras to place = 50 (includes 0 opportunistic sightings + 50 placed randomly)
179958, 9794753
186231, 9782969
190401, 9786695
181842, 9782960
179717, 9793068
188189, 9795194
178437, 9789431
183966, 9796513
182297, 9790433
184094, 9787663
189127, 9799117
178116, 9784015
187199, 9784175
183247, 9788745
184489, 9788240
183827, 9787445
187867, 9795304
181458, 9797700
179485, 9785766
188464, 9787834
188082, 9788442
183480, 9796260
180912, 9786530
186395, 9793629
179245, 9791607
182454, 9789246
186207, 9793609
184977, 9782160
185792, 9786953
182128, 9786500
182108, 9788232
185464, 9796759
178695, 9788647
189237, 9796637
180632, 9785311
181739, 9783283
180747, 9790767
185413, 9784645
188721, 9782629
189512, 9795728
181020, 9796652
189521, 9788917
182052, 9787374
187549, 9792589
186504, 9796415
178106, 9799020
185634, 9789266
189638, 9795774
189046, 9792890
182139, 9787020
