# Number of control cameras to place = 54 (includes 7 opportunistic sightings + 47 placed randomly)
171106, 9782218
171106, 9782218
174642, 9785504
173830, 9783003
171383, 9782184
174144, 9786455
173330, 9782302
176781, 9782208
177588, 9788370
176926, 9781950
174999, 9777742
172846, 9778887
174621, 9781240
174622, 9776837
175349, 9781056
177123, 9781887
171853, 9783302
176305, 9780297
172512, 9782718
174381, 9780545
172150, 9782547
173641, 9785180
175756, 9779271
171920, 9776968
171357, 9786798
173620, 9780127
174252, 9778222
174458, 9777926
173078, 9785670
171607, 9777168
176486, 9784981
175031, 9781933
174678, 9786158
170920, 9786088
176255, 9784096
172189, 9782963
176450, 9777537
174312, 9784506
173247, 9781899
171036, 9785249
172466, 9778974
172272, 9778867
171633, 9780237
175297, 9779920
177404, 9784457
173679, 9778738
174055, 9785252
173087, 9784969
175355, 9782908
174589, 9787269
176166, 9777559
175364, 9778487
172718, 9778695
172042, 9776935
