# Actual number of control cameras to place = 48
184664, 9771771
184664, 9772903
184664, 9774145
184664, 9774496
184664, 9775710
184664, 9776355
184664, 9777295
184664, 9778385
184664, 9779026
184664, 9780228
184664, 9780818
184664, 9781896
186539, 9771771
186539, 9772903
186539, 9774145
186539, 9774496
186539, 9775710
186539, 9776355
186539, 9777295
186539, 9778385
186539, 9779026
186539, 9780228
186539, 9780818
186539, 9781896
188854, 9771771
188854, 9772903
188854, 9774145
188854, 9774496
188854, 9775710
188854, 9776355
188854, 9777295
188854, 9778385
188854, 9779026
188854, 9780228
188854, 9780818
188854, 9781896
190225, 9771771
190225, 9772903
190225, 9774145
190225, 9774496
190225, 9775710
190225, 9776355
190225, 9777295
190225, 9778385
190225, 9779026
190225, 9780228
190225, 9780818
190225, 9781896
