# Number of control cameras to place = 54 (includes 54 opportunistic sightings + 0 placed randomly)
189369, 9774001
187633, 9771903
187702, 9779130
184128, 9774022
188185, 9776531
185466, 9781845
189739, 9774344
189237, 9773482
188440, 9774434
186853, 9779122
186604, 9776513
188001, 9777075
189024, 9782246
190010, 9773839
185617, 9782154
188680, 9778817
186997, 9777626
186169, 9775017
186804, 9772208
186564, 9777898
184564, 9775556
185706, 9774978
188025, 9778835
187957, 9775332
185167, 9780457
187388, 9777820
190174, 9779716
184130, 9779012
187133, 9779136
189358, 9772453
187294, 9776481
184568, 9774420
186783, 9777718
190314, 9779361
186880, 9780608
184502, 9775225
187673, 9781982
189614, 9781557
190132, 9779192
186983, 9780108
189444, 9773787
185710, 9774125
184999, 9776704
188279, 9774148
186123, 9773921
187283, 9782139
189577, 9773920
185912, 9779633
187695, 9778287
184686, 9776404
184875, 9777392
184924, 9774442
186879, 9775975
188611, 9777751
