# Number of control cameras to place = 54 (includes 54 opportunistic sightings + 0 placed randomly)
184196, 9781003
189366, 9773704
186176, 9772395
189328, 9778941
186781, 9777280
187541, 9772738
187910, 9773181
190476, 9774870
186332, 9772182
186312, 9781777
190347, 9772266
189542, 9772433
189936, 9775390
187810, 9771913
187416, 9773450
187474, 9775381
186626, 9772341
186810, 9779748
189722, 9778855
184786, 9771810
187565, 9781192
189023, 9779440
187703, 9775554
187058, 9780640
189304, 9774902
187601, 9778866
186368, 9775838
185741, 9780766
185328, 9778840
187309, 9777827
186435, 9781142
185603, 9782163
189623, 9779559
189742, 9781678
184543, 9774807
188970, 9773454
188872, 9779474
185885, 9773821
187374, 9775146
189233, 9774450
189122, 9776840
184229, 9778009
186534, 9781625
185064, 9776956
189929, 9772541
186180, 9772950
186926, 9777592
186032, 9782038
189722, 9776972
186734, 9775057
187572, 9775198
189269, 9782072
187181, 9776357
185389, 9780021
