# Number of control cameras to place = 50 (includes 50 opportunistic sightings + 0 placed randomly)
185778, 9777223
184557, 9771973
188974, 9774413
188331, 9773821
186454, 9777320
190414, 9775042
184786, 9772383
185421, 9773738
184496, 9774584
190109, 9772792
185052, 9774557
185339, 9778305
188353, 9775088
189319, 9774385
186383, 9781582
187064, 9779527
189114, 9771820
185965, 9777978
184394, 9779118
186466, 9778730
190011, 9776171
185639, 9781480
189112, 9779298
187301, 9776808
186250, 9781883
188322, 9780326
186692, 9779389
185729, 9773776
185301, 9781265
190112, 9781243
184858, 9774301
184632, 9776469
184248, 9778100
185863, 9771982
187130, 9780635
185526, 9777824
187521, 9773740
188569, 9778480
190040, 9779391
185128, 9781212
187671, 9776557
188471, 9780745
185713, 9777961
186200, 9778169
186568, 9775510
188585, 9781267
190399, 9771751
188869, 9780353
188356, 9772318
188540, 9776224
