179092, 9782820
179092, 9785050
179092, 9787584
179092, 9787981
179092, 9791009
179092, 9792854
179092, 9793719
179092, 9796812
179092, 9798762
181030, 9782820
181030, 9785050
181030, 9787584
181030, 9787981
181030, 9791009
181030, 9792854
181030, 9793719
181030, 9796812
181030, 9798762
183955, 9782820
183955, 9785050
183955, 9787584
183955, 9787981
183955, 9791009
183955, 9792854
183955, 9793719
183955, 9796812
183955, 9798762
186244, 9782820
186244, 9785050
186244, 9787584
186244, 9787981
186244, 9791009
186244, 9792854
186244, 9793719
186244, 9796812
186244, 9798762
189614, 9782820
189614, 9785050
189614, 9787584
189614, 9787981
189614, 9791009
189614, 9792854
189614, 9793719
189614, 9796812
189614, 9798762
