178109, 9782694
178109, 9785630
178109, 9787111
178109, 9789004
178109, 9791214
178109, 9791833
178109, 9795032
178109, 9797166
178109, 9798867
182699, 9782694
182699, 9785630
182699, 9787111
182699, 9789004
182699, 9791214
182699, 9791833
182699, 9795032
182699, 9797166
182699, 9798867
183409, 9782694
183409, 9785630
183409, 9787111
183409, 9789004
183409, 9791214
183409, 9791833
183409, 9795032
183409, 9797166
183409, 9798867
187637, 9782694
187637, 9785630
187637, 9787111
187637, 9789004
187637, 9791214
187637, 9791833
187637, 9795032
187637, 9797166
187637, 9798867
189434, 9782694
189434, 9785630
189434, 9787111
189434, 9789004
189434, 9791214
189434, 9791833
189434, 9795032
189434, 9797166
189434, 9798867
