179708, 9782883
179708, 9785318
179708, 9787597
179708, 9789291
179708, 9790920
179708, 9792710
179708, 9795195
179708, 9797219
179708, 9798103
180890, 9782883
180890, 9785318
180890, 9787597
180890, 9789291
180890, 9790920
180890, 9792710
180890, 9795195
180890, 9797219
180890, 9798103
183534, 9782883
183534, 9785318
183534, 9787597
183534, 9789291
183534, 9790920
183534, 9792710
183534, 9795195
183534, 9797219
183534, 9798103
185925, 9782883
185925, 9785318
185925, 9787597
185925, 9789291
185925, 9790920
185925, 9792710
185925, 9795195
185925, 9797219
185925, 9798103
188615, 9782883
188615, 9785318
188615, 9787597
188615, 9789291
188615, 9790920
188615, 9792710
188615, 9795195
188615, 9797219
188615, 9798103
