177989, 9783438
177989, 9784688
177989, 9787455
177989, 9788213
177989, 9790029
177989, 9792235
177989, 9794743
177989, 9796520
177989, 9797714
181970, 9783438
181970, 9784688
181970, 9787455
181970, 9788213
181970, 9790029
181970, 9792235
181970, 9794743
181970, 9796520
181970, 9797714
183579, 9783438
183579, 9784688
183579, 9787455
183579, 9788213
183579, 9790029
183579, 9792235
183579, 9794743
183579, 9796520
183579, 9797714
186452, 9783438
186452, 9784688
186452, 9787455
186452, 9788213
186452, 9790029
186452, 9792235
186452, 9794743
186452, 9796520
186452, 9797714
189127, 9783438
189127, 9784688
189127, 9787455
189127, 9788213
189127, 9790029
189127, 9792235
189127, 9794743
189127, 9796520
189127, 9797714
