179864, 9783290
179864, 9784266
179864, 9786357
179864, 9788380
179864, 9790254
179864, 9793470
179864, 9794427
179864, 9795909
179864, 9797920
181698, 9783290
181698, 9784266
181698, 9786357
181698, 9788380
181698, 9790254
181698, 9793470
181698, 9794427
181698, 9795909
181698, 9797920
183085, 9783290
183085, 9784266
183085, 9786357
183085, 9788380
183085, 9790254
183085, 9793470
183085, 9794427
183085, 9795909
183085, 9797920
187830, 9783290
187830, 9784266
187830, 9786357
187830, 9788380
187830, 9790254
187830, 9793470
187830, 9794427
187830, 9795909
187830, 9797920
190218, 9783290
190218, 9784266
190218, 9786357
190218, 9788380
190218, 9790254
190218, 9793470
190218, 9794427
190218, 9795909
190218, 9797920
