185607, 9782527
184318, 9797383
178503, 9797908
185626, 9795370
182906, 9794928
183025, 9790038
185352, 9799228
179866, 9795611
187994, 9797656
184152, 9791204
179865, 9791771
183161, 9791830
183913, 9787566
185576, 9790842
178901, 9797843
182715, 9791826
188634, 9783444
178726, 9786927
187472, 9787229
190129, 9791112
178159, 9786756
181075, 9790578
186423, 9787603
189018, 9796265
185853, 9789758
187753, 9786100
185539, 9792010
182305, 9784272
183613, 9799000
180999, 9788207
181427, 9794912
181118, 9782648
183089, 9788204
190006, 9790895
189045, 9795601
185688, 9784917
189419, 9791166
186384, 9798013
180564, 9797854
187511, 9786085
182641, 9787145
185831, 9797377
183296, 9783868
181429, 9783098
180687, 9791314
190133, 9785909
185249, 9796701
189455, 9784305
179266, 9793832
178081, 9788495
180772, 9790519
182015, 9788830
178554, 9789437
186333, 9787742
