178699, 9788185
183709, 9798439
182546, 9785510
179307, 9789961
187882, 9798066
181835, 9794626
187395, 9795670
185116, 9794113
180519, 9793106
184947, 9793444
188720, 9793123
186067, 9792440
181304, 9785448
180897, 9796553
187186, 9783651
187640, 9788512
190520, 9789637
178350, 9785946
189401, 9789971
181293, 9790389
182299, 9798651
188375, 9783142
185757, 9791115
187820, 9792038
189057, 9798666
184721, 9787504
190538, 9794037
179318, 9788252
190040, 9790870
180922, 9786279
188904, 9793804
181203, 9784033
179571, 9797024
186198, 9784447
187137, 9795916
183582, 9794090
182588, 9793591
178666, 9794531
190635, 9791678
179843, 9794997
182908, 9792376
179794, 9796597
181771, 9785635
185128, 9787361
187938, 9788645
187690, 9782920
184815, 9786711
177899, 9792638
181876, 9789609
178858, 9787952
183428, 9796460
189263, 9792520
184683, 9798784
190596, 9783600
