183829, 9798445
180716, 9793709
180314, 9783729
182367, 9782223
189878, 9788560
185776, 9784444
189484, 9789426
190424, 9784300
179440, 9782584
181338, 9785542
186556, 9789728
180810, 9783144
183078, 9795665
180631, 9790766
190124, 9795488
178783, 9789854
184366, 9798794
183822, 9796228
183755, 9795060
178580, 9796928
180890, 9787620
182020, 9793905
183643, 9798825
184132, 9796184
186452, 9782698
184032, 9796166
190161, 9786680
179630, 9789894
179967, 9793199
190513, 9790942
178075, 9789701
179419, 9794386
181627, 9785749
188008, 9783292
185412, 9799143
181606, 9786077
185087, 9798990
179507, 9797542
180284, 9790748
188045, 9784793
182067, 9797054
181598, 9788846
186739, 9795571
181187, 9797712
186259, 9797257
190311, 9795332
188449, 9798221
189052, 9796317
179327, 9797528
178596, 9786014
183991, 9785171
182011, 9794423
187580, 9795199
181763, 9789199
