# Actual number of control cameras to place = 36
175154, 9774753
175154, 9775694
175154, 9776378
175154, 9777463
175154, 9778384
175154, 9779580
175154, 9779953
175154, 9781048
175154, 9782305
175154, 9782774
175154, 9784153
175154, 9785111
175154, 9785964
175154, 9786997
175154, 9787385
175154, 9788512
175154, 9789677
175154, 9790685
178558, 9774753
178558, 9775694
178558, 9776378
178558, 9777463
178558, 9778384
178558, 9779580
178558, 9779953
178558, 9781048
178558, 9782305
178558, 9782774
178558, 9784153
178558, 9785111
178558, 9785964
178558, 9786997
178558, 9787385
178558, 9788512
178558, 9789677
178558, 9790685
