# Actual number of control cameras to place = 60
174293, 9782252
174293, 9782681
174293, 9783619
174293, 9785152
174293, 9786069
174293, 9787103
174293, 9787939
174293, 9788562
174293, 9789750
174293, 9791030
174293, 9791662
174293, 9792658
175720, 9782252
175720, 9782681
175720, 9783619
175720, 9785152
175720, 9786069
175720, 9787103
175720, 9787939
175720, 9788562
175720, 9789750
175720, 9791030
175720, 9791662
175720, 9792658
177032, 9782252
177032, 9782681
177032, 9783619
177032, 9785152
177032, 9786069
177032, 9787103
177032, 9787939
177032, 9788562
177032, 9789750
177032, 9791030
177032, 9791662
177032, 9792658
178405, 9782252
178405, 9782681
178405, 9783619
178405, 9785152
178405, 9786069
178405, 9787103
178405, 9787939
178405, 9788562
178405, 9789750
178405, 9791030
178405, 9791662
178405, 9792658
180187, 9782252
180187, 9782681
180187, 9783619
180187, 9785152
180187, 9786069
180187, 9787103
180187, 9787939
180187, 9788562
180187, 9789750
180187, 9791030
180187, 9791662
180187, 9792658
