# Actual number of control cameras to place = 60
174207, 9781737
174207, 9783323
174207, 9783696
174207, 9784862
174207, 9785525
174207, 9787032
174207, 9788140
174207, 9788891
174207, 9790008
174207, 9790872
174207, 9791477
174207, 9792763
176505, 9781737
176505, 9783323
176505, 9783696
176505, 9784862
176505, 9785525
176505, 9787032
176505, 9788140
176505, 9788891
176505, 9790008
176505, 9790872
176505, 9791477
176505, 9792763
177806, 9781737
177806, 9783323
177806, 9783696
177806, 9784862
177806, 9785525
177806, 9787032
177806, 9788140
177806, 9788891
177806, 9790008
177806, 9790872
177806, 9791477
177806, 9792763
178969, 9781737
178969, 9783323
178969, 9783696
178969, 9784862
178969, 9785525
178969, 9787032
178969, 9788140
178969, 9788891
178969, 9790008
178969, 9790872
178969, 9791477
178969, 9792763
179627, 9781737
179627, 9783323
179627, 9783696
179627, 9784862
179627, 9785525
179627, 9787032
179627, 9788140
179627, 9788891
179627, 9790008
179627, 9790872
179627, 9791477
179627, 9792763
