# Actual number of control cameras to place = 48
175480, 9782348
175480, 9783006
175480, 9784011
175480, 9784818
175480, 9785881
175480, 9786646
175480, 9788068
175480, 9788437
175480, 9789852
175480, 9790400
175480, 9791677
175480, 9792702
176088, 9782348
176088, 9783006
176088, 9784011
176088, 9784818
176088, 9785881
176088, 9786646
176088, 9788068
176088, 9788437
176088, 9789852
176088, 9790400
176088, 9791677
176088, 9792702
178771, 9782348
178771, 9783006
178771, 9784011
178771, 9784818
178771, 9785881
178771, 9786646
178771, 9788068
178771, 9788437
178771, 9789852
178771, 9790400
178771, 9791677
178771, 9792702
179874, 9782348
179874, 9783006
179874, 9784011
179874, 9784818
179874, 9785881
179874, 9786646
179874, 9788068
179874, 9788437
179874, 9789852
179874, 9790400
179874, 9791677
179874, 9792702
