# Number of control cameras to place = 54 (includes 54 opportunistic sightings + 0 placed randomly)
177723, 9782565
180407, 9792498
174348, 9791388
175155, 9792476
175728, 9788891
178296, 9782639
174292, 9787294
176390, 9783255
177405, 9782777
175022, 9785515
177664, 9791163
177787, 9783377
179823, 9788098
175663, 9792087
178553, 9792564
179561, 9789047
179915, 9785392
179042, 9788431
176693, 9787304
179173, 9788258
177791, 9789033
174942, 9782030
179244, 9787223
177161, 9792693
177864, 9791213
174097, 9788862
174051, 9792901
176760, 9787805
179407, 9783907
179563, 9787457
179963, 9791678
180301, 9785757
177542, 9782425
177892, 9790593
179466, 9791803
177093, 9786904
179240, 9786987
174478, 9783394
175542, 9789245
177089, 9790325
174092, 9791341
178473, 9792923
175330, 9792567
177021, 9793034
177770, 9783035
179572, 9784775
176184, 9782794
178736, 9785472
177381, 9782178
177497, 9787864
175903, 9784805
176640, 9784329
177859, 9785602
179890, 9787542
