# Number of control cameras to place = 54 (includes 54 opportunistic sightings + 0 placed randomly)
175496, 9792847
177438, 9791847
179797, 9792396
175216, 9787304
180144, 9786945
179066, 9788488
176146, 9784625
179656, 9788031
174877, 9786021
179384, 9788389
175952, 9783511
178179, 9783309
175547, 9790324
176283, 9784217
179438, 9785561
174464, 9792744
174764, 9781634
176474, 9791006
179739, 9783151
177276, 9788613
175946, 9790554
180442, 9791028
179850, 9784923
179790, 9787853
174270, 9785409
175267, 9792000
178503, 9790558
178446, 9786262
177140, 9781984
174359, 9790078
178729, 9787681
178384, 9789660
176169, 9788269
174195, 9788073
177946, 9784262
176707, 9783323
179848, 9781598
175129, 9782911
180038, 9785520
175526, 9791570
174278, 9781749
175366, 9791449
177246, 9785327
176374, 9783461
174446, 9789183
177532, 9783837
176312, 9782108
174754, 9789973
175806, 9791948
177971, 9792401
178099, 9787466
174383, 9787581
174204, 9791583
177911, 9783572
