# Number of control cameras to place = 54 (includes 54 opportunistic sightings + 0 placed randomly)
177045, 9783235
179119, 9784226
178785, 9782405
174556, 9787251
177566, 9789245
177937, 9785229
178504, 9792260
175761, 9782150
180129, 9781975
178983, 9784235
176328, 9789150
178047, 9790173
175863, 9786446
175259, 9785481
175878, 9788093
175536, 9781749
177182, 9786817
179070, 9785281
178232, 9781897
175658, 9791302
178956, 9789220
179160, 9788884
174927, 9782972
178374, 9785085
175085, 9790014
179822, 9789387
179263, 9787952
175778, 9791473
180491, 9792836
177921, 9782066
179254, 9786339
174667, 9788392
175939, 9792964
174721, 9787934
176694, 9786106
176190, 9789379
178794, 9787735
177116, 9789006
176944, 9782495
177312, 9784058
177093, 9788052
175092, 9790492
176486, 9786391
176920, 9784446
175868, 9792340
175190, 9789669
175486, 9785588
175665, 9784947
174291, 9784262
179156, 9787746
174284, 9782674
178130, 9793041
177701, 9783007
176118, 9782669
