# Number of control cameras to place = 50 (includes 50 opportunistic sightings + 0 placed randomly)
186079, 9785090
179368, 9798710
183713, 9782126
188502, 9788869
182925, 9785342
178688, 9796452
178284, 9784187
178642, 9798751
180777, 9796723
181073, 9786475
182085, 9787292
179281, 9790135
181502, 9794302
190434, 9784845
181845, 9787905
178969, 9795227
180469, 9786264
186524, 9789014
185568, 9782626
184154, 9786241
179921, 9783819
188930, 9789960
183206, 9798047
182529, 9786134
185265, 9798264
183928, 9791789
189280, 9793899
184827, 9790755
184390, 9796782
177980, 9785470
181396, 9785103
187651, 9787757
186086, 9787479
188953, 9798329
184337, 9792851
179538, 9790507
184253, 9790299
185219, 9792818
180875, 9798061
185279, 9795889
189044, 9791788
189920, 9798925
183559, 9791035
182435, 9799103
180813, 9783904
182255, 9792725
186034, 9795123
178607, 9786629
184802, 9787966
180914, 9789640
