# Number of control cameras to place = 50 (includes 5 opportunistic sightings + 45 placed randomly)
178345, 9783241
178485, 9783136
178023, 9782883
178111, 9782883
177777, 9782686
183379, 9782742
188183, 9794662
190631, 9790050
181876, 9793273
181433, 9793083
179345, 9787034
187596, 9798410
182786, 9788473
181416, 9782588
184692, 9788246
187372, 9783101
180288, 9787203
190456, 9790450
179647, 9784596
184508, 9788833
181199, 9784883
188042, 9785246
178547, 9788661
182335, 9782482
184938, 9782492
183507, 9791246
181826, 9792335
187746, 9791838
179316, 9791231
185177, 9789413
180831, 9792962
185797, 9786791
190627, 9793455
183318, 9798949
183532, 9782682
182405, 9797337
183514, 9787552
188871, 9786114
188006, 9783549
190177, 9796914
182994, 9782416
180753, 9790239
190137, 9789597
189502, 9799200
187649, 9787926
188428, 9784084
186093, 9789151
179322, 9782276
179662, 9787113
184624, 9795250
