# Number of control cameras to place = 50 (includes 0 opportunistic sightings + 50 placed randomly)
178317, 9792738
189524, 9794214
187493, 9782620
188916, 9782106
181461, 9783825
184973, 9787501
178069, 9796932
189283, 9798747
178734, 9793590
178535, 9786542
185807, 9785055
181318, 9785882
189946, 9793762
184943, 9796731
179512, 9793273
181440, 9783571
189163, 9798174
179097, 9793372
181845, 9798934
188270, 9786690
181256, 9798837
179801, 9790608
186456, 9783649
187324, 9784843
180730, 9796432
178922, 9784570
184062, 9783216
188332, 9795589
189627, 9795663
178306, 9796103
178766, 9787883
181349, 9794692
187386, 9794136
190719, 9789329
189950, 9793076
179441, 9789406
181094, 9798785
178928, 9797244
189620, 9782459
186920, 9790322
179036, 9790407
190215, 9787123
178830, 9797333
178670, 9787747
181189, 9782151
184772, 9785152
179783, 9799062
187981, 9784039
181304, 9792478
185777, 9790474
