# Number of control cameras to place = 50 (includes 8 opportunistic sightings + 42 placed randomly)
175610, 9786950
177846, 9786240
177538, 9786287
178427, 9785533
175410, 9786967
178675, 9786115
179962, 9785623
178928, 9786035
174528, 9787310
178277, 9784861
175359, 9784910
179555, 9782178
177157, 9790232
177727, 9784632
175962, 9791683
176047, 9783699
180035, 9782941
176427, 9782417
174801, 9793009
179945, 9782277
174370, 9786975
174181, 9790000
179153, 9787710
177984, 9792038
180164, 9790398
176536, 9785364
176645, 9788618
177341, 9791426
179819, 9792836
176224, 9789796
178688, 9787762
179530, 9786767
175716, 9791628
174617, 9787693
174548, 9793035
178085, 9791604
180320, 9791862
179113, 9789417
177320, 9783245
178126, 9786350
177014, 9786421
174681, 9789044
175606, 9786472
175944, 9786248
175361, 9787446
177032, 9782439
177678, 9781637
174982, 9784831
174379, 9786661
177679, 9784487
