# Number of control cameras to place = 50 (includes 0 opportunistic sightings + 50 placed randomly)
175890, 9791451
177044, 9787600
177651, 9781751
179148, 9789114
177210, 9786058
178566, 9792793
176049, 9787222
174887, 9787630
179082, 9787866
178267, 9783430
175959, 9782817
178499, 9792272
176246, 9791563
178160, 9783605
176819, 9782911
177867, 9783904
175817, 9791060
174461, 9783230
176126, 9785262
174309, 9781820
178395, 9785362
179966, 9781592
179697, 9781873
179245, 9791815
178939, 9792960
177931, 9790166
174573, 9789858
176269, 9786318
175778, 9781767
179488, 9790618
179815, 9792032
178800, 9791619
176687, 9792915
174205, 9784747
177005, 9789385
179312, 9792031
177830, 9782945
178798, 9787482
175178, 9783169
174093, 9791860
180285, 9781654
178544, 9788059
180214, 9782564
178593, 9785340
177688, 9789153
177957, 9790032
178674, 9789611
179884, 9790888
180027, 9786795
178508, 9785691
