# Number of control cameras to place = 50 (includes 14 opportunistic sightings + 36 placed randomly)
178294, 9786471
177990, 9786568
177963, 9786578
178187, 9785731
178253, 9786019
178964, 9787108
178478, 9785909
177963, 9786578
177997, 9784832
177883, 9784864
178451, 9785859
178207, 9786284
177963, 9786578
177963, 9786578
186735, 9787340
184839, 9786371
190120, 9791264
190444, 9797740
185153, 9795271
179994, 9790201
180900, 9791399
178088, 9785561
177901, 9787675
188485, 9786342
185448, 9790826
182608, 9792276
181055, 9789440
189277, 9791191
181954, 9797729
189403, 9785662
178444, 9793596
187005, 9789541
188574, 9790331
189298, 9796454
179515, 9797540
180133, 9783274
182878, 9794642
181072, 9791404
188183, 9787426
190505, 9794849
184969, 9798474
184396, 9785549
184861, 9792443
182393, 9793999
182806, 9790588
186546, 9793117
179300, 9799031
187319, 9797000
178195, 9788144
185152, 9791848
