# Number of control cameras to place = 50 (includes 4 opportunistic sightings + 46 placed randomly)
177949, 9785920
177734, 9786120
178569, 9784564
177253, 9785978
178865, 9788393
178768, 9781873
177037, 9787954
176156, 9783718
178468, 9792682
179062, 9792852
179175, 9783278
174414, 9785252
176599, 9786341
176496, 9793013
179767, 9785236
177986, 9783178
180236, 9788854
177746, 9789403
177612, 9787313
177140, 9790943
180381, 9786975
174712, 9789417
179561, 9783565
174648, 9785320
176525, 9791160
174691, 9789317
174317, 9785091
175174, 9790647
174106, 9786593
177575, 9790662
177788, 9786239
175459, 9791429
176619, 9781884
174219, 9783434
177191, 9781969
174784, 9784898
175889, 9789704
179506, 9789331
174806, 9786030
175083, 9788429
177384, 9787541
179022, 9783519
179399, 9783670
178842, 9785701
176139, 9782809
174494, 9784467
177132, 9783941
179077, 9787363
179962, 9792693
179660, 9791679
