# Number of control cameras to place = 50 (includes 2 opportunistic sightings + 48 placed randomly)
175020, 9784518
175020, 9784518
178445, 9782267
174143, 9786020
176711, 9790585
179229, 9789981
179930, 9792804
176920, 9784539
176374, 9792886
174753, 9789460
178116, 9789520
179691, 9786605
177108, 9791866
178944, 9786205
180481, 9787878
174315, 9792723
178293, 9784484
178276, 9791876
175308, 9781589
176800, 9792415
174573, 9784612
179005, 9783637
174183, 9790594
180193, 9792749
176482, 9784946
180316, 9781811
179311, 9787515
176901, 9792292
175407, 9785026
174790, 9789838
179553, 9782426
174775, 9791858
180352, 9787560
180470, 9782851
179894, 9786660
175309, 9790663
174941, 9788286
175374, 9789891
176587, 9790554
177685, 9783451
174100, 9783711
174979, 9782693
179009, 9789638
178697, 9786232
179860, 9789346
178792, 9790843
177515, 9788502
177504, 9784671
176914, 9787302
177402, 9784913
