# Number of control cameras to place = 50 (includes 22 opportunistic sightings + 28 placed randomly)
178189, 9789446
178195, 9787082
178410, 9789372
178940, 9789292
177965, 9786491
178208, 9789367
178326, 9789343
178382, 9789696
178265, 9789349
178273, 9789374
178189, 9789446
178972, 9788753
177995, 9786704
178189, 9789446
178189, 9789446
177768, 9786095
179049, 9788183
178273, 9789374
178189, 9789446
177964, 9786456
178326, 9789343
178941, 9788401
189173, 9789611
185323, 9794059
180588, 9796048
180757, 9782522
186845, 9794012
188331, 9797515
183210, 9784116
186231, 9792485
190678, 9798330
179436, 9793608
186811, 9793917
181873, 9796921
179688, 9786401
178419, 9782521
179845, 9783488
184114, 9788028
180639, 9788357
189405, 9784065
189669, 9786854
179629, 9789359
184083, 9791170
181554, 9789567
183661, 9785443
187146, 9797577
184556, 9783601
184263, 9789547
181960, 9792688
178082, 9793084
