# Number of control cameras to place = 50 (includes 4 opportunistic sightings + 46 placed randomly)
176587, 9785180
176814, 9789232
176906, 9789163
176908, 9789136
179702, 9789607
174587, 9793031
176609, 9792099
175953, 9792490
175340, 9787265
179924, 9790535
174639, 9791008
177507, 9781969
175954, 9782932
180362, 9783441
178334, 9791986
178944, 9788079
174464, 9783063
176595, 9790139
179852, 9782010
176535, 9782502
177159, 9792907
177936, 9782653
178507, 9787994
175545, 9792369
179970, 9783995
176350, 9789825
179184, 9786247
176733, 9786610
177008, 9788471
180061, 9782076
177607, 9792309
178546, 9782253
175186, 9787407
179444, 9783211
180190, 9787336
177147, 9791945
175430, 9792017
176193, 9782720
179437, 9786403
175415, 9782133
178215, 9792866
176988, 9787268
176533, 9785879
180032, 9783053
178987, 9786310
180269, 9793033
178052, 9785489
178867, 9783381
177401, 9783411
177959, 9783478
