# Number of control cameras to place = 54 (includes 6 opportunistic sightings + 48 placed randomly)
178698, 9782507
177204, 9785074
178905, 9782291
179468, 9784578
178552, 9782557
178402, 9785027
175172, 9791858
177942, 9790714
174144, 9787823
178742, 9782285
175485, 9791831
178324, 9790141
174701, 9783493
176343, 9782276
179233, 9783916
176688, 9784104
180376, 9791928
177194, 9787483
178928, 9785843
177726, 9789774
178557, 9791928
176611, 9787753
175234, 9792981
175293, 9782089
176983, 9789943
180025, 9790865
180232, 9788322
176535, 9791083
176898, 9785650
176114, 9783230
180132, 9789658
175183, 9785042
179362, 9787794
177693, 9787881
175036, 9792134
177991, 9792645
178392, 9786325
178246, 9787006
177604, 9784323
177168, 9790157
175126, 9791543
178162, 9786772
174097, 9786443
174073, 9784464
179780, 9784504
176934, 9782933
175868, 9782425
175354, 9783944
175105, 9783037
176744, 9791529
177998, 9785438
176284, 9789873
174463, 9782114
179067, 9788332
