# Actual number of control cameras to place = 50
178956, 9782374
178956, 9784059
178956, 9787071
178956, 9787515
178956, 9790277
178956, 9792055
178956, 9793507
178956, 9794965
178956, 9797224
178956, 9798456
181262, 9782374
181262, 9784059
181262, 9787071
181262, 9787515
181262, 9790277
181262, 9792055
181262, 9793507
181262, 9794965
181262, 9797224
181262, 9798456
183819, 9782374
183819, 9784059
183819, 9787071
183819, 9787515
183819, 9790277
183819, 9792055
183819, 9793507
183819, 9794965
183819, 9797224
183819, 9798456
187824, 9782374
187824, 9784059
187824, 9787071
187824, 9787515
187824, 9790277
187824, 9792055
187824, 9793507
187824, 9794965
187824, 9797224
187824, 9798456
189913, 9782374
189913, 9784059
189913, 9787071
189913, 9787515
189913, 9790277
189913, 9792055
189913, 9793507
189913, 9794965
189913, 9797224
189913, 9798456
