# Actual number of control cameras to place = 50
177959, 9782417
177959, 9784749
177959, 9785822
177959, 9788240
177959, 9789608
177959, 9790825
177959, 9793468
177959, 9795156
177959, 9796177
177959, 9798561
180661, 9782417
180661, 9784749
180661, 9785822
180661, 9788240
180661, 9789608
180661, 9790825
180661, 9793468
180661, 9795156
180661, 9796177
180661, 9798561
183186, 9782417
183186, 9784749
183186, 9785822
183186, 9788240
183186, 9789608
183186, 9790825
183186, 9793468
183186, 9795156
183186, 9796177
183186, 9798561
186846, 9782417
186846, 9784749
186846, 9785822
186846, 9788240
186846, 9789608
186846, 9790825
186846, 9793468
186846, 9795156
186846, 9796177
186846, 9798561
190618, 9782417
190618, 9784749
190618, 9785822
190618, 9788240
190618, 9789608
190618, 9790825
190618, 9793468
190618, 9795156
190618, 9796177
190618, 9798561
