# Actual number of control cameras to place = 50
178675, 9783229
178675, 9784450
178675, 9786632
178675, 9787641
178675, 9789496
178675, 9792246
178675, 9793569
178675, 9795310
178675, 9796550
178675, 9798632
181489, 9783229
181489, 9784450
181489, 9786632
181489, 9787641
181489, 9789496
181489, 9792246
181489, 9793569
181489, 9795310
181489, 9796550
181489, 9798632
184228, 9783229
184228, 9784450
184228, 9786632
184228, 9787641
184228, 9789496
184228, 9792246
184228, 9793569
184228, 9795310
184228, 9796550
184228, 9798632
186465, 9783229
186465, 9784450
186465, 9786632
186465, 9787641
186465, 9789496
186465, 9792246
186465, 9793569
186465, 9795310
186465, 9796550
186465, 9798632
188700, 9783229
188700, 9784450
188700, 9786632
188700, 9787641
188700, 9789496
188700, 9792246
188700, 9793569
188700, 9795310
188700, 9796550
188700, 9798632
