# Number of control cameras to place = 50 (includes 50 opportunistic sightings + 0 placed randomly)
187338, 9795758
180046, 9784752
188645, 9795478
186067, 9787442
182091, 9784586
188584, 9789646
187207, 9791315
178498, 9799217
189015, 9792793
187368, 9794316
178201, 9795790
188830, 9785164
187573, 9793580
183636, 9796484
187348, 9789546
182714, 9782163
186400, 9786710
184826, 9786610
183869, 9789541
178576, 9794263
187351, 9782650
181978, 9798968
181428, 9798090
185493, 9783096
189173, 9798242
186816, 9786954
189731, 9785978
190065, 9785469
188257, 9787063
187164, 9794299
182760, 9784091
180916, 9792028
184978, 9793405
182039, 9794585
186587, 9788469
189738, 9784048
183992, 9791641
186400, 9799210
184830, 9785497
182373, 9784974
182847, 9791498
188089, 9794325
184090, 9789205
184567, 9786757
187157, 9792030
185810, 9796450
183824, 9785172
189349, 9792908
183213, 9782417
185575, 9787431
