# Number of control cameras to place = 50 (includes 50 opportunistic sightings + 0 placed randomly)
185390, 9798766
180465, 9785743
190554, 9796795
178764, 9786222
178318, 9797819
186430, 9786927
187641, 9784086
187470, 9796910
186200, 9786223
181093, 9782322
188261, 9787855
187186, 9785522
183879, 9785743
181515, 9787620
190348, 9790963
188052, 9787976
177946, 9795701
180762, 9799106
183372, 9788272
186673, 9788655
186503, 9782406
179959, 9799236
177896, 9796087
188437, 9786685
184987, 9793360
189543, 9788877
178881, 9790007
182434, 9796485
186114, 9795065
186287, 9797848
186704, 9797335
180948, 9789388
183748, 9790729
179245, 9786538
185374, 9794374
188301, 9783177
184552, 9785537
189822, 9796151
188882, 9795608
184190, 9793269
182291, 9787601
186380, 9782304
184416, 9792784
184447, 9790001
187240, 9784065
190234, 9790310
186831, 9794970
182592, 9795426
178519, 9794259
179551, 9797140
