# Actual number of control cameras to place = 48
184597, 9771952
184597, 9773309
184597, 9774037
184597, 9774595
184597, 9775804
184597, 9776553
184597, 9777749
184597, 9778383
184597, 9779230
184597, 9780169
184597, 9781148
184597, 9782146
186533, 9771952
186533, 9773309
186533, 9774037
186533, 9774595
186533, 9775804
186533, 9776553
186533, 9777749
186533, 9778383
186533, 9779230
186533, 9780169
186533, 9781148
186533, 9782146
188002, 9771952
188002, 9773309
188002, 9774037
188002, 9774595
188002, 9775804
188002, 9776553
188002, 9777749
188002, 9778383
188002, 9779230
188002, 9780169
188002, 9781148
188002, 9782146
190229, 9771952
190229, 9773309
190229, 9774037
190229, 9774595
190229, 9775804
190229, 9776553
190229, 9777749
190229, 9778383
190229, 9779230
190229, 9780169
190229, 9781148
190229, 9782146
