# Number of control cameras to place = 50 (includes 50 opportunistic sightings + 0 placed randomly)
182128, 9793527
182045, 9794459
182046, 9788524
179461, 9785776
187630, 9776332
177793, 9776417
181310, 9783723
182308, 9795917
184883, 9785207
182989, 9796025
181016, 9772367
180197, 9787292
188794, 9793554
187369, 9793966
181025, 9794488
182065, 9776381
185029, 9790703
182129, 9792798
187570, 9779279
188788, 9786903
189685, 9787986
185585, 9775948
184983, 9782080
183020, 9788035
189340, 9785641
190521, 9783913
181994, 9795504
180406, 9785598
178131, 9773308
189592, 9788994
187290, 9772735
180212, 9778493
182054, 9788854
180473, 9775520
181754, 9795742
181775, 9794202
180004, 9778371
181689, 9784078
190222, 9787492
189584, 9786138
187170, 9789597
177823, 9780576
181158, 9789436
183791, 9785398
187847, 9792550
180467, 9791190
182876, 9794088
182721, 9796011
178586, 9777074
186055, 9772437
