# Actual number of control cameras to place = 50
178067, 9782624
178067, 9785302
178067, 9786961
178067, 9787752
178067, 9789877
178067, 9791755
178067, 9793636
178067, 9795089
178067, 9796131
178067, 9798844
180931, 9782624
180931, 9785302
180931, 9786961
180931, 9787752
180931, 9789877
180931, 9791755
180931, 9793636
180931, 9795089
180931, 9796131
180931, 9798844
184561, 9782624
184561, 9785302
184561, 9786961
184561, 9787752
184561, 9789877
184561, 9791755
184561, 9793636
184561, 9795089
184561, 9796131
184561, 9798844
185671, 9782624
185671, 9785302
185671, 9786961
185671, 9787752
185671, 9789877
185671, 9791755
185671, 9793636
185671, 9795089
185671, 9796131
185671, 9798844
189355, 9782624
189355, 9785302
189355, 9786961
189355, 9787752
189355, 9789877
189355, 9791755
189355, 9793636
189355, 9795089
189355, 9796131
189355, 9798844
