# Actual number of control cameras to place = 50
177838, 9782199
177838, 9785178
177838, 9785624
177838, 9787864
177838, 9789919
177838, 9791544
177838, 9793814
177838, 9794520
177838, 9796264
177838, 9798433
181572, 9782199
181572, 9785178
181572, 9785624
181572, 9787864
181572, 9789919
181572, 9791544
181572, 9793814
181572, 9794520
181572, 9796264
181572, 9798433
183425, 9782199
183425, 9785178
183425, 9785624
183425, 9787864
183425, 9789919
183425, 9791544
183425, 9793814
183425, 9794520
183425, 9796264
183425, 9798433
186454, 9782199
186454, 9785178
186454, 9785624
186454, 9787864
186454, 9789919
186454, 9791544
186454, 9793814
186454, 9794520
186454, 9796264
186454, 9798433
189154, 9782199
189154, 9785178
189154, 9785624
189154, 9787864
189154, 9789919
189154, 9791544
189154, 9793814
189154, 9794520
189154, 9796264
189154, 9798433
