# Number of control cameras to place = 54 (includes 54 opportunistic sightings + 0 placed randomly)
190369, 9794969
178923, 9797971
178736, 9782732
180868, 9787373
182493, 9784667
181621, 9786593
189940, 9782973
190524, 9794856
177836, 9789969
183008, 9798521
183170, 9787383
185901, 9783745
181061, 9796961
189448, 9784676
179856, 9786499
188743, 9782467
190461, 9799248
184765, 9783861
180587, 9783598
179455, 9787623
185449, 9783054
179288, 9787494
190320, 9787314
180951, 9791032
189612, 9789278
190431, 9790424
190239, 9790932
189151, 9787243
182035, 9783994
182098, 9786803
182377, 9794339
178707, 9789196
184683, 9786669
179203, 9782675
187691, 9784610
184892, 9789133
179504, 9798204
178107, 9788783
189619, 9791050
185092, 9797577
189164, 9796189
190489, 9794355
189015, 9787605
190131, 9790885
186658, 9792521
183808, 9789175
187044, 9782262
187513, 9792251
182311, 9787775
178594, 9796689
185217, 9792801
184250, 9789900
188160, 9794105
187440, 9784277
