# Number of control cameras to place = 50 (includes 50 opportunistic sightings + 0 placed randomly)
182300, 9787661
188461, 9790888
189241, 9793352
185961, 9791682
186758, 9782181
184580, 9794295
179260, 9783642
188037, 9799280
189608, 9795869
188003, 9787664
188343, 9794286
183718, 9792101
179423, 9795807
184885, 9793716
179900, 9791554
180690, 9790556
188664, 9787516
188208, 9795490
185738, 9792895
184433, 9789633
183240, 9793012
189269, 9790224
189041, 9791118
186873, 9794234
188049, 9797373
187416, 9793492
188683, 9791623
184238, 9786541
186061, 9784711
187514, 9795549
180974, 9790645
187680, 9790069
179209, 9793341
184078, 9789080
180448, 9786404
182353, 9782988
184896, 9796673
182747, 9795747
185470, 9792663
183067, 9788208
180254, 9793200
178826, 9787650
182286, 9784595
189536, 9783408
179133, 9789092
183566, 9783026
178969, 9793346
188026, 9796776
190394, 9791856
189013, 9793228
