# Number of control cameras to place = 50 (includes 0 opportunistic sightings + 50 placed randomly)
181991, 9785554
180261, 9794612
184037, 9795563
188576, 9798749
180678, 9798553
180222, 9783320
187340, 9786132
186544, 9782381
190096, 9788652
181972, 9787893
189232, 9785660
179886, 9796493
184572, 9782249
187525, 9790517
182686, 9791104
179157, 9795475
179309, 9789945
180365, 9784167
184348, 9788330
182325, 9786040
189899, 9791659
189974, 9785243
181815, 9791947
180994, 9793959
178347, 9785435
184959, 9798828
187782, 9786632
188584, 9796299
190321, 9784265
183833, 9795073
187561, 9784496
186542, 9793898
190444, 9786685
186909, 9784500
180541, 9785222
187784, 9796819
188992, 9787830
184920, 9786971
181430, 9798287
179845, 9784151
179232, 9791811
178703, 9794735
184992, 9788286
178573, 9784422
184756, 9798479
177982, 9792662
185709, 9792715
182006, 9784145
187217, 9797538
186547, 9797563
