# Number of control cameras to place = 50 (includes 0 opportunistic sightings + 50 placed randomly)
181524, 9787181
181545, 9793107
188066, 9785592
186143, 9798194
185842, 9787285
182313, 9786660
180175, 9797791
184718, 9788858
190497, 9793191
181018, 9788351
185331, 9783130
181664, 9782191
184633, 9786080
181088, 9791274
180173, 9797257
186124, 9797497
189420, 9790102
178129, 9792927
184393, 9790793
178662, 9796455
179509, 9793110
185933, 9784337
178836, 9796040
187041, 9797720
185215, 9793338
185987, 9789555
179354, 9784475
188129, 9790168
182167, 9785002
177784, 9782553
182325, 9799172
187030, 9785237
187068, 9797994
187880, 9783031
180491, 9787098
177837, 9788248
186158, 9794820
180842, 9790503
181108, 9796354
180277, 9799080
185618, 9783407
177775, 9798039
185207, 9783268
184423, 9792613
184814, 9791275
186409, 9791968
184009, 9783855
190311, 9788575
185915, 9793434
179805, 9797913
