# Actual number of control cameras to place = 48
172045, 9777066
172045, 9777938
172045, 9779163
172045, 9780527
172045, 9781000
172045, 9781972
172045, 9783257
172045, 9783991
172045, 9784905
172045, 9786220
172045, 9786994
172045, 9788358
174006, 9777066
174006, 9777938
174006, 9779163
174006, 9780527
174006, 9781000
174006, 9781972
174006, 9783257
174006, 9783991
174006, 9784905
174006, 9786220
174006, 9786994
174006, 9788358
175794, 9777066
175794, 9777938
175794, 9779163
175794, 9780527
175794, 9781000
175794, 9781972
175794, 9783257
175794, 9783991
175794, 9784905
175794, 9786220
175794, 9786994
175794, 9788358
176775, 9777066
176775, 9777938
176775, 9779163
176775, 9780527
176775, 9781000
176775, 9781972
176775, 9783257
176775, 9783991
176775, 9784905
176775, 9786220
176775, 9786994
176775, 9788358
