# Number of control cameras to place = 50 (includes 50 opportunistic sightings + 0 placed randomly)
190488, 9784879
190416, 9788273
188145, 9798373
180923, 9783515
179750, 9784744
179567, 9789039
180209, 9792238
178000, 9791640
189491, 9798077
177986, 9789907
185053, 9794363
179883, 9784452
178408, 9791025
188017, 9787707
181615, 9791707
181523, 9793057
185732, 9795944
180131, 9783395
188904, 9796893
190449, 9787230
184353, 9789100
179769, 9796143
185822, 9786621
185298, 9795003
185026, 9787076
187447, 9787493
188646, 9792089
182344, 9789264
180286, 9788618
190572, 9783540
185088, 9792031
189301, 9792798
178474, 9797622
183263, 9791076
183531, 9784190
186222, 9792896
184320, 9791388
179384, 9785221
189633, 9789170
182463, 9786911
177979, 9786372
185767, 9793463
177726, 9791678
178252, 9791276
190645, 9782517
188237, 9792627
180576, 9791116
178884, 9792533
184385, 9796321
182530, 9791949
