# Number of control cameras to place = 50 (includes 50 opportunistic sightings + 0 placed randomly)
180976, 9795703
183426, 9791499
188340, 9784688
188519, 9791703
190316, 9786458
180069, 9795549
190215, 9783061
181106, 9789176
178695, 9790175
182173, 9796008
188503, 9783718
183931, 9786565
187767, 9790091
184322, 9786729
188022, 9794147
182687, 9794127
183441, 9792719
178214, 9785637
184058, 9796593
187797, 9788410
183669, 9782491
185828, 9783498
179472, 9793294
187275, 9794170
181826, 9790462
185562, 9796367
188768, 9793762
187878, 9790600
181988, 9795417
185627, 9798024
183901, 9790334
184329, 9792881
182813, 9795584
182457, 9798657
190359, 9791047
180946, 9790551
180566, 9788018
180902, 9794335
185010, 9787502
182430, 9787530
187065, 9790364
187145, 9795843
190299, 9794922
188711, 9793051
183627, 9782264
187482, 9794930
177748, 9782170
186563, 9786255
187071, 9791203
177796, 9792547
