# Number of control cameras to place = 54 (includes 54 opportunistic sightings + 0 placed randomly)
171730, 9779416
176516, 9779445
174131, 9787227
171356, 9787101
177632, 9777367
173799, 9785101
172698, 9781661
177000, 9786883
177575, 9778670
170889, 9782898
174863, 9777368
175029, 9788298
176610, 9788076
176592, 9777637
177323, 9787892
174635, 9777094
175393, 9779626
173212, 9778605
175574, 9786525
173628, 9786448
174287, 9777922
177183, 9786855
171428, 9778691
176332, 9778350
173046, 9781161
172526, 9787520
177222, 9784299
177000, 9788476
172224, 9779026
177194, 9786642
176603, 9784434
171443, 9788437
174524, 9779887
177227, 9778727
170971, 9777629
176328, 9783368
172452, 9784564
174172, 9778037
173882, 9781847
176569, 9780143
172562, 9787273
173270, 9778164
174403, 9787875
176790, 9777296
175319, 9781098
176996, 9782016
176529, 9785332
171416, 9786312
172519, 9788366
172282, 9787106
176647, 9780513
175223, 9788020
177270, 9777072
173037, 9787200
