# Number of control cameras to place = 54 (includes 54 opportunistic sightings + 0 placed randomly)
175948, 9779564
174117, 9780377
180049, 9784105
177775, 9775573
179887, 9788871
179837, 9779240
177755, 9790702
173926, 9785133
174828, 9787261
179010, 9783368
174317, 9787054
176755, 9774193
178310, 9788516
178454, 9788096
176407, 9775789
179658, 9785787
179412, 9777261
180077, 9784885
175060, 9781698
178386, 9782894
178906, 9775066
173898, 9778605
174515, 9776267
174124, 9779677
175578, 9787500
176463, 9786400
174793, 9781357
174788, 9778221
175305, 9785281
176083, 9777492
174873, 9779190
178786, 9778076
175971, 9786906
180265, 9783876
178801, 9782785
175472, 9775752
174403, 9776090
178865, 9783419
179841, 9778143
174523, 9777500
179987, 9782018
175768, 9789072
180312, 9784450
178764, 9786725
174239, 9790436
176397, 9789834
177630, 9776359
179090, 9790753
180025, 9787320
176653, 9787564
178179, 9782995
178078, 9778637
174292, 9784677
178370, 9783809
