# Number of control cameras to place = 54 (includes 54 opportunistic sightings + 0 placed randomly)
180317, 9781284
174187, 9780231
178442, 9780326
179862, 9776022
179826, 9787805
176652, 9778753
178047, 9777017
179884, 9784264
174614, 9775023
179046, 9789173
177114, 9786593
177086, 9787705
177620, 9781736
174341, 9782057
174431, 9781828
176495, 9781858
177994, 9782843
180001, 9780475
176366, 9781507
178999, 9784836
179142, 9777588
176464, 9782386
174013, 9781545
179132, 9778613
176737, 9786726
175444, 9777876
176736, 9781915
174256, 9786309
179080, 9790112
176797, 9776894
175621, 9783288
178820, 9789966
173936, 9789820
177299, 9783435
176468, 9783794
180091, 9782598
177539, 9786437
176293, 9776671
174785, 9779613
178943, 9774776
176543, 9777752
179966, 9782674
178132, 9780754
176218, 9788526
174741, 9776407
177137, 9789751
175695, 9785535
178054, 9783518
179980, 9774691
175773, 9774912
176155, 9775210
178526, 9782044
173869, 9776186
178380, 9781291
