# Number of control cameras to place = 54 (includes 23 opportunistic sightings + 31 placed randomly)
176562, 9782067
176184, 9782702
176600, 9782193
176639, 9782169
176622, 9782137
176558, 9782074
176625, 9782131
175269, 9783713
176626, 9782146
176924, 9782280
175773, 9782959
176657, 9782114
176098, 9783893
176603, 9782107
175678, 9789093
178860, 9781144
176620, 9782138
174901, 9783576
176620, 9782165
176624, 9782141
176974, 9783126
176559, 9782064
174644, 9786221
180262, 9775697
179190, 9776701
180019, 9779063
177584, 9775221
177379, 9777638
175540, 9781051
174422, 9789450
178651, 9774139
179318, 9778232
173792, 9784971
180290, 9786809
178569, 9779699
179390, 9779699
175356, 9776848
179975, 9777434
174230, 9775969
174264, 9784426
175244, 9790882
176026, 9782822
175991, 9779315
178535, 9790074
179111, 9776862
179251, 9788456
176576, 9781218
179487, 9788190
173877, 9778430
176555, 9786858
180258, 9789192
175323, 9786201
174863, 9775095
175025, 9783010
