# Number of control cameras to place = 54 (includes 14 opportunistic sightings + 40 placed randomly)
188652, 9773453
185333, 9777343
188572, 9778975
186030, 9779111
189493, 9778252
186468, 9773421
186534, 9775601
189210, 9775007
186574, 9773389
189685, 9776569
187915, 9773738
188570, 9779105
187836, 9779320
188866, 9774126
189500, 9781558
186188, 9778907
188613, 9778113
186591, 9779749
188590, 9775658
186099, 9773857
188793, 9777504
185526, 9773286
187679, 9780945
188414, 9778495
184482, 9774084
187026, 9775216
190550, 9782011
186624, 9774205
184995, 9782056
188706, 9772156
184698, 9778049
190288, 9775261
188676, 9777047
185070, 9780806
188366, 9774619
187639, 9778620
185055, 9779789
186081, 9775430
188718, 9780293
185772, 9772529
186416, 9781268
187278, 9774462
186847, 9775877
187514, 9776022
184390, 9772008
186349, 9775173
185750, 9777554
186473, 9776885
189675, 9776080
190183, 9781133
184491, 9775339
186207, 9779883
185976, 9780200
185842, 9781657
