# Actual number of control cameras to place = 39
172400, 9776145
172400, 9777036
172400, 9778632
172400, 9780597
172400, 9781539
172400, 9782652
172400, 9784517
172400, 9785842
172400, 9786440
172400, 9788728
172400, 9790157
172400, 9791608
172400, 9792037
175314, 9776145
175314, 9777036
175314, 9778632
175314, 9780597
175314, 9781539
175314, 9782652
175314, 9784517
175314, 9785842
175314, 9786440
175314, 9788728
175314, 9790157
175314, 9791608
175314, 9792037
178470, 9776145
178470, 9777036
178470, 9778632
178470, 9780597
178470, 9781539
178470, 9782652
178470, 9784517
178470, 9785842
178470, 9786440
178470, 9788728
178470, 9790157
178470, 9791608
178470, 9792037
