# Number of control cameras to place = 50 (includes 50 opportunistic sightings + 0 placed randomly)
183670, 9796922
188296, 9794361
187471, 9782979
186609, 9796364
188966, 9792908
187225, 9797333
178409, 9784284
182799, 9782503
182587, 9785641
180901, 9784323
184623, 9798554
189771, 9798910
190652, 9782175
186520, 9790885
181298, 9790731
177927, 9791297
188757, 9794839
183855, 9789365
190101, 9792498
178171, 9797480
189793, 9786928
188532, 9784759
185295, 9787177
188020, 9792540
182456, 9797808
183745, 9798154
186724, 9793356
190104, 9788399
183584, 9792455
179897, 9784048
183064, 9791187
187079, 9793740
187374, 9785436
182658, 9789541
186708, 9785828
180575, 9783164
184679, 9794877
179571, 9783079
190422, 9792955
178912, 9798883
189004, 9793786
186264, 9788492
184565, 9785857
185541, 9796818
182925, 9786235
186615, 9796670
186903, 9797056
186645, 9791753
186896, 9784067
189746, 9793839
