# Number of control cameras to place = 50 (includes 6 opportunistic sightings + 44 placed randomly)
178451, 9785859
178917, 9787008
177963, 9786578
178478, 9785909
177997, 9784832
178596, 9786616
180506, 9797050
181888, 9784634
188554, 9797768
189366, 9786815
187973, 9798877
184565, 9798250
190577, 9782370
177774, 9786582
186294, 9790576
187028, 9797213
185748, 9786604
186700, 9797879
187025, 9786083
183445, 9791108
180419, 9786142
180196, 9787436
182441, 9796598
183834, 9783707
187823, 9799067
184243, 9789895
184091, 9783964
178532, 9792311
188005, 9790466
179130, 9795876
181163, 9794597
187459, 9795515
184993, 9787571
179098, 9796473
182431, 9788298
185609, 9786212
186134, 9793766
179917, 9799004
183018, 9782922
189693, 9784401
186263, 9787603
189682, 9789315
185282, 9797685
187078, 9796254
183018, 9797174
185849, 9796244
180191, 9789612
187969, 9788625
178507, 9782698
190700, 9795561
