# Number of control cameras to place = 54 (includes 10 opportunistic sightings + 44 placed randomly)
178115, 9786216
174285, 9784042
173788, 9783119
171106, 9782218
174144, 9786455
173830, 9783003
172860, 9782279
174389, 9785951
171106, 9782218
173330, 9782302
173297, 9777338
179958, 9790135
177571, 9787627
179081, 9781558
177041, 9790841
177852, 9775537
172351, 9784630
176307, 9783147
175720, 9781152
173629, 9776623
179084, 9777835
172286, 9781475
176749, 9776615
176989, 9787898
177697, 9792370
176875, 9784290
175794, 9785083
174982, 9780389
175575, 9785998
171232, 9775822
178400, 9788370
175025, 9781010
180239, 9779117
176399, 9789296
179158, 9789384
171099, 9780087
177459, 9786534
174335, 9788868
174337, 9782650
179765, 9787131
180278, 9781885
173169, 9781097
173700, 9779664
174064, 9780732
172890, 9777059
176039, 9786239
176191, 9789530
179101, 9777696
178476, 9786925
172763, 9792353
178559, 9789279
178138, 9779443
177954, 9790662
179453, 9781824
