# Number of control cameras to place = 50 (includes 0 opportunistic sightings + 50 placed randomly)
185076, 9791000
179739, 9794078
189175, 9798207
182464, 9790892
183443, 9782674
185507, 9788517
185454, 9796602
184968, 9788327
180759, 9794688
187417, 9795003
185982, 9787148
186797, 9794716
180890, 9784710
186932, 9790891
189476, 9787048
180408, 9788507
189414, 9786767
186043, 9796199
180448, 9790999
181883, 9788103
181527, 9798211
185716, 9789203
187427, 9782146
184993, 9791074
182641, 9785328
177873, 9785644
188257, 9788137
179878, 9797341
180146, 9790372
184886, 9792315
189844, 9784736
185803, 9788562
183943, 9794806
184845, 9792121
181578, 9788455
178346, 9785305
186150, 9793882
186660, 9790952
188384, 9796702
185175, 9788171
183342, 9796598
188253, 9784657
188257, 9789924
190511, 9783307
186221, 9782736
186718, 9797332
181879, 9788930
185627, 9797153
187871, 9787450
188322, 9791230
