# Actual number of control cameras to place = 50
177834, 9782668
177834, 9784387
177834, 9785654
177834, 9788038
177834, 9789986
177834, 9792259
177834, 9793545
177834, 9795347
177834, 9797531
177834, 9798049
182489, 9782668
182489, 9784387
182489, 9785654
182489, 9788038
182489, 9789986
182489, 9792259
182489, 9793545
182489, 9795347
182489, 9797531
182489, 9798049
183588, 9782668
183588, 9784387
183588, 9785654
183588, 9788038
183588, 9789986
183588, 9792259
183588, 9793545
183588, 9795347
183588, 9797531
183588, 9798049
187058, 9782668
187058, 9784387
187058, 9785654
187058, 9788038
187058, 9789986
187058, 9792259
187058, 9793545
187058, 9795347
187058, 9797531
187058, 9798049
189990, 9782668
189990, 9784387
189990, 9785654
189990, 9788038
189990, 9789986
189990, 9792259
189990, 9793545
189990, 9795347
189990, 9797531
189990, 9798049
