# Number of control cameras to place = 54 (includes 7 opportunistic sightings + 47 placed randomly)
188556, 9779110
183328, 9788630
188882, 9778140
188582, 9779175
185632, 9787509
184204, 9791242
184437, 9786304
183708, 9780746
186613, 9787996
181139, 9786264
179453, 9771902
187044, 9783319
183455, 9777168
180479, 9775000
179985, 9795112
181752, 9794887
189640, 9786474
183255, 9783696
189869, 9791980
188118, 9777793
189949, 9788474
190323, 9788749
185423, 9778967
184695, 9793707
189834, 9782533
187853, 9772928
180038, 9789506
180770, 9792997
180833, 9789849
182530, 9790498
188465, 9790243
180584, 9774575
184794, 9788686
188478, 9783274
190479, 9772564
188004, 9790010
184572, 9772454
181771, 9780356
179703, 9787811
182675, 9789320
180282, 9779239
182058, 9774990
189040, 9775758
178068, 9773242
188778, 9787700
190658, 9777530
183452, 9782371
182101, 9788036
181320, 9790310
189180, 9775660
189210, 9788587
183411, 9783965
180104, 9792871
188430, 9783066
