# Actual number of control cameras to place = 50
178835, 9783075
178835, 9784759
178835, 9785940
178835, 9787437
178835, 9789337
178835, 9791246
178835, 9793260
178835, 9794862
178835, 9797278
178835, 9798027
182324, 9783075
182324, 9784759
182324, 9785940
182324, 9787437
182324, 9789337
182324, 9791246
182324, 9793260
182324, 9794862
182324, 9797278
182324, 9798027
185043, 9783075
185043, 9784759
185043, 9785940
185043, 9787437
185043, 9789337
185043, 9791246
185043, 9793260
185043, 9794862
185043, 9797278
185043, 9798027
185910, 9783075
185910, 9784759
185910, 9785940
185910, 9787437
185910, 9789337
185910, 9791246
185910, 9793260
185910, 9794862
185910, 9797278
185910, 9798027
190581, 9783075
190581, 9784759
190581, 9785940
190581, 9787437
190581, 9789337
190581, 9791246
190581, 9793260
190581, 9794862
190581, 9797278
190581, 9798027
