# Actual number of control cameras to place = 52
171497, 9776303
171497, 9776930
171497, 9778456
171497, 9780483
171497, 9780874
171497, 9782728
171497, 9784672
171497, 9785615
171497, 9787343
171497, 9788605
171497, 9790004
171497, 9791429
171497, 9792599
175415, 9776303
175415, 9776930
175415, 9778456
175415, 9780483
175415, 9780874
175415, 9782728
175415, 9784672
175415, 9785615
175415, 9787343
175415, 9788605
175415, 9790004
175415, 9791429
175415, 9792599
177597, 9776303
177597, 9776930
177597, 9778456
177597, 9780483
177597, 9780874
177597, 9782728
177597, 9784672
177597, 9785615
177597, 9787343
177597, 9788605
177597, 9790004
177597, 9791429
177597, 9792599
180008, 9776303
180008, 9776930
180008, 9778456
180008, 9780483
180008, 9780874
180008, 9782728
180008, 9784672
180008, 9785615
180008, 9787343
180008, 9788605
180008, 9790004
180008, 9791429
180008, 9792599
