# Number of control cameras to place = 50 (includes 50 opportunistic sightings + 0 placed randomly)
174884, 9778735
177322, 9785382
177138, 9778737
171884, 9783753
171016, 9779699
179404, 9775405
173261, 9780739
172857, 9788515
171123, 9778162
177834, 9781123
173347, 9790440
180149, 9777532
179378, 9785651
180145, 9781110
173347, 9785751
178557, 9784966
178332, 9791960
174761, 9778428
173889, 9792609
172845, 9791245
177080, 9779629
175530, 9778672
179306, 9779066
179105, 9790022
172335, 9789927
174519, 9776629
175143, 9792301
173220, 9790978
171899, 9778249
180371, 9791895
176176, 9789845
171636, 9785151
176548, 9790962
171243, 9781176
179964, 9785252
171347, 9775622
179398, 9777212
171547, 9791942
170977, 9777280
180007, 9790124
174905, 9776372
174260, 9791682
180006, 9788036
176069, 9783580
176851, 9780764
176089, 9782605
178335, 9791358
172214, 9776371
172048, 9778822
172609, 9784670
