# Number of control cameras to place = 50 (includes 50 opportunistic sightings + 0 placed randomly)
175160, 9789461
175632, 9777174
174483, 9778482
179709, 9778428
179463, 9787588
178891, 9777946
170877, 9775646
174276, 9779637
179862, 9791449
172439, 9788345
179246, 9776879
176095, 9776233
177513, 9785074
172454, 9781116
175568, 9788693
176060, 9790139
177919, 9784319
178805, 9776008
180096, 9789859
180316, 9782507
176456, 9778924
177155, 9782925
172500, 9785390
178434, 9792859
171346, 9791180
178153, 9780118
173152, 9783991
179589, 9777601
173743, 9791879
180287, 9783395
172698, 9780588
173664, 9790039
173758, 9783366
175138, 9791451
176786, 9785185
174984, 9792697
179732, 9783791
175501, 9784812
174436, 9784517
172383, 9778400
175395, 9790344
176097, 9779233
176883, 9783817
174700, 9792291
178386, 9790750
173562, 9777955
171774, 9781480
178278, 9781417
175497, 9786682
177237, 9776488
