# Number of control cameras to place = 54 (includes 54 opportunistic sightings + 0 placed randomly)
172201, 9791764
170963, 9776227
172800, 9791640
175859, 9783841
173300, 9787658
177650, 9779269
172586, 9791823
175753, 9776027
176619, 9779105
177022, 9787229
179092, 9778488
171334, 9788342
178196, 9780303
178854, 9778579
176669, 9776106
171879, 9777787
173049, 9789556
171107, 9778930
176575, 9785624
178209, 9779155
177429, 9778283
173916, 9788396
175369, 9778767
180182, 9779601
179643, 9784858
175094, 9787964
176796, 9781197
173789, 9776214
172566, 9789821
174559, 9779998
178755, 9786202
180269, 9776654
176427, 9777908
180282, 9790127
174780, 9784500
179227, 9791246
176147, 9792206
179911, 9792861
180256, 9783467
178621, 9791945
174861, 9788129
172684, 9777262
180357, 9777026
172797, 9787261
173733, 9779327
180004, 9781389
175501, 9783446
171542, 9788598
173234, 9793000
175409, 9778072
173068, 9786541
177039, 9777536
177433, 9790803
174881, 9777942
