# Number of control cameras to place = 50 (includes 50 opportunistic sightings + 0 placed randomly)
182851, 9794547
183095, 9792730
185616, 9784574
177864, 9787597
187423, 9785655
179494, 9788253
183827, 9790475
179879, 9784982
185740, 9798102
187337, 9783412
188841, 9794690
189444, 9798677
181917, 9791907
179752, 9799103
186742, 9794402
185743, 9797807
182517, 9798932
185660, 9795644
189333, 9796480
180677, 9796681
182546, 9785492
190454, 9794095
187258, 9788729
181898, 9793405
185531, 9797841
185280, 9795720
186034, 9798311
190416, 9797368
188457, 9783733
178704, 9785949
182596, 9785296
184060, 9793196
183232, 9796440
185194, 9782830
186109, 9791792
183294, 9785289
184589, 9790130
185584, 9787435
185172, 9793912
184227, 9792034
185831, 9791708
177896, 9788161
182074, 9797949
182294, 9789513
180961, 9789599
179870, 9798253
179480, 9786057
190102, 9797291
188629, 9794524
186532, 9790091
