# Number of control cameras to place = 50 (includes 0 opportunistic sightings + 50 placed randomly)
170995, 9784130
173071, 9783262
170955, 9784540
176729, 9787692
171555, 9777021
172244, 9782234
175160, 9786329
176516, 9788602
176168, 9788556
173167, 9778365
177445, 9777482
172507, 9782382
171939, 9780265
177600, 9781924
174943, 9785926
176091, 9777711
172300, 9778610
171140, 9788327
176605, 9787977
173884, 9779963
171636, 9784013
175738, 9787034
173972, 9786924
172799, 9786286
172146, 9788033
175685, 9780128
172953, 9781439
176260, 9784883
176890, 9777001
176730, 9777917
177244, 9782881
176826, 9778884
173279, 9781617
171045, 9787894
175646, 9788728
171711, 9783869
171335, 9787462
171511, 9784082
172394, 9787434
172765, 9786532
174413, 9784144
171685, 9786939
171128, 9777071
171697, 9779301
176533, 9782536
172426, 9785343
171977, 9778883
172853, 9787733
177125, 9782563
172000, 9786053
