# Actual number of control cameras to place = 50
179287, 9782974
179287, 9785011
179287, 9786285
179287, 9788525
179287, 9790563
179287, 9791726
179287, 9793205
179287, 9794577
179287, 9796486
179287, 9798269
180613, 9782974
180613, 9785011
180613, 9786285
180613, 9788525
180613, 9790563
180613, 9791726
180613, 9793205
180613, 9794577
180613, 9796486
180613, 9798269
184404, 9782974
184404, 9785011
184404, 9786285
184404, 9788525
184404, 9790563
184404, 9791726
184404, 9793205
184404, 9794577
184404, 9796486
184404, 9798269
187937, 9782974
187937, 9785011
187937, 9786285
187937, 9788525
187937, 9790563
187937, 9791726
187937, 9793205
187937, 9794577
187937, 9796486
187937, 9798269
190378, 9782974
190378, 9785011
190378, 9786285
190378, 9788525
190378, 9790563
190378, 9791726
190378, 9793205
190378, 9794577
190378, 9796486
190378, 9798269
