# Actual number of control cameras to place = 45
178892, 9782725
178892, 9785139
178892, 9786311
178892, 9788262
178892, 9791116
178892, 9793262
178892, 9794071
178892, 9797086
178892, 9798114
182267, 9782725
182267, 9785139
182267, 9786311
182267, 9788262
182267, 9791116
182267, 9793262
182267, 9794071
182267, 9797086
182267, 9798114
183280, 9782725
183280, 9785139
183280, 9786311
183280, 9788262
183280, 9791116
183280, 9793262
183280, 9794071
183280, 9797086
183280, 9798114
187722, 9782725
187722, 9785139
187722, 9786311
187722, 9788262
187722, 9791116
187722, 9793262
187722, 9794071
187722, 9797086
187722, 9798114
189780, 9782725
189780, 9785139
189780, 9786311
189780, 9788262
189780, 9791116
189780, 9793262
189780, 9794071
189780, 9797086
189780, 9798114
