# Actual number of control cameras to place = 50
178958, 9782835
178958, 9784095
178958, 9786321
178958, 9788777
178958, 9789235
178958, 9791333
178958, 9793772
178958, 9795303
178958, 9797040
178958, 9798427
180474, 9782835
180474, 9784095
180474, 9786321
180474, 9788777
180474, 9789235
180474, 9791333
180474, 9793772
180474, 9795303
180474, 9797040
180474, 9798427
184798, 9782835
184798, 9784095
184798, 9786321
184798, 9788777
184798, 9789235
184798, 9791333
184798, 9793772
184798, 9795303
184798, 9797040
184798, 9798427
187201, 9782835
187201, 9784095
187201, 9786321
187201, 9788777
187201, 9789235
187201, 9791333
187201, 9793772
187201, 9795303
187201, 9797040
187201, 9798427
190574, 9782835
190574, 9784095
190574, 9786321
190574, 9788777
190574, 9789235
190574, 9791333
190574, 9793772
190574, 9795303
190574, 9797040
190574, 9798427
