# Number of control cameras to place = 54 (includes 54 opportunistic sightings + 0 placed randomly)
182953, 9783090
177887, 9788857
182210, 9793058
190632, 9792727
183042, 9798984
187778, 9794422
186754, 9797617
178544, 9783317
180092, 9786872
179534, 9788699
180455, 9790531
188822, 9790604
182638, 9792473
189172, 9794890
181251, 9794278
180213, 9789849
187203, 9787749
185279, 9788564
183203, 9792086
181653, 9785295
178299, 9795151
190287, 9788877
188995, 9785880
180655, 9792611
188002, 9792549
188549, 9791151
182553, 9790601
187231, 9794679
186646, 9784214
178418, 9790111
186402, 9788599
186220, 9797690
187348, 9792373
188151, 9785992
186880, 9798576
190691, 9782978
188243, 9790311
185675, 9790542
184369, 9787574
185731, 9788391
188332, 9797350
178675, 9787095
187821, 9783836
181947, 9791340
179655, 9787832
187763, 9797767
178884, 9792620
185848, 9789418
187615, 9798514
183231, 9792239
185743, 9782103
184257, 9793677
185189, 9783679
184947, 9793504
