# Number of control cameras to place = 50 (includes 3 opportunistic sightings + 47 placed randomly)
185172, 9789179
185369, 9791678
185467, 9792356
187522, 9785290
182574, 9788704
181050, 9793741
187451, 9783472
189758, 9792673
187578, 9790735
184178, 9786458
186455, 9791144
178658, 9789936
179155, 9795285
190554, 9788467
184867, 9788402
186251, 9786344
190381, 9787114
182779, 9785875
178030, 9794196
183578, 9793340
178655, 9783437
188246, 9789114
181485, 9795005
189743, 9795298
177952, 9789730
189931, 9792728
183748, 9785207
187596, 9787220
179136, 9789612
179159, 9784124
181889, 9782792
180289, 9788400
181962, 9792392
178157, 9789338
189517, 9787385
189748, 9786279
187726, 9784763
185377, 9792959
184795, 9799272
189883, 9785139
178519, 9788205
179122, 9799063
181633, 9799209
187349, 9788545
185724, 9791656
189618, 9792921
186996, 9791836
178126, 9785387
180408, 9783806
188831, 9784094
