# Number of control cameras to place = 50 (includes 1 opportunistic sightings + 49 placed randomly)
185375, 9791761
185718, 9790025
182362, 9783046
184230, 9786110
187508, 9785856
182150, 9793517
178739, 9790753
178305, 9797821
189987, 9786906
185556, 9790754
181658, 9787022
181535, 9794612
180351, 9794244
180862, 9793601
184906, 9791252
178788, 9790198
183062, 9789702
183550, 9797025
178335, 9797599
187993, 9798652
180652, 9793482
184042, 9795550
188031, 9782539
180632, 9782666
186182, 9782388
181895, 9791507
189937, 9790333
179945, 9782781
185451, 9786719
188088, 9784074
186544, 9784898
189925, 9798303
179369, 9791975
178970, 9785382
184969, 9788697
186348, 9797791
186254, 9790709
186302, 9793610
187474, 9783716
180769, 9799253
180945, 9784402
187420, 9785299
184042, 9784578
179346, 9792322
190642, 9786080
185926, 9786256
183039, 9789056
185528, 9785042
187770, 9784791
180178, 9794047
