# Number of control cameras to place = 54 (includes 5 opportunistic sightings + 49 placed randomly)
185358, 9791676
185522, 9792503
185808, 9788569
184079, 9788448
183850, 9791390
178700, 9794455
183882, 9788226
178419, 9782720
185841, 9796890
184886, 9785548
181467, 9789221
179106, 9795144
189383, 9783761
181141, 9786367
184727, 9788060
184445, 9786409
182102, 9789700
187193, 9797780
180488, 9788633
179158, 9790230
184784, 9784507
186672, 9796295
190119, 9799248
179917, 9791400
185407, 9794738
189212, 9784719
179338, 9782118
184171, 9789234
182505, 9782366
189689, 9791977
177906, 9789107
185509, 9792752
186910, 9799295
180704, 9797976
189971, 9786041
179368, 9789376
182411, 9788792
184973, 9796094
181423, 9782729
182898, 9798892
180510, 9784981
187471, 9794726
178064, 9782287
188007, 9793694
181641, 9784796
190166, 9783970
181593, 9783481
183567, 9782186
187412, 9789984
178226, 9794189
185969, 9790740
186490, 9797735
187377, 9782233
178987, 9786935
