# Actual number of control cameras to place = 42
177888, 9772663
177888, 9774471
177888, 9776147
177888, 9778185
177888, 9779179
177888, 9781502
177888, 9782670
177888, 9785376
177888, 9787309
177888, 9787851
177888, 9790781
177888, 9792337
177888, 9793941
177888, 9795662
183997, 9772663
183997, 9774471
183997, 9776147
183997, 9778185
183997, 9779179
183997, 9781502
183997, 9782670
183997, 9785376
183997, 9787309
183997, 9787851
183997, 9790781
183997, 9792337
183997, 9793941
183997, 9795662
189489, 9772663
189489, 9774471
189489, 9776147
189489, 9778185
189489, 9779179
189489, 9781502
189489, 9782670
189489, 9785376
189489, 9787309
189489, 9787851
189489, 9790781
189489, 9792337
189489, 9793941
189489, 9795662
