# Number of control cameras to place = 54 (includes 9 opportunistic sightings + 45 placed randomly)
188569, 9779097
181631, 9791129
179845, 9792474
188712, 9776032
183164, 9789019
189435, 9779578
187002, 9777684
188280, 9778951
190425, 9777474
184160, 9781540
178445, 9792001
186171, 9794369
183411, 9786248
181959, 9780341
183495, 9791534
184388, 9789458
184103, 9794840
182273, 9784321
187059, 9775974
179862, 9774418
186708, 9778010
178085, 9778578
183554, 9779416
182067, 9795122
178289, 9792446
184961, 9786664
179821, 9793875
190661, 9791359
189266, 9790168
182327, 9786091
179259, 9789350
187459, 9793195
185925, 9794652
187686, 9791401
181420, 9782076
184381, 9792708
178151, 9776138
189013, 9772443
187647, 9791979
181959, 9779579
178418, 9786954
178905, 9782263
179614, 9774413
182879, 9775056
183614, 9789934
182844, 9780460
187951, 9784359
187276, 9790904
179337, 9785150
182305, 9781155
187394, 9786299
187597, 9783783
183687, 9774729
185166, 9784588
