# Actual number of control cameras to place = 50
177734, 9782607
177734, 9784221
177734, 9786980
177734, 9788630
177734, 9789391
177734, 9792105
177734, 9793261
177734, 9795126
177734, 9797317
177734, 9798468
182252, 9782607
182252, 9784221
182252, 9786980
182252, 9788630
182252, 9789391
182252, 9792105
182252, 9793261
182252, 9795126
182252, 9797317
182252, 9798468
184917, 9782607
184917, 9784221
184917, 9786980
184917, 9788630
184917, 9789391
184917, 9792105
184917, 9793261
184917, 9795126
184917, 9797317
184917, 9798468
187571, 9782607
187571, 9784221
187571, 9786980
187571, 9788630
187571, 9789391
187571, 9792105
187571, 9793261
187571, 9795126
187571, 9797317
187571, 9798468
189816, 9782607
189816, 9784221
189816, 9786980
189816, 9788630
189816, 9789391
189816, 9792105
189816, 9793261
189816, 9795126
189816, 9797317
189816, 9798468
