# Number of control cameras to place = 54 (includes 20 opportunistic sightings + 34 placed randomly)
183031, 9788745
183034, 9788753
188744, 9774518
180150, 9789332
186007, 9788066
183029, 9788744
188581, 9779189
183003, 9789058
183228, 9792466
185540, 9784761
183269, 9793251
183031, 9788747
183031, 9788748
180463, 9790358
179195, 9793344
190517, 9778668
183825, 9790060
185739, 9776338
183457, 9788587
183040, 9788751
178399, 9783745
186966, 9790546
186703, 9792890
180703, 9776747
183836, 9772885
178142, 9782637
180860, 9779385
179910, 9775901
181656, 9775998
183416, 9792197
186140, 9792340
187328, 9780617
181660, 9787939
183635, 9789507
180997, 9790011
182728, 9772393
188697, 9779075
187773, 9785432
181945, 9775449
190203, 9779580
187147, 9786815
184839, 9790765
188018, 9790874
187957, 9795651
190673, 9778622
181535, 9785976
182043, 9776860
184353, 9789537
182214, 9793982
189688, 9778640
188788, 9784449
182511, 9792252
183822, 9795619
189538, 9779523
