# Number of control cameras to place = 50 (includes 50 opportunistic sightings + 0 placed randomly)
182351, 9793997
188379, 9795855
187523, 9796828
184936, 9793945
183105, 9789537
187412, 9794784
184958, 9795433
181251, 9785045
179035, 9785532
182510, 9788541
186035, 9795866
181990, 9784582
189496, 9790535
182383, 9789094
187995, 9793848
182235, 9783572
182134, 9793014
187942, 9790182
182233, 9791794
180876, 9795038
185916, 9784855
187842, 9793349
182322, 9790643
190384, 9789794
187536, 9787473
183442, 9797518
180181, 9787087
184794, 9786236
181031, 9790661
177738, 9787317
179855, 9798541
190605, 9785423
181148, 9792705
179316, 9786027
186364, 9788165
182635, 9790650
181554, 9783335
187006, 9792578
188821, 9787334
187690, 9796132
188461, 9793991
184363, 9791290
190520, 9797106
184236, 9798379
185431, 9791399
179642, 9787519
186602, 9787858
183473, 9792685
184574, 9790786
182181, 9786759
