# Number of control cameras to place = 50 (includes 0 opportunistic sightings + 50 placed randomly)
187211, 9782533
182403, 9789993
182840, 9783307
190505, 9788970
184583, 9788799
185594, 9798941
179459, 9795986
190231, 9783064
186679, 9787799
182313, 9792367
178056, 9792218
179918, 9783769
185418, 9788826
178377, 9790451
190609, 9798499
187765, 9783695
181671, 9794155
184246, 9794763
188604, 9799245
184122, 9797260
177985, 9797463
182194, 9799004
183312, 9795475
183153, 9795783
184504, 9782665
178153, 9784837
178453, 9789424
184914, 9784501
184435, 9783021
188974, 9790268
185368, 9789861
187764, 9792786
189703, 9788071
179493, 9789480
185155, 9788224
180066, 9787226
190016, 9797387
181556, 9786642
186549, 9789215
183074, 9795256
181694, 9787498
188742, 9784935
187276, 9792128
186077, 9784373
186063, 9782240
189602, 9790817
180411, 9791894
184018, 9793208
188400, 9783568
182817, 9786097
