# Actual number of control cameras to place = 50
177808, 9783560
177808, 9785218
177808, 9786565
177808, 9787749
177808, 9789058
177808, 9792179
177808, 9793682
177808, 9794588
177808, 9796747
177808, 9799187
180877, 9783560
180877, 9785218
180877, 9786565
180877, 9787749
180877, 9789058
180877, 9792179
180877, 9793682
180877, 9794588
180877, 9796747
180877, 9799187
184370, 9783560
184370, 9785218
184370, 9786565
184370, 9787749
184370, 9789058
184370, 9792179
184370, 9793682
184370, 9794588
184370, 9796747
184370, 9799187
188060, 9783560
188060, 9785218
188060, 9786565
188060, 9787749
188060, 9789058
188060, 9792179
188060, 9793682
188060, 9794588
188060, 9796747
188060, 9799187
188705, 9783560
188705, 9785218
188705, 9786565
188705, 9787749
188705, 9789058
188705, 9792179
188705, 9793682
188705, 9794588
188705, 9796747
188705, 9799187
