# Actual number of control cameras to place = 50
179701, 9782370
179701, 9784114
179701, 9786209
179701, 9787537
179701, 9790353
179701, 9792220
179701, 9793073
179701, 9794640
179701, 9797271
179701, 9798632
180717, 9782370
180717, 9784114
180717, 9786209
180717, 9787537
180717, 9790353
180717, 9792220
180717, 9793073
180717, 9794640
180717, 9797271
180717, 9798632
183871, 9782370
183871, 9784114
183871, 9786209
183871, 9787537
183871, 9790353
183871, 9792220
183871, 9793073
183871, 9794640
183871, 9797271
183871, 9798632
187871, 9782370
187871, 9784114
187871, 9786209
187871, 9787537
187871, 9790353
187871, 9792220
187871, 9793073
187871, 9794640
187871, 9797271
187871, 9798632
189266, 9782370
189266, 9784114
189266, 9786209
189266, 9787537
189266, 9790353
189266, 9792220
189266, 9793073
189266, 9794640
189266, 9797271
189266, 9798632
