# Number of control cameras to place = 50 (includes 50 opportunistic sightings + 0 placed randomly)
190371, 9796227
178522, 9796708
183158, 9796710
187566, 9792337
178375, 9796169
188612, 9783407
188976, 9783713
180812, 9788853
184843, 9792336
189962, 9795271
185591, 9791325
182796, 9783825
180044, 9786508
185224, 9798452
189917, 9797967
189572, 9783394
180186, 9789196
178778, 9791507
177921, 9793642
187643, 9798727
185042, 9792171
182089, 9793116
189888, 9794183
187904, 9797755
183153, 9798348
185371, 9787026
184016, 9788969
183027, 9789757
188134, 9783682
178485, 9782481
188759, 9787925
188038, 9797734
187204, 9795782
182111, 9792047
178694, 9788295
186429, 9790936
188708, 9786866
186640, 9795393
183111, 9791425
178757, 9782886
189672, 9796396
183964, 9790897
178196, 9788610
190439, 9782994
185512, 9787659
177969, 9790897
178552, 9783555
187380, 9796783
180407, 9782491
186846, 9784156
