# Number of control cameras to place = 54 (includes 54 opportunistic sightings + 0 placed randomly)
184968, 9786779
190271, 9796518
183342, 9796851
179906, 9796893
177740, 9797895
185948, 9786916
185922, 9784897
183971, 9786571
185166, 9798245
184303, 9790201
188090, 9795750
189838, 9797127
184169, 9796742
189770, 9797403
184631, 9792797
186852, 9782601
180612, 9798045
187451, 9788013
184099, 9797183
179492, 9784844
179473, 9793642
185697, 9798264
178792, 9792169
181091, 9785249
178102, 9794078
180051, 9786923
187665, 9785210
188665, 9794407
184741, 9787942
179219, 9786655
189173, 9795224
184412, 9794402
188235, 9792107
181262, 9797796
181280, 9791260
190345, 9798946
187935, 9783052
184940, 9797977
183029, 9797290
182103, 9783389
190478, 9798414
183418, 9794409
189385, 9798866
178047, 9794521
184856, 9783170
188944, 9786275
186456, 9795281
181095, 9786988
181493, 9798006
184433, 9798839
178988, 9788860
190190, 9786071
183448, 9791895
184194, 9794056
