# Number of control cameras to place = 50 (includes 50 opportunistic sightings + 0 placed randomly)
187355, 9794096
189015, 9792668
185348, 9797541
178762, 9798367
182895, 9794578
185106, 9797244
178986, 9789329
188031, 9782179
182083, 9788188
188235, 9784601
179074, 9785086
184721, 9789181
184033, 9785581
183827, 9794429
182898, 9788063
180036, 9787161
181936, 9798931
187559, 9792819
178873, 9793300
183179, 9782573
180151, 9791939
189134, 9782358
179813, 9785464
181767, 9783395
188901, 9792757
185775, 9790307
187102, 9785994
186833, 9796306
179071, 9793540
184826, 9782529
177948, 9793519
182417, 9789643
188545, 9784470
184041, 9787445
179540, 9782677
189662, 9791969
182365, 9784570
189988, 9795089
190641, 9792298
186110, 9784088
179992, 9791709
178819, 9792455
182569, 9786486
180927, 9790535
181496, 9787312
185278, 9790339
178931, 9791108
185533, 9793918
189731, 9789921
178351, 9796912
