# Number of control cameras to place = 50 (includes 14 opportunistic sightings + 36 placed randomly)
180201, 9792220
184053, 9790347
181371, 9790364
185757, 9788340
185259, 9785862
183104, 9789665
183795, 9790604
182081, 9790033
184774, 9788202
181584, 9791507
182700, 9789409
185351, 9787700
180802, 9789769
180148, 9790283
186743, 9786670
189619, 9798874
187388, 9789915
179611, 9796739
187739, 9784840
187920, 9797549
181330, 9795807
182765, 9790180
189703, 9782427
180533, 9792979
187449, 9787379
190500, 9794457
190244, 9795206
181732, 9785473
180044, 9796009
178412, 9784427
184673, 9790442
184472, 9788265
187668, 9789229
183813, 9792963
183274, 9786812
185221, 9786640
178768, 9789834
183690, 9797132
185117, 9791628
190012, 9787351
178405, 9782220
189234, 9790881
185029, 9794218
184103, 9797540
187240, 9794572
185936, 9790204
185061, 9799096
178102, 9798125
181576, 9784697
183247, 9795378
