# Number of control cameras to place = 50 (includes 9 opportunistic sightings + 41 placed randomly)
185097, 9789378
185322, 9791008
185637, 9787463
183347, 9792686
179424, 9793476
184510, 9790078
185461, 9792381
185419, 9792386
185543, 9790035
184811, 9793709
189453, 9782237
178646, 9796054
183061, 9796979
187500, 9796108
177793, 9785740
180162, 9794122
182649, 9787134
180052, 9795961
189716, 9794228
183393, 9788353
184525, 9787546
190120, 9787230
188507, 9789369
186013, 9796379
185839, 9789583
182452, 9794977
178434, 9789996
185196, 9790272
185610, 9792190
189771, 9785623
180048, 9793884
184935, 9796907
185531, 9793056
184229, 9785851
190260, 9782910
184021, 9789150
179529, 9792339
179069, 9793522
184316, 9797166
178532, 9789398
181112, 9796911
190237, 9798958
183563, 9796523
186327, 9795296
184941, 9785195
187564, 9799127
185926, 9786251
186896, 9787061
184031, 9794455
189234, 9785215
