# Actual number of control cameras to place = 36
175878, 9774844
175878, 9775512
175878, 9776075
175878, 9777610
175878, 9778158
175878, 9779579
175878, 9780407
175878, 9780870
175878, 9781734
175878, 9783227
175878, 9783783
175878, 9785042
175878, 9785628
175878, 9786885
175878, 9787993
175878, 9788450
175878, 9789475
175878, 9790789
178174, 9774844
178174, 9775512
178174, 9776075
178174, 9777610
178174, 9778158
178174, 9779579
178174, 9780407
178174, 9780870
178174, 9781734
178174, 9783227
178174, 9783783
178174, 9785042
178174, 9785628
178174, 9786885
178174, 9787993
178174, 9788450
178174, 9789475
178174, 9790789
