# Actual number of control cameras to place = 48
174753, 9782010
174753, 9782718
174753, 9783656
174753, 9784972
174753, 9786049
174753, 9786623
174753, 9788138
174753, 9789151
174753, 9789532
174753, 9790646
174753, 9791506
174753, 9792970
175731, 9782010
175731, 9782718
175731, 9783656
175731, 9784972
175731, 9786049
175731, 9786623
175731, 9788138
175731, 9789151
175731, 9789532
175731, 9790646
175731, 9791506
175731, 9792970
177675, 9782010
177675, 9782718
177675, 9783656
177675, 9784972
177675, 9786049
177675, 9786623
177675, 9788138
177675, 9789151
177675, 9789532
177675, 9790646
177675, 9791506
177675, 9792970
179465, 9782010
179465, 9782718
179465, 9783656
179465, 9784972
179465, 9786049
179465, 9786623
179465, 9788138
179465, 9789151
179465, 9789532
179465, 9790646
179465, 9791506
179465, 9792970
