# Actual number of control cameras to place = 48
175414, 9782218
175414, 9782563
175414, 9783709
175414, 9785156
175414, 9786012
175414, 9787141
175414, 9787921
175414, 9788480
175414, 9789500
175414, 9790854
175414, 9791629
175414, 9792281
176724, 9782218
176724, 9782563
176724, 9783709
176724, 9785156
176724, 9786012
176724, 9787141
176724, 9787921
176724, 9788480
176724, 9789500
176724, 9790854
176724, 9791629
176724, 9792281
178031, 9782218
178031, 9782563
178031, 9783709
178031, 9785156
178031, 9786012
178031, 9787141
178031, 9787921
178031, 9788480
178031, 9789500
178031, 9790854
178031, 9791629
178031, 9792281
179388, 9782218
179388, 9782563
179388, 9783709
179388, 9785156
179388, 9786012
179388, 9787141
179388, 9787921
179388, 9788480
179388, 9789500
179388, 9790854
179388, 9791629
179388, 9792281
