# Actual number of control cameras to place = 60
174275, 9782135
174275, 9783062
174275, 9783647
174275, 9784558
174275, 9785630
174275, 9786575
174275, 9787495
174275, 9788528
174275, 9789812
174275, 9790521
174275, 9791602
174275, 9792981
175781, 9782135
175781, 9783062
175781, 9783647
175781, 9784558
175781, 9785630
175781, 9786575
175781, 9787495
175781, 9788528
175781, 9789812
175781, 9790521
175781, 9791602
175781, 9792981
177083, 9782135
177083, 9783062
177083, 9783647
177083, 9784558
177083, 9785630
177083, 9786575
177083, 9787495
177083, 9788528
177083, 9789812
177083, 9790521
177083, 9791602
177083, 9792981
178735, 9782135
178735, 9783062
178735, 9783647
178735, 9784558
178735, 9785630
178735, 9786575
178735, 9787495
178735, 9788528
178735, 9789812
178735, 9790521
178735, 9791602
178735, 9792981
179789, 9782135
179789, 9783062
179789, 9783647
179789, 9784558
179789, 9785630
179789, 9786575
179789, 9787495
179789, 9788528
179789, 9789812
179789, 9790521
179789, 9791602
179789, 9792981
