# Actual number of control cameras to place = 50
180031, 9783107
180031, 9783939
180031, 9785812
180031, 9787460
180031, 9789976
180031, 9791955
180031, 9793149
180031, 9795515
180031, 9797505
180031, 9797957
181175, 9783107
181175, 9783939
181175, 9785812
181175, 9787460
181175, 9789976
181175, 9791955
181175, 9793149
181175, 9795515
181175, 9797505
181175, 9797957
183371, 9783107
183371, 9783939
183371, 9785812
183371, 9787460
183371, 9789976
183371, 9791955
183371, 9793149
183371, 9795515
183371, 9797505
183371, 9797957
186747, 9783107
186747, 9783939
186747, 9785812
186747, 9787460
186747, 9789976
186747, 9791955
186747, 9793149
186747, 9795515
186747, 9797505
186747, 9797957
189008, 9783107
189008, 9783939
189008, 9785812
189008, 9787460
189008, 9789976
189008, 9791955
189008, 9793149
189008, 9795515
189008, 9797505
189008, 9797957
