# Number of control cameras to place = 50 (includes 50 opportunistic sightings + 0 placed randomly)
187107, 9788402
178711, 9782868
179426, 9784119
179241, 9789332
190124, 9788153
188675, 9792636
190484, 9784778
183947, 9796140
188150, 9787925
184619, 9783354
181558, 9787095
188706, 9793453
178879, 9785637
185023, 9794495
179874, 9793015
188262, 9790066
179273, 9795361
187612, 9798133
181368, 9788206
190026, 9796369
182292, 9791090
179219, 9788532
181107, 9785071
187706, 9783942
188959, 9784913
189352, 9792616
181985, 9789648
189138, 9798910
182633, 9790286
182506, 9784635
178815, 9791129
189076, 9786488
186703, 9785807
186458, 9788992
178906, 9783745
188680, 9792076
190591, 9784345
190456, 9792140
182904, 9793037
180786, 9789760
187332, 9795361
189840, 9783170
186408, 9787323
186006, 9788035
178220, 9794517
180278, 9786638
185627, 9799139
181055, 9799269
187843, 9797670
178218, 9792199
