# Number of control cameras to place = 50 (includes 50 opportunistic sightings + 0 placed randomly)
178816, 9792264
177946, 9786971
177746, 9787113
178769, 9782961
174994, 9781659
179834, 9786807
175026, 9790803
178748, 9786389
176839, 9787295
179592, 9789237
177798, 9788416
179284, 9787359
179747, 9788995
179213, 9781640
178895, 9786654
174997, 9782481
178613, 9789027
177861, 9786482
178902, 9782231
176610, 9791849
177893, 9789368
176044, 9782592
175255, 9784887
180398, 9786912
179554, 9782709
174296, 9791732
180167, 9791941
176847, 9784214
175794, 9788853
179650, 9784464
175163, 9786572
180018, 9782606
175069, 9792727
174385, 9788735
178725, 9786845
174785, 9785107
177219, 9791953
174120, 9789027
180156, 9783614
178507, 9791929
175584, 9786405
179211, 9791820
174560, 9786437
174913, 9782244
178581, 9786944
176380, 9785474
179892, 9790854
177768, 9792535
179109, 9786886
178603, 9783312
