# Number of control cameras to place = 54 (includes 54 opportunistic sightings + 0 placed randomly)
177436, 9788549
177289, 9782360
174828, 9786442
175328, 9789074
176405, 9790908
179221, 9789305
175822, 9787907
174597, 9786566
176624, 9789326
176429, 9787160
177431, 9784414
175116, 9782693
174269, 9789355
176371, 9788315
180458, 9785349
174615, 9787170
176860, 9791318
175597, 9790386
179482, 9786330
175350, 9784742
176050, 9781809
174802, 9788359
180296, 9789283
174731, 9783900
175530, 9789294
179565, 9789177
179583, 9791714
180074, 9785135
177200, 9792628
176579, 9784011
178461, 9782096
177265, 9785654
180356, 9785923
175067, 9792300
178899, 9784133
179877, 9781822
179546, 9786173
178352, 9790956
179748, 9784049
177510, 9784949
179128, 9787942
176683, 9781934
179551, 9783185
180483, 9787622
179618, 9785718
176199, 9788590
179490, 9786458
178341, 9783570
174267, 9787849
176979, 9787683
180289, 9785075
175283, 9783265
176011, 9789900
177036, 9781612
