# Number of control cameras to place = 54 (includes 54 opportunistic sightings + 0 placed randomly)
175708, 9784628
177444, 9785693
176330, 9791362
180256, 9781720
175327, 9789167
176671, 9786392
177499, 9787918
176510, 9792981
176755, 9787878
174088, 9784503
178000, 9789728
176567, 9783762
177584, 9782628
177192, 9784778
178196, 9785207
178455, 9783949
178451, 9787639
174383, 9791280
178679, 9782520
179391, 9786515
179028, 9782663
180475, 9789704
179560, 9787720
180104, 9784356
176008, 9789872
176570, 9790776
179887, 9784793
180078, 9787137
175302, 9783938
178326, 9785447
179566, 9786028
174306, 9793034
179751, 9792788
175696, 9792363
176815, 9789688
178629, 9787324
177890, 9782665
174386, 9786980
179899, 9784070
174680, 9781615
177333, 9785945
176595, 9789150
178794, 9791553
179474, 9790786
179464, 9784006
176841, 9790673
177807, 9787993
179010, 9783098
180204, 9785013
177032, 9787862
177497, 9792544
175080, 9790744
177767, 9790658
177553, 9785473
