# Number of control cameras to place = 50 (includes 50 opportunistic sightings + 0 placed randomly)
178471, 9790229
178117, 9792818
176958, 9792680
180488, 9786955
174344, 9792080
177107, 9784119
179594, 9783568
179982, 9790276
175936, 9786943
176240, 9787190
177527, 9790117
174564, 9792133
174938, 9784713
176354, 9782615
179959, 9789652
177195, 9786312
176907, 9792094
175756, 9791381
180405, 9785584
177116, 9787227
176943, 9787642
178429, 9789024
176713, 9786138
177648, 9784060
179863, 9782995
179811, 9782866
176836, 9784736
176028, 9790370
175935, 9787683
175226, 9783530
178413, 9788260
177081, 9790491
174431, 9786488
176392, 9784523
175067, 9783023
177020, 9788927
179929, 9792918
178203, 9785063
176030, 9788587
180161, 9786262
180429, 9786488
175249, 9791537
178626, 9791984
174757, 9789878
176291, 9789581
179355, 9783273
175364, 9786803
176971, 9786909
179400, 9787987
175037, 9782726
