# Number of control cameras to place = 50 (includes 50 opportunistic sightings + 0 placed randomly)
184713, 9790538
183253, 9789755
185920, 9794996
182121, 9791025
184171, 9798638
181974, 9794345
186237, 9795893
188220, 9795807
186509, 9786613
184667, 9797886
185283, 9795065
188381, 9782745
186154, 9792895
181116, 9794572
179746, 9790064
185644, 9784506
190566, 9789599
181128, 9797122
189245, 9784278
180988, 9790080
180884, 9787721
187644, 9782616
183848, 9784625
181910, 9784993
178553, 9791857
178842, 9790559
182651, 9787098
189398, 9797900
182840, 9786877
189451, 9792984
179854, 9791284
187096, 9782641
185119, 9787247
182547, 9797085
190406, 9796501
181314, 9787236
179428, 9799178
188711, 9791321
179336, 9792827
183863, 9783813
183688, 9782835
182595, 9794524
178162, 9796185
179729, 9796232
180453, 9795788
189859, 9785996
181211, 9793118
187007, 9796658
185281, 9794209
182363, 9785473
