# Number of control cameras to place = 50 (includes 50 opportunistic sightings + 0 placed randomly)
179923, 9786488
187068, 9785229
187458, 9787906
180096, 9790431
185684, 9787495
181420, 9791659
182026, 9796770
185263, 9783777
188374, 9795340
183240, 9787780
185293, 9792259
182182, 9787884
186675, 9794278
189594, 9786753
180068, 9787749
180499, 9793307
182452, 9794768
187512, 9798676
184970, 9797798
182900, 9796286
178601, 9796211
184904, 9799240
179316, 9785474
180845, 9793545
182785, 9784255
178996, 9787522
181291, 9787084
186193, 9787187
183311, 9794363
180767, 9796337
185781, 9793083
182628, 9790000
189417, 9797427
186156, 9784518
185548, 9791560
178664, 9796987
180716, 9782402
188361, 9785565
185139, 9794539
189387, 9783709
189143, 9786946
188291, 9785744
181254, 9792698
186393, 9792090
187625, 9792477
190681, 9783817
182632, 9797183
186599, 9788157
186419, 9782410
181609, 9789234
