# Number of control cameras to place = 50 (includes 5 opportunistic sightings + 45 placed randomly)
179220, 9782665
178602, 9782623
179027, 9783684
178707, 9782565
178975, 9783709
178938, 9784269
178804, 9782634
189604, 9798801
184285, 9797327
177816, 9782527
188972, 9793110
179190, 9792029
187537, 9788292
187412, 9784058
187571, 9788058
177941, 9798895
188206, 9798073
179775, 9791385
187860, 9793651
190610, 9782259
181658, 9787106
190619, 9784171
177931, 9784989
183890, 9798285
178366, 9786915
187153, 9788300
190183, 9782671
188171, 9786912
190424, 9789583
178624, 9785614
181778, 9791784
180217, 9792455
180374, 9783433
179048, 9786005
182442, 9786246
186380, 9797443
181377, 9784985
184890, 9795181
179569, 9792525
189873, 9789152
185807, 9785855
186242, 9785774
188419, 9792289
184534, 9796969
189408, 9797349
181952, 9786580
183374, 9795639
182828, 9790803
181724, 9795119
182043, 9789046
