# Number of control cameras to place = 54 (includes 2 opportunistic sightings + 52 placed randomly)
174654, 9784543
174970, 9785412
174438, 9790995
176188, 9784859
179404, 9792723
175692, 9789498
178559, 9784939
178532, 9783251
178225, 9786845
178961, 9785540
174326, 9781993
174569, 9792913
176127, 9783808
177263, 9784657
178632, 9787163
179048, 9787668
179875, 9792900
178924, 9788431
179831, 9785081
175637, 9785711
175161, 9787223
177339, 9786585
176329, 9788515
177926, 9789840
175785, 9786287
176925, 9786047
175972, 9787620
176736, 9786881
179375, 9791798
174460, 9791635
178992, 9789357
178258, 9786093
177395, 9785963
179000, 9782802
177301, 9791017
174352, 9783944
175918, 9785514
178883, 9786035
176366, 9785402
179175, 9784793
174661, 9788637
180349, 9782179
178816, 9789776
180278, 9782287
174127, 9782894
175249, 9791284
176089, 9787350
176802, 9792795
177869, 9792898
179391, 9788738
178223, 9788418
175798, 9783352
177211, 9787127
178605, 9791220
