# Number of control cameras to place = 50 (includes 18 opportunistic sightings + 32 placed randomly)
178512, 9782020
175573, 9784763
178309, 9782678
175573, 9784763
175892, 9784562
178111, 9784399
178112, 9783385
178111, 9784399
175573, 9784763
178501, 9783060
175573, 9784763
176681, 9782758
175573, 9784763
177918, 9782425
178130, 9783981
175884, 9783449
178115, 9783115
175573, 9784763
177190, 9788966
175613, 9790409
176113, 9788648
180466, 9788228
180403, 9781703
177606, 9791499
175336, 9792586
176436, 9790364
175277, 9792336
177641, 9788029
178025, 9782011
179438, 9789209
180180, 9790699
178776, 9786348
175360, 9781698
176877, 9792449
179323, 9782558
174148, 9788798
174748, 9787503
179662, 9788012
177442, 9788258
174634, 9784026
176312, 9791623
180169, 9782153
176627, 9789535
179397, 9786500
180449, 9789244
177296, 9781668
175411, 9784869
177750, 9791375
177329, 9782822
180229, 9786654
