# Number of control cameras to place = 50 (includes 8 opportunistic sightings + 42 placed randomly)
179976, 9785411
177794, 9787148
178857, 9787676
179306, 9787523
179910, 9785277
179443, 9787523
179138, 9787679
178579, 9787662
190137, 9785139
183240, 9793336
183696, 9794396
189770, 9794873
189033, 9782423
189707, 9787936
183004, 9783046
184964, 9787114
187859, 9797365
183906, 9795798
179899, 9784621
185491, 9790394
182858, 9797950
187601, 9788546
180793, 9794765
186568, 9789500
179565, 9799011
179109, 9796538
182845, 9791145
180394, 9798627
182034, 9786241
180922, 9794722
178124, 9787576
183337, 9790502
186009, 9789622
182405, 9790350
188702, 9790518
187296, 9797653
180373, 9782711
181309, 9782535
181475, 9791628
180895, 9783556
187157, 9788479
178522, 9784522
187675, 9787268
181990, 9788913
178456, 9790273
189052, 9783869
189585, 9794562
178091, 9795354
185235, 9784197
180452, 9790958
