# Number of control cameras to place = 50 (includes 18 opportunistic sightings + 32 placed randomly)
179303, 9783214
174402, 9786701
175573, 9784763
176330, 9786517
178003, 9786013
179119, 9783329
178466, 9784472
175297, 9784917
175455, 9785640
174756, 9785570
177099, 9787138
175102, 9785235
178542, 9784103
176247, 9786553
179288, 9784664
177737, 9786005
175078, 9784249
177287, 9786094
178961, 9790443
179807, 9789582
175976, 9785942
177352, 9789102
176926, 9791729
175304, 9789975
177853, 9790815
174167, 9789230
179884, 9787190
174652, 9789918
174912, 9784363
176688, 9788308
175907, 9789695
177047, 9789954
174755, 9781633
175214, 9791407
175351, 9792492
179602, 9788126
174859, 9783306
177648, 9783138
178213, 9792711
179406, 9784165
177722, 9782788
174369, 9784975
179376, 9782296
179649, 9784167
179224, 9785780
179615, 9788791
175459, 9783823
176581, 9790447
175235, 9786577
177552, 9788692
