# Number of control cameras to place = 50 (includes 50 opportunistic sightings + 0 placed randomly)
174166, 9786323
175060, 9784025
178944, 9787745
178937, 9777063
179584, 9788814
175232, 9789605
177986, 9790536
175793, 9777794
178038, 9789447
176571, 9774431
174573, 9784995
176769, 9781354
175797, 9789834
179677, 9781566
175812, 9790379
177130, 9775430
178670, 9777029
176095, 9775720
175176, 9779322
178117, 9786631
175755, 9783026
177627, 9789728
179016, 9779721
178977, 9788959
177995, 9787098
177555, 9782986
176497, 9790533
178175, 9776383
177463, 9785962
175154, 9787130
175361, 9777069
177198, 9782993
173847, 9788558
179782, 9781619
177064, 9783742
176987, 9788639
174895, 9777157
174881, 9786047
176761, 9786467
177041, 9780202
179112, 9788694
179281, 9781505
179748, 9778302
179979, 9784487
179699, 9784759
176446, 9784553
174580, 9775817
178760, 9789428
178035, 9781278
174909, 9778989
