# Number of control cameras to place = 54 (includes 1 opportunistic sightings + 53 placed randomly)
179390, 9783759
179611, 9789089
174356, 9780276
177125, 9784328
175826, 9786504
179178, 9784359
179176, 9781938
179727, 9785106
176052, 9777420
174944, 9790582
174421, 9785265
177293, 9781132
178205, 9781526
177681, 9777301
178509, 9778916
177373, 9777136
176711, 9786295
179241, 9790760
180082, 9778666
179440, 9789483
175260, 9775240
179555, 9781285
173792, 9775394
177363, 9774645
179519, 9790258
174963, 9785701
179789, 9776124
179211, 9782585
176036, 9787818
174734, 9786795
175084, 9777551
177385, 9786360
177541, 9790750
173923, 9782253
177151, 9775162
179170, 9785302
174920, 9782912
174915, 9777690
176233, 9789684
175785, 9785429
177671, 9788778
176521, 9780770
180147, 9784397
177780, 9776042
179886, 9781998
174661, 9775192
177290, 9785594
175981, 9782230
175797, 9789813
174488, 9777261
175425, 9778504
177616, 9777918
173997, 9774779
174217, 9785913
