# Actual number of control cameras to place = 60
174561, 9782218
174561, 9783237
174561, 9784125
174561, 9785233
174561, 9785539
174561, 9786905
174561, 9787584
174561, 9788392
174561, 9789820
174561, 9790527
174561, 9791746
174561, 9792974
176201, 9782218
176201, 9783237
176201, 9784125
176201, 9785233
176201, 9785539
176201, 9786905
176201, 9787584
176201, 9788392
176201, 9789820
176201, 9790527
176201, 9791746
176201, 9792974
177301, 9782218
177301, 9783237
177301, 9784125
177301, 9785233
177301, 9785539
177301, 9786905
177301, 9787584
177301, 9788392
177301, 9789820
177301, 9790527
177301, 9791746
177301, 9792974
178105, 9782218
178105, 9783237
178105, 9784125
178105, 9785233
178105, 9785539
178105, 9786905
178105, 9787584
178105, 9788392
178105, 9789820
178105, 9790527
178105, 9791746
178105, 9792974
180310, 9782218
180310, 9783237
180310, 9784125
180310, 9785233
180310, 9785539
180310, 9786905
180310, 9787584
180310, 9788392
180310, 9789820
180310, 9790527
180310, 9791746
180310, 9792974
