# Actual number of control cameras to place = 50
178888, 9783477
178888, 9784756
178888, 9786598
178888, 9788596
178888, 9789595
178888, 9791413
178888, 9792911
178888, 9794942
178888, 9796344
178888, 9798293
180666, 9783477
180666, 9784756
180666, 9786598
180666, 9788596
180666, 9789595
180666, 9791413
180666, 9792911
180666, 9794942
180666, 9796344
180666, 9798293
183497, 9783477
183497, 9784756
183497, 9786598
183497, 9788596
183497, 9789595
183497, 9791413
183497, 9792911
183497, 9794942
183497, 9796344
183497, 9798293
185951, 9783477
185951, 9784756
185951, 9786598
185951, 9788596
185951, 9789595
185951, 9791413
185951, 9792911
185951, 9794942
185951, 9796344
185951, 9798293
190662, 9783477
190662, 9784756
190662, 9786598
190662, 9788596
190662, 9789595
190662, 9791413
190662, 9792911
190662, 9794942
190662, 9796344
190662, 9798293
