# Actual number of control cameras to place = 50
178295, 9783475
178295, 9785358
178295, 9786538
178295, 9788460
178295, 9789088
178295, 9792267
178295, 9793237
178295, 9795642
178295, 9796706
178295, 9799076
181422, 9783475
181422, 9785358
181422, 9786538
181422, 9788460
181422, 9789088
181422, 9792267
181422, 9793237
181422, 9795642
181422, 9796706
181422, 9799076
185077, 9783475
185077, 9785358
185077, 9786538
185077, 9788460
185077, 9789088
185077, 9792267
185077, 9793237
185077, 9795642
185077, 9796706
185077, 9799076
186117, 9783475
186117, 9785358
186117, 9786538
186117, 9788460
186117, 9789088
186117, 9792267
186117, 9793237
186117, 9795642
186117, 9796706
186117, 9799076
188949, 9783475
188949, 9785358
188949, 9786538
188949, 9788460
188949, 9789088
188949, 9792267
188949, 9793237
188949, 9795642
188949, 9796706
188949, 9799076
