# Number of control cameras to place = 50 (includes 50 opportunistic sightings + 0 placed randomly)
179990, 9794809
188733, 9790786
190537, 9798598
181122, 9791584
180115, 9798099
181243, 9792155
177841, 9790431
183808, 9791380
180243, 9784935
177901, 9795937
182095, 9788274
179018, 9792936
178696, 9788030
181756, 9793886
188363, 9793531
178834, 9793938
189516, 9791764
182459, 9790593
189500, 9787925
177818, 9788534
189166, 9796584
178342, 9791836
182145, 9798307
186133, 9796714
180452, 9795310
184515, 9796366
190161, 9794967
184165, 9791876
189804, 9786117
186565, 9798846
186010, 9796276
178605, 9795416
187872, 9792261
189029, 9794885
181267, 9797390
185702, 9795778
185489, 9793638
180278, 9790069
177856, 9797244
185413, 9797001
186598, 9798944
178264, 9782981
186134, 9797233
188989, 9790503
189710, 9795847
178196, 9787017
179064, 9790703
189613, 9785546
186638, 9792269
183136, 9783899
