# Number of control cameras to place = 54 (includes 54 opportunistic sightings + 0 placed randomly)
174107, 9781801
174787, 9787285
175176, 9781862
177078, 9785916
174069, 9782299
179459, 9788829
177450, 9783168
177521, 9782515
177924, 9790677
174170, 9789880
180404, 9790903
178521, 9790112
176441, 9787757
177677, 9791789
177032, 9789354
179001, 9784484
174520, 9786960
176573, 9781855
177175, 9787979
175186, 9789529
174580, 9784964
177136, 9782458
177170, 9786621
177185, 9785708
179571, 9787993
177831, 9788725
175344, 9782058
179251, 9783211
179603, 9782877
178308, 9791919
175854, 9787486
174235, 9790939
176984, 9787074
179603, 9788665
177145, 9791857
174417, 9787049
175439, 9790631
175748, 9783194
180129, 9789210
179283, 9785744
174215, 9792709
177428, 9790331
177039, 9787580
175798, 9783931
180488, 9781814
175175, 9787700
180093, 9788141
175220, 9783830
175649, 9784177
177414, 9789104
178863, 9784364
177894, 9791496
174381, 9785303
176431, 9783271
