# Number of control cameras to place = 54 (includes 54 opportunistic sightings + 0 placed randomly)
177825, 9790287
179100, 9790109
180175, 9787689
180096, 9789194
176594, 9792650
177908, 9789837
176517, 9784124
179465, 9787168
176686, 9781648
176507, 9783228
178504, 9791757
178134, 9785429
178293, 9781956
176861, 9789095
175592, 9787336
174618, 9790981
179192, 9784793
178637, 9785061
175364, 9781626
179439, 9791447
176954, 9782021
177600, 9791843
178679, 9783285
177822, 9782518
177189, 9786919
180064, 9792579
176598, 9785461
178086, 9792670
180117, 9791048
179475, 9783168
179299, 9783226
176560, 9784740
178135, 9791642
179888, 9791370
174512, 9783535
175029, 9792840
175310, 9782136
178410, 9787393
176313, 9782297
175523, 9785684
177868, 9787779
179174, 9792807
175670, 9786441
177140, 9789172
176253, 9788862
179001, 9791694
178860, 9782444
177230, 9782312
175060, 9784327
176718, 9782052
179243, 9792059
176693, 9783462
174385, 9786321
179463, 9785038
