# Number of control cameras to place = 50 (includes 50 opportunistic sightings + 0 placed randomly)
178845, 9797800
178160, 9787028
177921, 9787040
183019, 9791427
185235, 9788301
188274, 9782550
179088, 9789848
184487, 9782958
186538, 9788275
187582, 9787113
187208, 9789739
182808, 9795182
186388, 9789805
190240, 9798157
180313, 9792546
180509, 9784076
187577, 9784487
179107, 9791846
185644, 9786133
183688, 9792500
183120, 9784729
179874, 9794844
187818, 9796354
182770, 9790811
180877, 9794393
188191, 9786121
188490, 9798249
180203, 9793505
181107, 9796752
190530, 9798778
188311, 9791174
180523, 9792885
184825, 9789797
183825, 9798949
183580, 9795540
184026, 9787270
189668, 9795744
182492, 9789649
183784, 9784766
190139, 9795537
178556, 9793513
188429, 9797549
188075, 9795677
183233, 9788141
183056, 9794692
182721, 9790980
182573, 9783140
179692, 9798251
183403, 9793652
183551, 9789242
