# Number of control cameras to place = 50 (includes 50 opportunistic sightings + 0 placed randomly)
181686, 9788528
190219, 9793335
188386, 9789319
185283, 9792738
180306, 9784032
183076, 9795164
187128, 9788115
177735, 9792310
184397, 9797739
179797, 9791376
183168, 9793795
190314, 9794089
180710, 9784412
189419, 9797488
181092, 9790211
180422, 9789884
187168, 9791138
184834, 9787286
179008, 9798629
183778, 9785170
184180, 9790315
181125, 9788442
186821, 9788430
184170, 9793005
182105, 9790378
183828, 9796065
186920, 9792863
179305, 9787437
182237, 9792123
190533, 9788232
183804, 9784775
189555, 9796444
179753, 9784039
187602, 9782920
189468, 9782149
186576, 9783623
182120, 9783641
179700, 9784177
188287, 9797634
183173, 9789048
178351, 9782531
184565, 9792699
177976, 9783557
185917, 9789583
187342, 9785021
186070, 9787749
181267, 9798099
179959, 9787341
186157, 9790026
185595, 9798232
