# Number of control cameras to place = 50 (includes 50 opportunistic sightings + 0 placed randomly)
179236, 9784646
174724, 9786269
176098, 9791100
174312, 9781964
179655, 9790335
177918, 9789730
179360, 9789160
174816, 9782638
177570, 9788612
176680, 9792846
176741, 9790218
179455, 9782630
176844, 9786643
178220, 9787242
175889, 9792080
177808, 9784191
178949, 9785081
179554, 9787904
179346, 9782446
176679, 9785817
177126, 9784674
176842, 9792226
175383, 9783650
176321, 9788968
174549, 9787386
180318, 9790864
176783, 9784138
179935, 9781907
179483, 9786432
174412, 9784094
176022, 9787696
179856, 9788883
174176, 9784407
174534, 9789811
174952, 9788928
176203, 9784137
179033, 9782527
176670, 9785037
179424, 9783854
180383, 9792646
176015, 9784001
174783, 9790971
179818, 9786729
180068, 9782036
174656, 9786855
174823, 9790469
174650, 9781922
177467, 9785460
176405, 9781750
178826, 9788164
