# Number of control cameras to place = 50 (includes 50 opportunistic sightings + 0 placed randomly)
175098, 9784691
177268, 9789654
174708, 9791311
175922, 9792221
174370, 9791790
176367, 9787440
179809, 9785454
178501, 9788647
175466, 9791294
174846, 9788847
174634, 9782451
180375, 9784749
177519, 9784909
179816, 9788554
175878, 9789378
178825, 9788340
178223, 9786920
180112, 9784032
176152, 9783314
174125, 9782365
180293, 9786945
174068, 9785499
180179, 9791046
179219, 9790165
174668, 9784011
174618, 9789222
179899, 9792744
179256, 9784364
179673, 9782246
176609, 9792678
175301, 9783516
177554, 9784269
179785, 9782609
179039, 9784851
180220, 9781902
180016, 9791529
179642, 9784430
175097, 9792514
176123, 9782375
174964, 9784830
178515, 9786450
177596, 9789489
177609, 9791596
175066, 9792074
178186, 9783807
175440, 9787275
179622, 9787342
177384, 9789523
175683, 9789796
175930, 9792438
