# Number of control cameras to place = 54 (includes 54 opportunistic sightings + 0 placed randomly)
176594, 9785581
180288, 9792768
175064, 9783236
176229, 9783504
175832, 9786232
175988, 9787450
177517, 9789216
179069, 9792371
176070, 9790027
180240, 9782601
177565, 9790662
177881, 9784926
179731, 9787463
179790, 9791526
175378, 9784390
176444, 9784806
175550, 9782282
179683, 9792534
174132, 9783780
177629, 9783661
177937, 9789313
179693, 9790471
179040, 9791638
176600, 9786157
176849, 9791802
180089, 9782240
175676, 9785763
174488, 9783376
174412, 9783903
178190, 9783283
175255, 9791663
175786, 9788748
179406, 9789441
178481, 9790896
180446, 9790590
179844, 9791109
175877, 9787163
175285, 9787807
175817, 9792934
179901, 9784807
180111, 9790305
177506, 9792110
175130, 9783384
174060, 9792548
174954, 9787102
177667, 9788051
175184, 9789914
174212, 9792491
176680, 9789380
178783, 9785763
174567, 9792692
180373, 9786909
176639, 9787185
177071, 9792001
