# Number of control cameras to place = 54 (includes 2 opportunistic sightings + 52 placed randomly)
175105, 9786060
179485, 9785851
179793, 9788118
179789, 9792576
179553, 9790547
180341, 9784398
175694, 9790581
175812, 9785314
179758, 9791639
177336, 9786898
177790, 9787929
180429, 9792947
178192, 9788399
175494, 9790047
176022, 9786770
180353, 9788526
174424, 9783581
176408, 9787793
175030, 9783528
179246, 9783661
178277, 9783635
178981, 9790891
178802, 9786726
178879, 9783560
175717, 9787330
175868, 9792050
176524, 9783351
174542, 9784202
179857, 9785294
176857, 9782087
178828, 9786339
178077, 9787804
175524, 9788279
176360, 9789216
178789, 9784755
179513, 9788559
178993, 9790643
177847, 9784693
180106, 9782743
177949, 9792503
179918, 9784298
178820, 9791865
175855, 9784915
176835, 9789168
180331, 9791588
175573, 9783877
175384, 9781976
180085, 9785850
180382, 9788209
180027, 9788262
179504, 9791944
175055, 9784609
177804, 9782302
174127, 9792877
