# Number of control cameras to place = 54 (includes 6 opportunistic sightings + 48 placed randomly)
178436, 9790396
176580, 9784995
174569, 9785430
175970, 9785021
176859, 9784497
178210, 9789931
174097, 9790653
176991, 9788097
179436, 9784133
179244, 9786338
176231, 9783768
178457, 9789769
179696, 9786229
177560, 9787371
178982, 9789516
179368, 9783652
179773, 9789326
177765, 9789232
174410, 9783819
175702, 9783501
178999, 9787886
179757, 9784388
175361, 9789422
178306, 9793038
180072, 9788134
178976, 9788224
176108, 9792354
179116, 9787267
179458, 9786568
179110, 9783301
175126, 9783021
177203, 9792030
176915, 9786826
175345, 9790332
174229, 9783756
174481, 9792358
180038, 9790705
179739, 9783906
179347, 9791158
175952, 9787544
174593, 9787961
178627, 9791133
175128, 9792957
179026, 9784671
176590, 9792783
175453, 9790483
174247, 9790892
179615, 9787146
177713, 9791395
177854, 9791847
176347, 9785768
174267, 9788223
174839, 9792861
174372, 9787172
