# Number of control cameras to place = 54 (includes 17 opportunistic sightings + 37 placed randomly)
176596, 9785924
176724, 9784263
176388, 9784894
178065, 9784199
177513, 9783769
176053, 9787424
176638, 9784805
176991, 9786926
178226, 9784289
178474, 9790498
177423, 9786575
176053, 9787424
175863, 9783361
178837, 9791124
176490, 9785034
177945, 9789302
179013, 9787045
178915, 9782158
179723, 9789315
179279, 9786059
180236, 9791458
178004, 9791659
178329, 9790340
175871, 9787012
174647, 9788430
179779, 9790441
180140, 9786505
179754, 9792227
178963, 9789968
178315, 9792615
177382, 9790317
175358, 9788334
177838, 9786600
177354, 9786068
177815, 9787193
179805, 9792346
177440, 9782334
175824, 9789991
176343, 9792484
177173, 9792752
180453, 9789893
180131, 9784467
178919, 9786173
178635, 9784399
178662, 9784951
178224, 9790006
178745, 9790304
176888, 9790645
178924, 9791483
176299, 9784107
179221, 9791452
178039, 9790720
174996, 9788327
174652, 9787371
