# Number of control cameras to place = 50 (includes 8 opportunistic sightings + 42 placed randomly)
178456, 9783731
177939, 9785014
178569, 9783735
178491, 9783717
178569, 9783735
179402, 9784043
179733, 9784019
178569, 9783735
190680, 9791652
188213, 9794155
180075, 9788707
184351, 9798446
187249, 9783394
187877, 9793501
185141, 9794706
190503, 9795941
190226, 9782816
177897, 9794242
182259, 9794912
188218, 9785448
187681, 9785405
182736, 9790001
178747, 9793449
190670, 9785547
181381, 9786810
179400, 9785894
186684, 9782209
184864, 9785526
188133, 9797057
181737, 9797482
188634, 9788645
183607, 9784256
179022, 9795689
180081, 9798945
184917, 9782381
188028, 9794579
184153, 9793014
189765, 9785215
187102, 9792020
181485, 9785834
182056, 9798386
182353, 9792118
190055, 9794530
185275, 9787800
183494, 9787672
183620, 9782744
187231, 9789317
183717, 9793468
185600, 9790038
178326, 9798920
