# Number of control cameras to place = 50 (includes 50 opportunistic sightings + 0 placed randomly)
187413, 9794424
184826, 9790910
185210, 9789742
189454, 9785531
178657, 9785374
183626, 9784119
182179, 9792183
189935, 9786154
183661, 9782163
181036, 9782366
183191, 9798822
184108, 9789454
183600, 9797220
177821, 9783995
186938, 9787311
190349, 9799138
187158, 9782971
185086, 9782110
184627, 9797708
186686, 9799080
189151, 9794690
187001, 9783798
179643, 9785635
178625, 9784671
186060, 9793060
189645, 9797797
187375, 9790378
183129, 9794951
187548, 9795029
182722, 9785144
184523, 9790404
188578, 9783321
185387, 9790784
188842, 9782118
179172, 9783819
181025, 9794762
183495, 9798604
179241, 9790683
190136, 9789344
181162, 9784060
182560, 9795021
181678, 9790370
183544, 9792651
190187, 9787676
185294, 9784480
181899, 9795670
187426, 9787218
186698, 9795964
186227, 9782537
186451, 9795366
