# Number of control cameras to place = 54 (includes 0 opportunistic sightings + 54 placed randomly)
183217, 9785435
186899, 9782776
185273, 9792141
178190, 9787127
184055, 9788083
187159, 9794930
181483, 9794067
188099, 9793490
183634, 9792439
180260, 9791291
178391, 9795346
185728, 9790204
180464, 9796735
183641, 9786826
187584, 9795380
190006, 9793529
187471, 9790850
181141, 9790908
185782, 9792397
189790, 9783199
186201, 9788329
184313, 9785119
179764, 9789481
187545, 9797327
185781, 9795060
189305, 9784769
185496, 9791846
188935, 9794189
183837, 9786743
185522, 9786629
179072, 9785179
189993, 9795407
189945, 9792229
184562, 9789274
190387, 9783361
178206, 9786500
184675, 9798934
189055, 9784080
187566, 9786673
189931, 9795170
181494, 9787849
187729, 9793903
179059, 9796710
179745, 9798393
178477, 9791990
186172, 9783998
181118, 9787381
181938, 9791840
179424, 9798360
180789, 9788626
180695, 9789224
189815, 9791697
180146, 9790388
189288, 9796135
