# Number of control cameras to place = 54 (includes 13 opportunistic sightings + 41 placed randomly)
185200, 9790525
183701, 9791043
186739, 9789717
185359, 9791454
179954, 9793516
185384, 9791761
185346, 9791451
182581, 9790271
187224, 9790168
183340, 9789195
185344, 9791468
184124, 9788861
183317, 9789257
178850, 9796381
187906, 9797477
179021, 9794463
190407, 9797970
187374, 9792105
183324, 9789684
188847, 9790266
186238, 9794527
187447, 9799095
180986, 9789995
188263, 9789088
179162, 9793054
184702, 9794234
187209, 9788468
178134, 9793447
184486, 9793453
179493, 9797570
182009, 9790270
185861, 9789577
180446, 9788936
184373, 9796768
188381, 9789120
187588, 9790689
181758, 9784188
188545, 9791109
181876, 9788775
181175, 9785276
179966, 9789181
187096, 9788829
183225, 9785282
177840, 9793164
185852, 9789833
179311, 9796652
180251, 9787284
185213, 9796632
182661, 9793481
185574, 9785802
190622, 9794832
190254, 9785620
188716, 9794004
178518, 9783070
