# Number of control cameras to place = 50 (includes 7 opportunistic sightings + 43 placed randomly)
182039, 9789603
183659, 9788821
182750, 9789215
182964, 9789091
185878, 9788055
182261, 9789728
181374, 9791885
177741, 9786223
182671, 9794001
182444, 9789553
177871, 9796440
181690, 9787298
181624, 9790344
185820, 9791647
177956, 9796298
190232, 9788439
179440, 9783872
184798, 9790042
181534, 9785255
181584, 9785425
180195, 9790567
179338, 9785568
186323, 9787491
188925, 9795179
189484, 9795371
186211, 9796387
184332, 9786128
178198, 9784286
187019, 9792381
179667, 9788318
181155, 9783823
185074, 9790994
188577, 9796543
184297, 9786307
184440, 9782862
179375, 9791909
180351, 9783491
185459, 9795131
186301, 9787928
189091, 9799037
186798, 9798723
178675, 9791392
182048, 9798204
182376, 9793252
179424, 9797543
187700, 9784134
179508, 9786011
188917, 9798460
186613, 9783965
182883, 9786094
