# Actual number of control cameras to place = 52
171311, 9775782
171311, 9777310
171311, 9778386
171311, 9780027
171311, 9781048
171311, 9783204
171311, 9783612
171311, 9785813
171311, 9787247
171311, 9788128
171311, 9789388
171311, 9790624
171311, 9792628
174074, 9775782
174074, 9777310
174074, 9778386
174074, 9780027
174074, 9781048
174074, 9783204
174074, 9783612
174074, 9785813
174074, 9787247
174074, 9788128
174074, 9789388
174074, 9790624
174074, 9792628
177848, 9775782
177848, 9777310
177848, 9778386
177848, 9780027
177848, 9781048
177848, 9783204
177848, 9783612
177848, 9785813
177848, 9787247
177848, 9788128
177848, 9789388
177848, 9790624
177848, 9792628
178258, 9775782
178258, 9777310
178258, 9778386
178258, 9780027
178258, 9781048
178258, 9783204
178258, 9783612
178258, 9785813
178258, 9787247
178258, 9788128
178258, 9789388
178258, 9790624
178258, 9792628
