# Actual number of control cameras to place = 50
179000, 9782890
179000, 9784232
179000, 9785761
179000, 9787998
179000, 9790225
179000, 9791049
179000, 9793855
179000, 9795602
179000, 9796940
179000, 9798552
181639, 9782890
181639, 9784232
181639, 9785761
181639, 9787998
181639, 9790225
181639, 9791049
181639, 9793855
181639, 9795602
181639, 9796940
181639, 9798552
185356, 9782890
185356, 9784232
185356, 9785761
185356, 9787998
185356, 9790225
185356, 9791049
185356, 9793855
185356, 9795602
185356, 9796940
185356, 9798552
187564, 9782890
187564, 9784232
187564, 9785761
187564, 9787998
187564, 9790225
187564, 9791049
187564, 9793855
187564, 9795602
187564, 9796940
187564, 9798552
190432, 9782890
190432, 9784232
190432, 9785761
190432, 9787998
190432, 9790225
190432, 9791049
190432, 9793855
190432, 9795602
190432, 9796940
190432, 9798552
