# Number of control cameras to place = 54 (includes 54 opportunistic sightings + 0 placed randomly)
174498, 9781455
179317, 9790447
174754, 9784360
179053, 9783733
173846, 9787583
171180, 9780684
170947, 9791593
178269, 9786668
175916, 9782974
172824, 9784722
172813, 9780250
172127, 9785350
178680, 9787165
174482, 9775647
174716, 9783564
173884, 9782384
177182, 9790360
171935, 9775588
175893, 9782571
172263, 9784852
179695, 9777042
176684, 9785562
180102, 9775905
173245, 9775686
173921, 9781403
178715, 9782964
171760, 9781769
172524, 9783575
173085, 9781079
172920, 9776168
174359, 9778767
179960, 9792446
173464, 9785342
171469, 9783956
177223, 9784488
177491, 9790003
175777, 9783136
174775, 9791178
171005, 9790833
179646, 9792059
175273, 9782840
177511, 9787256
174029, 9786967
177032, 9790499
178791, 9781777
177232, 9777278
179600, 9780536
180184, 9792538
172547, 9788254
179405, 9777444
177448, 9791594
174029, 9789487
179770, 9787375
179227, 9783957
