# Number of control cameras to place = 54 (includes 54 opportunistic sightings + 0 placed randomly)
174999, 9792947
176695, 9790006
174291, 9782552
177396, 9787821
174542, 9783078
179349, 9788452
178552, 9778421
176391, 9780516
180056, 9788023
178505, 9776746
179652, 9777489
174249, 9781947
173297, 9780470
172621, 9775592
180475, 9781481
179249, 9781091
179266, 9791631
177737, 9784396
179831, 9786820
172585, 9791823
171720, 9783600
171016, 9782343
174384, 9776673
174763, 9783871
173782, 9785257
175947, 9781109
171739, 9778957
176475, 9791842
176420, 9790171
172747, 9782576
172847, 9790217
171320, 9778114
179471, 9786894
172345, 9783539
172426, 9782511
176908, 9780665
171794, 9780886
171086, 9782647
174325, 9790124
177976, 9789601
176867, 9788143
174685, 9779631
171971, 9778501
171129, 9786795
173644, 9789095
179210, 9783670
174644, 9789908
175500, 9779157
177361, 9779019
176913, 9776553
172398, 9780278
178112, 9786339
172213, 9782344
177575, 9784351
