# Number of control cameras to place = 50 (includes 5 opportunistic sightings + 45 placed randomly)
178395, 9782075
178395, 9782075
180178, 9784784
180337, 9785008
171918, 9783872
178471, 9788966
175815, 9792653
180218, 9781853
172584, 9787781
172190, 9789284
177899, 9790466
178323, 9778844
171905, 9783131
175242, 9787319
171716, 9791832
175463, 9790024
175856, 9790481
175553, 9789980
173514, 9782609
179693, 9786769
171171, 9789448
174845, 9775580
174621, 9787732
179890, 9781559
176539, 9778169
171811, 9788600
171843, 9783750
178007, 9787133
177313, 9784045
178976, 9775912
174667, 9781328
175502, 9780242
177843, 9792058
172769, 9775388
171546, 9788704
171579, 9784922
173060, 9780140
172947, 9789637
178611, 9782175
172755, 9792921
173106, 9789698
178251, 9778122
173081, 9777777
178938, 9778715
172387, 9777098
171345, 9787342
175301, 9788113
177930, 9779876
179880, 9790798
179415, 9788530
