# Number of control cameras to place = 50 (includes 50 opportunistic sightings + 0 placed randomly)
174993, 9784199
171650, 9781522
173053, 9785003
171422, 9775764
176714, 9782287
174160, 9783250
174925, 9785974
176134, 9785692
178504, 9783082
174679, 9791265
174548, 9792692
180264, 9792256
172640, 9776402
177555, 9788064
172275, 9787280
171747, 9784494
172366, 9780743
172578, 9777862
172079, 9785642
177924, 9780503
177295, 9783524
179902, 9779662
177921, 9786981
177633, 9787810
175220, 9788094
178169, 9779892
175920, 9786600
179511, 9789751
173217, 9781374
173191, 9785215
171751, 9782664
180463, 9791712
173779, 9781403
172804, 9779503
179885, 9787535
172756, 9792009
177822, 9780749
177937, 9791917
177525, 9788839
177526, 9782090
172705, 9777882
177378, 9786542
178645, 9784736
172410, 9777198
177891, 9775812
171622, 9783700
174746, 9786684
171399, 9791925
174721, 9789124
177588, 9780153
