# Number of control cameras to place = 50 (includes 50 opportunistic sightings + 0 placed randomly)
177367, 9775728
179658, 9784815
177912, 9778099
178892, 9787951
177567, 9781215
177197, 9789945
177189, 9784822
173443, 9781283
174891, 9777239
173760, 9779364
174371, 9792778
174911, 9781458
176402, 9791950
180190, 9775978
174566, 9787348
172109, 9785588
179586, 9788837
173008, 9776509
177017, 9787059
175065, 9785454
178895, 9779956
175614, 9788244
170856, 9785691
171859, 9789393
174780, 9791986
177330, 9791639
173037, 9786739
172850, 9776739
173042, 9779280
172515, 9792306
177835, 9778857
179528, 9777196
180059, 9777130
171942, 9788414
180153, 9778434
175303, 9791271
176459, 9781430
173045, 9781535
170999, 9781385
177248, 9788596
176722, 9779850
171466, 9777009
175158, 9783298
178122, 9777843
173202, 9786211
180002, 9788375
177774, 9777019
173770, 9789417
170854, 9788012
179584, 9787026
