# Number of control cameras to place = 54 (includes 54 opportunistic sightings + 0 placed randomly)
173597, 9775904
174773, 9790446
172545, 9781962
175608, 9790299
171508, 9777462
171121, 9778755
179894, 9788131
176243, 9780503
171608, 9792734
173881, 9776918
180304, 9789474
179577, 9777938
179661, 9781783
171484, 9789824
178069, 9790702
171240, 9784311
177494, 9781290
176546, 9790597
171893, 9784310
176480, 9781981
171852, 9792266
175333, 9781133
175655, 9784379
172206, 9781238
179525, 9779253
178762, 9781653
180185, 9778664
173786, 9775747
178559, 9792958
175613, 9787444
176065, 9787637
179120, 9791581
174645, 9791169
177238, 9784167
171844, 9776181
176323, 9789973
172844, 9775895
177611, 9776948
180271, 9786691
172129, 9789267
171635, 9775886
179890, 9786543
173345, 9792523
175769, 9791653
176491, 9791315
171090, 9790958
172097, 9785639
173593, 9785450
172452, 9788645
171838, 9787556
176513, 9779388
175188, 9782430
175369, 9778503
172345, 9780429
