# Actual number of control cameras to place = 52
170928, 9775679
170928, 9777269
170928, 9778527
170928, 9779604
170928, 9781620
170928, 9782800
170928, 9784301
170928, 9785145
170928, 9786370
170928, 9788829
170928, 9789473
170928, 9791426
170928, 9792811
175242, 9775679
175242, 9777269
175242, 9778527
175242, 9779604
175242, 9781620
175242, 9782800
175242, 9784301
175242, 9785145
175242, 9786370
175242, 9788829
175242, 9789473
175242, 9791426
175242, 9792811
175880, 9775679
175880, 9777269
175880, 9778527
175880, 9779604
175880, 9781620
175880, 9782800
175880, 9784301
175880, 9785145
175880, 9786370
175880, 9788829
175880, 9789473
175880, 9791426
175880, 9792811
179796, 9775679
179796, 9777269
179796, 9778527
179796, 9779604
179796, 9781620
179796, 9782800
179796, 9784301
179796, 9785145
179796, 9786370
179796, 9788829
179796, 9789473
179796, 9791426
179796, 9792811
