# Actual number of control cameras to place = 39
171626, 9775726
171626, 9777845
171626, 9778616
171626, 9780598
171626, 9781112
171626, 9782840
171626, 9783830
171626, 9785587
171626, 9787028
171626, 9788783
171626, 9789913
171626, 9791480
171626, 9792888
176877, 9775726
176877, 9777845
176877, 9778616
176877, 9780598
176877, 9781112
176877, 9782840
176877, 9783830
176877, 9785587
176877, 9787028
176877, 9788783
176877, 9789913
176877, 9791480
176877, 9792888
179476, 9775726
179476, 9777845
179476, 9778616
179476, 9780598
179476, 9781112
179476, 9782840
179476, 9783830
179476, 9785587
179476, 9787028
179476, 9788783
179476, 9789913
179476, 9791480
179476, 9792888
