# Number of control cameras to place = 50 (includes 50 opportunistic sightings + 0 placed randomly)
175198, 9775854
179331, 9791686
172016, 9775808
178421, 9780292
175655, 9792785
175062, 9785082
175607, 9792987
178195, 9788284
179690, 9777179
173326, 9788370
173641, 9787629
177185, 9780497
176208, 9778932
172908, 9778385
176083, 9781545
175912, 9789332
179602, 9781462
179761, 9786911
173705, 9779365
172850, 9791253
175053, 9788287
179597, 9791933
177190, 9780862
173554, 9784765
178452, 9789788
177545, 9783307
173635, 9778137
178544, 9779592
171203, 9777901
172590, 9791747
174690, 9790824
178833, 9776462
173106, 9788336
172480, 9782479
175984, 9786364
177419, 9785182
178451, 9787182
180112, 9789277
172732, 9777636
175676, 9783949
179401, 9785996
171262, 9787026
171061, 9777322
172275, 9786687
179116, 9787624
173254, 9782716
171549, 9790671
177240, 9787013
179234, 9792168
172671, 9783944
