# Number of control cameras to place = 50 (includes 50 opportunistic sightings + 0 placed randomly)
188202, 9784677
178468, 9786799
184611, 9784923
182435, 9788513
190194, 9791089
179116, 9798714
183340, 9786692
180370, 9790751
185863, 9782838
180536, 9785522
183220, 9792858
187680, 9798112
179667, 9783924
185403, 9783935
185721, 9792654
181078, 9793718
189492, 9782678
179380, 9794532
181077, 9788615
182532, 9798785
185237, 9796786
180455, 9788547
180213, 9789462
184323, 9785514
182370, 9787739
180977, 9791058
181019, 9795004
181189, 9791902
183529, 9794278
186213, 9797732
187131, 9798023
189355, 9783513
189926, 9794275
190002, 9792322
189035, 9787760
178154, 9784333
180709, 9788264
189127, 9796760
186422, 9791350
180965, 9787816
186844, 9797879
185843, 9791574
187150, 9785354
177986, 9795252
182596, 9785723
183346, 9798291
179190, 9788247
179320, 9788930
185261, 9792872
186197, 9785090
