# Number of control cameras to place = 50 (includes 2 opportunistic sightings + 48 placed randomly)
179175, 9784597
177811, 9785074
185591, 9790555
188297, 9789687
188715, 9785941
183117, 9796839
190207, 9784310
189421, 9785269
184806, 9796029
189952, 9790013
184678, 9798365
182841, 9782697
189921, 9798342
181283, 9783936
187999, 9798288
186807, 9783835
178326, 9787201
182874, 9782357
178460, 9788953
189677, 9783835
189919, 9783368
188715, 9797769
183436, 9787192
180878, 9796298
188823, 9791531
186090, 9796490
180411, 9788137
180125, 9797624
185472, 9786358
186478, 9782184
186578, 9797312
179018, 9791574
183699, 9793805
180436, 9794377
178100, 9799293
179297, 9791342
187501, 9783195
179181, 9793295
182277, 9792738
184392, 9786553
186085, 9785709
189348, 9784065
183034, 9791314
183027, 9797602
179465, 9792300
188156, 9790192
183388, 9792585
182623, 9798928
179947, 9783344
179103, 9797129
